500 2
1 1 152
2 2 905
3 2 233
4 2 932
5 2 527
6 2 293
7 1 313
8 2 970
9 1 498
10 2 790
11 1 347
12 2 458
13 1 53
14 2 829
15 1 122
16 2 762
17 2 444
18 1 44
19 1 170
20 1 54
21 2 450
22 1 996
23 1 89
24 1 343
25 1 419
26 2 368
27 1 922
28 2 369
29 1 617
30 1 755
31 2 404
32 1 638
33 1 854
34 2 971
35 1 464
36 2 750
37 2 836
38 1 372
39 2 372
40 2 614
41 2 991
42 2 227
43 2 367
44 2 917
45 1 903
46 2 337
47 1 339
48 1 348
49 1 111
50 1 570
51 1 581
52 1 324
53 1 952
54 2 428
55 2 457
56 2 277
57 1 839
58 2 151
59 1 750
60 2 575
61 2 867
62 1 56
63 2 475
64 2 219
65 1 562
66 2 439
67 2 847
68 2 641
69 1 48
70 2 402
71 1 833
72 2 138
73 1 188
74 2 634
75 2 130
76 2 654
77 2 652
78 1 146
79 2 208
80 1 688
81 1 513
82 1 543
83 2 98
84 1 631
85 1 839
86 2 493
87 2 318
88 2 777
89 2 997
90 1 293
91 2 623
92 1 293
93 2 483
94 1 121
95 1 453
96 2 125
97 1 280
98 2 211
99 2 495
100 2 537
101 1 820
102 2 363
103 1 821
104 2 566
105 2 155
106 2 919
107 1 195
108 2 82
109 1 936
110 2 806
111 1 174
112 2 537
113 1 766
114 1 882
115 1 854
116 1 481
117 1 430
118 1 196
119 2 834
120 1 446
121 1 621
122 2 455
123 2 228
124 2 788
125 2 404
126 2 715
127 1 518
128 1 506
129 1 137
130 1 715
131 2 630
132 2 641
133 2 467
134 2 276
135 1 254
136 1 821
137 1 385
138 1 388
139 2 379
140 2 461
141 2 379
142 1 544
143 1 617
144 2 452
145 2 878
146 2 474
147 2 228
148 2 707
149 1 694
150 1 537
151 2 509
152 2 476
153 2 700
154 2 760
155 2 11
156 2 575
157 1 303
158 2 239
159 1 45
160 2 256
161 2 282
162 1 868
163 1 491
164 1 56
165 2 452
166 1 675
167 2 590
168 1 289
169 2 686
170 1 252
171 1 178
172 1 504
173 2 590
174 1 981
175 1 573
176 1 146
177 2 643
178 2 243
179 2 919
180 1 565
181 1 217
182 1 437
183 2 158
184 2 375
185 1 108
186 2 803
187 2 613
188 2 886
189 2 310
190 2 864
191 1 845
192 2 688
193 2 498
194 2 257
195 1 545
196 1 869
197 2 804
198 1 123
199 2 758
200 2 877
201 2 916
202 2 606
203 2 111
204 1 839
205 2 320
206 1 883
207 1 293
208 1 945
209 2 935
210 2 207
211 1 807
212 2 168
213 1 536
214 1 445
215 1 862
216 2 184
217 1 699
218 2 782
219 2 58
220 2 398
221 1 529
222 1 153
223 1 559
224 1 543
225 1 647
226 1 677
227 2 841
228 1 213
229 1 441
230 1 792
231 1 475
232 1 122
233 1 489
234 1 511
235 1 422
236 2 639
237 1 320
238 1 327
239 1 61
240 1 229
241 2 509
242 2 30
243 2 223
244 1 814
245 2 457
246 1 173
247 2 222
248 1 354
249 1 211
250 2 835
251 2 221
252 1 85
253 1 311
254 1 284
255 1 842
256 1 575
257 1 477
258 2 472
259 1 856
260 1 307
261 1 509
262 2 349
263 2 642
264 1 844
265 2 578
266 2 697
267 2 326
268 1 71
269 1 572
270 1 656
271 1 50
272 2 610
273 1 170
274 2 163
275 1 432
276 2 495
277 2 424
278 2 430
279 2 441
280 2 445
281 1 643
282 2 610
283 1 602
284 1 960
285 1 370
286 1 827
287 2 151
288 2 770
289 2 753
290 2 873
291 1 325
292 2 703
293 1 489
294 1 571
295 2 816
296 1 472
297 2 177
298 1 321
299 2 841
300 1 456
301 1 942
302 2 236
303 1 973
304 2 769
305 2 462
306 1 412
307 1 32
308 2 832
309 1 725
310 2 51
311 1 362
312 1 124
313 1 196
314 1 905
315 1 590
316 1 743
317 2 566
318 1 367
319 2 10
320 2 642
321 2 417
322 1 558
323 1 939
324 1 918
325 1 80
326 1 655
327 2 881
328 2 151
329 1 114
330 2 876
331 2 65
332 2 22
333 1 992
334 2 223
335 1 476
336 2 822
337 2 264
338 2 545
339 2 470
340 1 596
341 1 704
342 1 373
343 1 94
344 2 877
345 2 151
346 1 26
347 1 264
348 2 334
349 2 67
350 1 337
351 2 264
352 2 292
353 2 919
354 1 604
355 2 940
356 1 672
357 2 174
358 2 676
359 2 639
360 2 837
361 2 44
362 1 359
363 1 795
364 2 960
365 2 784
366 1 968
367 2 512
368 1 960
369 2 763
370 2 163
371 1 662
372 1 24
373 2 574
374 1 119
375 2 477
376 1 924
377 1 592
378 1 205
379 1 345
380 1 890
381 1 200
382 2 393
383 1 589
384 2 154
385 2 510
386 1 119
387 2 684
388 2 715
389 2 781
390 2 355
391 1 599
392 2 896
393 2 653
394 1 457
395 2 761
396 1 423
397 2 222
398 1 439
399 2 91
400 1 417
401 2 630
402 1 427
403 2 716
404 2 161
405 1 442
406 2 203
407 2 726
408 2 158
409 1 421
410 1 277
411 2 834
412 2 921
413 1 331
414 2 561
415 1 405
416 1 467
417 2 194
418 2 202
419 1 608
420 1 422
421 1 26
422 1 216
423 2 992
424 1 57
425 1 27
426 1 806
427 2 47
428 1 20
429 2 32
430 2 278
431 1 955
432 1 465
433 1 288
434 2 499
435 2 366
436 2 795
437 1 598
438 2 869
439 1 361
440 1 526
441 2 678
442 1 454
443 2 255
444 1 193
445 1 608
446 2 444
447 2 826
448 2 72
449 1 210
450 2 797
451 1 620
452 2 151
453 1 445
454 2 69
455 2 431
456 1 985
457 1 775
458 1 870
459 1 199
460 2 62
461 1 507
462 1 377
463 2 941
464 1 732
465 2 789
466 1 615
467 2 436
468 1 122
469 2 103
470 1 943
471 1 885
472 2 980
473 1 859
474 1 985
475 1 996
476 1 923
477 2 121
478 1 529
479 1 173
480 1 644
481 2 181
482 2 418
483 2 54
484 2 980
485 2 988
486 1 497
487 1 56
488 2 413
489 1 158
490 2 539
491 2 930
492 1 485
493 2 407
494 2 930
495 2 751
496 2 269
497 2 121
498 1 318
499 1 835
500 2 741
1 433 98
2 456 82
1 1 175
2 1 490
3 1 440 149 184
4 1 497 340 342 276
5 2 33 276 479 136 319
6 1 489
7 1 168 186 240 117
8 2 84 348 186 408
9 1 479 68 444 179 25
10 2 298 280 461
11 2 212 267
12 2 439 228
13 2 356 399 111
14 1 223 306
15 2 338 290 71 261 28
16 1 171
17 1 353 275
18 2 340 224 338 383
19 2 43 55
20 1 199 170 103 131 129
21 2 197
22 1 111
23 2 356 200 115 259
24 2 170 14 279 385 496
25 2 246 457
26 1 421 266
27 2 381
28 2 464 378
29 1 176 35 58 489 457
30 2 21 60 236
31 1 310 307 323
32 1 474 309 253 124 170
33 1 25 157 208
34 1 11 17 405
35 1 443
36 1 300 422 109 163
37 1 262 421 451 334
38 2 344 168 270
39 1 82
40 2 54 122 101 297
41 2 53 330 256
42 2 316 206 457 293 133
43 1 414 327 307 97
44 2 114 3
45 1 34 62
46 1 493 460 429
47 2 291 224 335 118
48 1 191 366
49 1 383
50 2 418 435 140
51 2 77 220 365 152 164
52 1 36 302
53 1 161 176 3
54 2 322 386 16
55 2 355 495 90 255 15
56 2 493 462 469 223 215
57 1 434 115 373 409
58 2 446 109 40 178 180
59 1 407
60 1 411 101 498 466 300
61 2 41
62 2 119 169 438
63 2 413 31
64 1 278 277
65 2 252
66 1 35 360 28
67 2 176 39 436 454 298
68 1 268 439 468
69 2 442 230 446 115 267
70 1 161 398 78 326 221
71 1 471 319
72 1 6
73 1 187 294 297 371 298
74 1 220 390 321 289
75 1 282 321 137 17
76 2 405 457 125 158 168
77 2 35 39 498 304
78 1 103 386
79 2 70 278 330 231
80 1 472 132 189 165
81 1 195
82 2 198 355 491 385
83 2 280
84 1 270 269 440
85 2 186 157 305
86 2 237 468 251 481 204
87 2 440 405 242 437 322
88 1 85 92 48 363
89 2 62
90 2 325 305
91 1 335
92 2 170 459 397
93 1 177
94 1 329 403 191 30 410
95 2 495 150 419 60
96 2 20 420 55 87 320
97 1 307 188
98 2 137 490 289
99 1 256 156 440 94
100 1 308 265
101 1 87 133 451
102 1 403 457 358
103 2 166 229 144
104 1 132 413
105 2 447 101 198 307 409
106 1 276 454 265
107 2 497 156 466
108 1 192 175 460 45
109 1 278 428 2 142
110 1 451 246
111 1 439
112 2 476 283
113 2 245 365 177
114 2 315 465
115 2 129
116 2 257 210
117 1 447
118 2 494 157 222 418
119 2 481
120 1 472 74 329
121 2 452
122 2 13 382
123 1 261 297
124 1 366
125 2 125 399 387 181 393
126 2 120 65 434
127 2 98
128 2 376 188 478 163 233
129 1 48 386
130 2 340 129
131 2 235 421
132 1 268 479 334 167 161
133 2 107 29 46 252
134 1 85
135 1 266 115 38
136 2 110 445 155 72
137 1 100 499
138 1 139
139 2 101 386 499 271 137
140 1 151 295 138 250 433
141 2 25
142 1 289 390 233 317
143 2 471 152 110 333
144 1 331 483
145 1 247 178 16 327
146 1 24 287 474 408
147 2 364 44 294 42 19
148 2 237
149 2 290
150 1 418
151 2 217
152 1 200 350 67 278 172
153 2 491 261 416 291 472
154 2 443 261 341
155 2 341
156 2 212
157 2 206 138 489 279 460
158 2 313 103 157 322
159 1 95
160 1 457 20
161 1 262 490 408
162 1 7 112
163 1 134
164 2 131 163 314
165 2 386
166 2 241 492
167 1 225
168 2 173 492 138 221
169 2 12 64 412
170 2 163 443 75 306 58
171 1 193
172 2 322 22 49
173 2 73 338
174 2 107 16 37 365
175 2 479
176 1 358
177 2 477
178 2 236 295 210 58
179 1 253
180 2 205
181 2 200
182 1 357 323
183 2 117
184 2 398 253 46 45
185 1 30 132 334 317 271
186 2 489 285 33 57
187 2 479 122
188 2 299 306 345 293
189 1 270
190 1 429 476 459
191 2 40 88 499 59 259
192 1 495 120
193 1 201 469
194 1 427 269 419 2
195 2 218
196 2 355 488 221 184 62
197 2 478 351 243 377
198 2 52 84
199 2 376 158 134
200 1 411 337 113
201 1 467 197 216
202 1 357 419 57 153 491
203 2 51 497 412 107
204 2 53 191 37 77 206
205 1 246 88 431 106 487
206 1 154 397 236 19 277
207 2 148 289
208 1 173
209 1 60 147 310 175
210 2 319 496 114
211 2 131 304 167 57 60
212 1 129 431 275 194 234
213 2 125 24 296 260
214 1 357 296
215 2 377
216 1 199
217 2 151 73 196 216 98
218 2 266 471 410 278
219 1 61
220 1 167 62 154 482
221 1 256
222 1 469
223 2 160
224 1 482
225 2 286 224 115 371 181
226 1 109 286 401 160
227 1 500 170 414
228 2 301
229 1 161 88 401
230 2 491
231 1 395 39
232 2 339 33
233 2 493 72 105 413
234 1 191 249
235 2 428
236 1 175 236 106 89
237 2 241 60 220 435
238 1 113 28 52 78
239 2 50 162 420 89 94
240 2 446 300 276 171
241 2 474 88 166 54
242 1 430
243 2 256 232
244 2 367 241 399
245 1 373 156
246 1 232 79 85 256 193
247 1 25 99 110 15 49
248 1 160 30 251 439 82
249 1 236
250 1 493
251 2 150 452 221
252 2 411 378
253 1 347 339
254 2 270 431 93 171
255 2 124 186 435
256 1 264
257 1 102 284 173 398
258 1 170 333 196 234
259 1 271 485 174
260 1 219 319 171 205
261 1 221 73 360 64
262 1 324
263 1 233
264 1 264 58 433
265 1 430
266 2 12
267 2 422 360
268 1 286 361 230 426
269 1 262 151 317
270 2 394 358
271 1 260
272 1 399 122 265 486 264
273 2 293 182 489
274 2 327 5 35 404
275 1 356 375 268 497
276 1 144 457
277 1 296 280 218 128
278 1 54
279 2 439 310 446 246 320
280 2 69 152 50 283
281 1 496 156 54
282 2 105 278
283 1 273
284 2 330 100 320 477
285 2 315 312 301 253 332
286 1 426 486 440 362
287 1 178 185
288 2 384 470
289 1 324
290 2 353 373 88
291 1 14 443 437 180 163
292 2 410 50
293 1 354 397 350 51
294 2 6 333
295 2 10 475
296 1 385
297 1 29
298 2 62 389 498 491 398
299 2 347 358 313 141 403
300 1 329 458 150
301 1 325
302 2 431
303 2 411 2
304 1 411 426 485 155
305 1 442 115 167
306 2 292 341 296
307 1 62 351 42 285
308 2 363 266 437 465 364
309 2 72 275 492
310 2 127 324
311 2 430
312 1 452 30
313 1 176
314 1 74 157 430
315 2 482 429 249
316 2 164 191 158 463
317 1 406 436 341 189
318 1 296
319 2 394 221 209 370 239
320 2 275 453 455 340
321 1 122 471 482 363 398
322 2 35 301 426 236 123
323 1 450 473 93 442
324 1 20 1 257 205
325 1 365 106 402 150 500
326 2 283 235 394 149
327 2 15 440
328 2 449 263
329 1 96
330 1 235 330
331 2 384 20 246 291 97
332 1 407 143 277
333 2 491 305
334 1 137 344 313 176
335 1 36 444 53 281 66
336 1 267 425 340
337 2 8 42 345
338 1 103 107 492 115 366
339 1 440 457 133 335
340 1 249 32 128 320 45
341 1 458 161 138 258
342 2 450
343 2 129 219 149
344 1 271 126 140 55 404
345 2 156
346 1 261 176 107 356 173
347 1 105 267 18 21
348 1 404 498
349 1 305
350 2 285 129
351 1 55 353
352 2 346 164 498 375
353 2 96 475 321 400
354 2 386
355 1 198 126 460 450 240
356 1 367 314 120 371 406
357 2 61 160 417
358 1 200 381 285 54 31
359 2 378 223
360 2 176 234
361 1 144 491 404 349 318
362 2 271 276 283
363 1 30 270 441 269
364 2 285 438 495
365 2 393
366 2 398 443 51 473 321
367 2 320 207
368 1 466
369 2 407 26 488
370 1 75
371 1 327 303 409
372 1 118 475
373 2 203 476 8
374 1 263
375 1 331
376 2 314 374 79
377 2 215 415 454 459
378 2 478 103 109 62
379 2 315 205 301 284 420
380 1 116 126 470 384 42
381 1 204 211 93 381
382 1 314 480
383 1 246
384 1 231 348
385 1 134 138 117 290 498
386 2 352 230 474 154
387 1 450
388 2 110
389 1 70 80
390 1 387 107 198 267 13
391 2 203 137 350 321 392
392 1 340 183 473 351 424
393 1 478 198
394 2 122 93 499
395 2 248
396 2 352 327
397 2 490 237 64 23
398 2 56 24 27 296 365
399 1 363 183 135 332
400 2 281 6 358
401 2 144
402 1 229 309
403 1 26 492 352
404 2 241 57 380
405 1 473 358 419 260
406 1 165 167 152 216
407 1 88 63 171 457
408 1 106 121 98 275
409 1 234 138
410 1 204 30
411 1 417 174
412 2 264 60 241
413 1 300
414 2 423 389
415 1 159 142 493 290 114
416 2 293 410 375 357
417 1 260 148 128 207
418 1 255 291 2 260
419 1 449 65
420 2 17 186 67
421 1 431
422 1 365
423 1 204 426 134
424 1 347 51
425 1 255
426 1 280 489 493
427 1 23 422 212
428 1 84 197 228 249 66
429 2 353 202 359 186
430 2 418 189 28 200 293
431 2 259
432 2 319
433 2 151 245 260
434 1 359 444
435 2 441 334 265
436 2 499 400 315
437 2 289 472 245
438 2 320 412 3
439 1 36 376 257 419
440 2 1 137 419 314 106
441 2 280 368 314 479 191
442 1 284
443 1 426 362
444 1 200 107 436 319 347
445 1 446 147 440 16 457
446 1 94 281 20 118 36
447 2 385
448 1 214 426
449 1 380 467 444 207
450 2 67 207 247
451 2 254
452 1 128
453 2 160 188 394 320
454 1 111 361
455 2 409
456 1 452
457 2 30 498 261 474 176
458 2 146 286 483 299 481
459 2 322 260 470 14 94
460 1 119 315 368 67
461 1 219 456 484 449 420
462 1 449 271 265
463 1 176 86
464 1 460 167 273 449 6
465 2 203 282
466 1 21
467 2 251 55
468 2 343
469 2 129
470 1 416 167 317
471 1 228 171 450
472 1 268 136
473 2 273 414
474 1 340
475 1 212
476 1 445 427 457
477 2 221 104 83
478 1 471 459 479 58
479 2 102
480 1 42 305 97 339 241
481 1 66 65 277 208
482 1 198 89 148 55 421
483 2 355 346 138 280
484 2 348
485 2 412 386
486 2 289 213 325 312 140
487 2 415
488 1 322 379 291 305 395
489 2 222 97 187 290
490 2 224 412 453
491 1 25 149 259
492 2 406 303
493 1 66 272 342 60 313
494 1 320 255
495 2 348 176 160 265
496 2 297 438 298
497 1 224 285 450
498 1 372
499 1 431 408 413
500 2 358 218 71 134 37
501 1 363
502 2 76 179 396 28 15
503 2 38 194 337
504 1 155
505 1 303 273 369
506 1 437
507 1 75 39 111 406
508 1 102
509 2 400 336
510 2 77
511 1 176 143
512 1 481 296 338 161 209
513 2 255 383 443 375
514 1 301 197 251 278 229
515 1 177 385 380 448
516 1 183 227 86
517 1 139 251
518 1 126
519 2 425 93 453 191 83
520 1 57 22 441
521 1 381 179 54
522 1 148 129
523 2 33
524 2 6 443 230 10 450
525 1 241 299
526 2 106 81 250 273
527 2 124 214 223 253
528 2 113 471 152 488
529 2 166 413 46 305
530 2 204 159
531 2 122
532 1 206 473
533 1 456 490
534 1 464 198 76 400
535 1 9 324 497 212 21
536 1 386 321 300
537 1 39
538 2 362 209
539 2 45
540 1 52 328 20 216
541 1 83 133 486 129 216
542 2 85 366 299
543 2 434 80 403 107
544 1 26 241 148 477 81
545 2 223 246 86 263 117
546 1 56 457 147
547 2 330
548 1 409 348
549 1 203 115 369
550 2 8 147
551 2 375 106 236 172
552 1 109 61 355 448
553 2 378 30 121 250 470
554 2 383
555 2 218 116 90 63 95
556 2 120 215 67
557 1 51 356 13 205 250
558 2 238 260
559 2 251
560 2 260 272 490 216 326
561 2 302 149
562 1 251 110
563 1 260 55 264 381
564 1 167 438 255
565 2 139 160 178
566 2 281
567 2 401 256 195 222 348
568 2 467 174 124 267 296
569 2 334 60 46 399 3
570 2 156 268
571 1 19 175 254
572 1 171
573 2 220 299 158
574 1 327
575 2 38 357 21 496 402
576 2 251 129 134 113 73
577 2 423 177
578 2 295
579 1 59 1 82 429
580 2 303
581 2 146 380 319
582 1 473 40
583 2 29
584 2 282 303 32 407 390
585 1 104 350
586 1 108 472 219 441
587 2 128 36 370 380
588 1 3 138 86 50
589 2 203 113 280
590 2 260 318 288 472 316
591 1 408 410 444 434
592 2 41 44 37 476
593 2 278 384 71
594 1 276 82 451
595 2 115 263 76 494 146
596 1 205
597 1 459 290 492 457 427
598 2 451 261
599 1 38 323 149
600 1 282
601 1 185
602 2 259 1 340
603 2 363 118 392 401 85
604 1 8 478 356
605 1 26 167 414
606 2 97 149 413 249 182
607 2 496
608 1 390 286
609 2 106
610 2 427 36 404
611 1 487 79 94 279
612 1 48
613 2 2 388 372 84 290
614 2 355 114 75 149
615 2 329 7 256 411
616 1 222 126 64 25 400
617 2 159 406 473
618 1 497
619 2 442 40
620 2 484 411 154 61
621 2 403 282
622 2 20 272
623 1 135 132
624 1 428 378 173
625 2 433
626 2 242 22 32
627 1 230 133 401 329
628 2 454 88 395
629 1 357 76
630 1 328 487
631 2 127 242
632 1 355
633 2 459 163 68 48 285
634 1 43 400 469 387 498
635 2 209 401 69
636 1 46
637 2 272 361
638 2 224 137 208
639 2 391 424
640 1 410 392 193 239
641 2 367
642 1 497 423
643 2 435 13 341 194
644 2 155 490 328
645 2 394 163 84 6
646 2 477
647 1 221 368 350
648 2 385 294 316
649 2 470 238 276
650 1 359 190 375
651 2 12 267 148
652 1 405
653 2 311 252 466 234 146
654 2 474 135 366
655 1 35
656 1 110 368
657 2 237 188 299 216
658 2 476 38 82 35
659 1 179 250 121
660 2 493 167 283 482
661 1 307 242 137 117
662 2 295 24 422
663 2 439
664 2 466 309 404
665 1 71 316 107
666 1 438 89
667 2 204
668 1 31 352 263 218 133
669 1 138
670 1 135 162 32 265
671 2 113 297 311 422
672 2 311 342
673 1 400
674 1 366 194 30 251
675 1 97 337 436 156
676 1 160
677 1 274
678 1 375
679 1 370 99
680 1 26 306 365 179
681 2 182
682 2 305
683 2 45 15 372 382 56
684 1 266
685 2 261 199 263 252
686 1 416 39 412 415 95
687 2 288
688 2 293
689 2 291 499 241
690 2 488
691 1 468
692 1 302 233 455 382 164
693 2 70
694 1 91
695 2 184 328 134
696 2 422 244 257
697 2 70 56
698 1 148
699 2 233 440 462
700 2 381
701 1 489 437 13 180 64
702 1 500 442 182 138
703 2 419 235 70 16 321
704 2 439
705 2 343 478
706 2 147
707 2 1 143 56 73
708 2 35 223 429 366 53
709 1 311
710 2 100
711 1 499 268
712 1 196 482 293 43
713 1 79 317
714 1 284 248 74 383
715 2 355 32 280
716 1 409 141 249 222 45
717 1 170 186 165 415 346
718 1 451 306 14 114 61
719 2 459 194 177 489 348
720 2 301 446
721 2 120 467 252 103 478
722 2 180 108 167
723 2 297 240 243 311
724 1 446
725 1 466 102 85 274 111
726 1 495 376 147 485
727 1 182 341 345
728 2 328 87 320
729 2 412 443 347 345 263
730 1 423 174 139 47
731 2 177
732 2 485 372 76 495
733 2 251 325 324 290 457
734 1 409 76 401
735 2 406 78 347 268 486
736 1 480 316 172 184
737 2 177 439 191
738 1 442 247
739 2 238
740 2 105 217
741 1 290 372 489
742 2 6
743 2 492 231 177
744 2 105 107 143
745 2 57 270 124
746 2 224 479 15 237
747 1 385 166 1 60 66
748 2 464
749 2 270 34 133 16
750 1 419 429 303 100 183
751 2 302 470
752 2 246 22 462 152
753 1 44 498 128 194
754 2 82 152 411
755 1 359 445 331 173
756 1 62 164 480
757 2 463 221 444 20
758 2 141 133 211 486 100
759 1 31 56
760 1 14
761 2 150 265
762 2 85 231 378 96
763 2 252 245
764 2 178
765 1 49
766 1 408 464 396 246
767 1 284 185
768 2 404
769 2 497 264 499 166 338
770 1 303 182 246
771 1 132 496 291 75 137
772 1 292 191 429 442
773 2 217 36
774 1 74 269 247
775 2 168 485 239
776 1 42 64 5 457 181
777 2 241
778 2 345 479
779 1 99
780 2 136 444 240
781 1 51 444 26 194 264
782 1 464 486
783 2 155 168 372 37
784 1 448 128 159 108
785 1 195 398 438 482 42
786 2 431 157 136 127
787 1 310 455 363 407 146
788 1 215
789 2 19 279
790 2 44
791 1 449 458 339 93 162
792 1 28 167 438 468 455
793 1 162 6 358 348
794 1 42 231
795 1 426 454
796 2 269 439
797 2 116 95 106 316 177
798 1 171
799 1 439 48
800 1 451 180 419 367 242
801 1 359 111
802 2 460
803 2 466
804 1 18 134 10
805 2 29 183
806 1 92 483
807 1 94
808 1 327 180 376 227
809 2 435 160 265 95 28
810 2 93 281 433 216
811 2 329 167 215 379
812 2 279 380 169 399 480
813 2 307
814 2 350 3
815 2 357 491 444 120 263
816 2 263 76
817 2 484 357
818 2 303
819 2 20 124
820 1 450 407 274 466
821 1 349
822 1 132 151 111 347 172
823 2 235 154 141 420 138
824 2 41 440 40 168
825 2 332 492 434
826 2 402 341 212
827 2 190 124 247
828 1 65
829 2 395 454 346 369
830 1 267 135 69
831 1 333
832 1 173 91 402
833 2 347 182 139
834 2 207 133
835 1 76
836 1 221 371 184
837 2 375 404 254 465
838 1 463 438 401
839 1 31 79 455
840 2 274 85 365
841 2 230 273 87 145 370
842 1 176 377
843 2 49 218 322
844 2 74
845 2 472 195 241 424 269
846 1 411 366
847 2 71
848 1 169 30
849 1 115 11
850 2 331
851 1 235 377 409 101 451
852 1 74 479 366 286
853 1 23 16
854 1 500 241 133 99
855 2 218 256
856 2 490 152 232 47 312
857 2 492 293 440 335 386
858 2 86 221 395
859 1 365
860 1 58 203 131 196
861 1 135 255 55 191
862 1 150 113
863 2 156 202 500 430 326
864 1 284 6 383 202 318
865 1 167
866 2 352 95 299 471
867 1 309 171 160 425 394
868 2 495 360 482 280 113
869 1 293 404 488
870 1 192 287 403
871 1 444 60
872 1 106 91 5 275
873 2 361 204
874 1 278 177
875 2 18 384 358 380
876 2 20 431 146
877 2 39 34 23 182 194
878 1 97 249 194 415 260
879 2 467
880 2 28 420
881 1 408 60 469 410 420
882 1 70 212 387 252 370
883 1 485
884 2 143
885 1 7 359 59
886 1 324 65
887 2 256 48 439 426
888 1 63 180 6 14
889 2 138 51 395 456 377
890 1 61 451 436
891 1 472 237 268 130 108
892 1 61 414 222 208 136
893 1 270 81
894 2 288 309 107
895 1 217
896 2 438
897 2 103
898 1 490 96 119 234
899 1 470 27 478 83 205
900 2 361 7 389
901 1 25
902 2 338 191 486 87 391
903 2 251 399 476 205 168
904 2 63 476 141
905 1 101 89
906 1 324 367 184
907 2 156
908 1 442 457 118 207
909 2 474 304 239 34
910 2 291 493 85 168 70
911 1 488
912 1 67
913 2 419 9
914 2 214 470 288
915 1 277 189 237 235 363
916 1 31 363
917 1 33 75 234 116 236
918 2 431
919 1 191 362 167
920 1 264 416 314 491
921 2 408 399
922 2 100 206 330 165 40
923 2 492 201
924 2 386 157 20 52 399
925 1 158
926 1 494
927 1 379 324 376 123 271
928 2 313
929 1 433 150 173 101
930 1 29 209 92 215 353
931 2 346
932 2 324 199 372 311
933 1 51
934 2 41 243 413
935 1 384 43
936 1 198
937 1 62 60 272
938 1 324
939 2 25 459 461 178
940 1 172 159
941 2 490 120 192 459 183
942 1 122 273 90
943 2 487 137 9 400 161
944 2 334 481 148 251 139
945 1 134 259 390 50
946 1 89 443 440
947 2 375 279 240
948 1 499 403 184
949 1 269 13 270 267
950 2 126
951 1 390 219 290 419
952 1 9 432 488 148
953 2 23
954 1 112 280 471 2
955 1 462 420
956 2 152
957 1 6 481 139 423
958 2 241 103
959 1 359
960 1 423 265 213 314
961 2 116 423
962 2 322
963 2 34 419 58 440 305
964 2 64 351 300
965 2 220 9 177
966 2 40 169
967 1 34 432 85 453
968 2 148
969 2 63
970 1 204
971 1 321
972 2 358 415 299 277 112
973 1 172
974 1 247 56 315
975 2 133 61 325 150
976 1 317
977 1 305 99 109
978 2 419 402
979 1 421 210 19 160 261
980 2 345 310 92 269
981 1 144 81 36 30
982 1 225 339
983 2 467 412
984 2 196
985 2 103 218 24
986 1 77 427
987 1 445 238 400 444 166
988 1 349 90
989 2 48
990 2 473 326 362 430
991 1 160
992 2 176 88 485 414
993 2 465
994 2 92 358 146 487 185
995 1 66 265 84 242
996 1 439 389 83 360 198
997 2 44 49 495 282 383
998 2 347 422 354 407
999 2 67 269
1000 1 383 136 15 216
1001 1 255 128 283 123
1002 2 492 60 61 480
1003 1 462 486 213
1004 2 260 9 244 401
1005 2 160 350
1006 1 356
1007 2 78 17 23 244 499
1008 1 233 189 129 300
1009 1 195 332 212 280 381
1010 2 410 436 206 223 259
1011 1 253 154 463 420 160
1012 2 227 86 152 463
1013 2 162 96 427
1014 1 237 466
1015 1 219 485
1016 1 405 65 106
1017 1 337 406
1018 2 488
1019 2 470 472 422 424 197
1020 2 13 288 382 112
1021 2 34 84 163
1022 2 479
1023 2 78 308 373 44
1024 2 388 285 488 125
1025 1 197 498 144 391 43
1026 1 182 136
1027 1 79
1028 1 299 15 23
1029 1 467 149 246 328 198
1030 2 32 413 376 311
1031 1 394 411 372 192 139
1032 1 286 295 251 400 389
1033 1 136 195 448
1034 2 418 422 477 124
1035 2 33 408
1036 1 158 43 432 271 488
1037 2 96 147 185 268
1038 2 478 21
1039 1 449 321 68 84
1040 2 206 229 24 182 471
1041 1 345 334 229 381 209
1042 1 242
1043 2 196 35 214 31 434
1044 2 435 374 369 131 488
1045 1 86 104 167 87
1046 2 59 432 462 372 47
1047 2 325 110 478 492
1048 2 270 275 385 485
1049 2 452 103 315 214 139
1050 1 364 33 498 147 175
1051 2 206
1052 2 9 196
1053 1 10 352 145 179
1054 1 279 90 144 184
1055 2 420 105
1056 1 44
1057 2 108 120
1058 2 195 464 28
1059 1 373 264
1060 1 175
1061 2 257 338 384
1062 1 196 106 453 469
1063 2 205
1064 1 398 74 309
1065 1 8
1066 1 405
1067 2 42 436 364
1068 2 284 460 119
1069 1 387
1070 2 478
1071 2 323
1072 2 173
1073 2 103 335 63 291
1074 2 374 428
1075 1 105 267
1076 2 87
1077 1 152 363 422 192 437
1078 2 420 319 279
1079 1 40 279 178 53 113
1080 2 391 410 149
1081 2 208 258 100
1082 1 123 317 162 343
1083 1 68
1084 1 233 37
1085 1 37 421 399 499 6
1086 1 386 47 56 488 333
1087 1 267 370 484 237 162
1088 1 52 223 101
1089 2 285 227 42 2 24
1090 1 3 55
1091 2 151 286 74 72 25
1092 2 489 468 218
1093 2 433 312 469
1094 2 227 337
1095 2 298 71 239 149
1096 1 165
1097 2 2 301 320
1098 2 326 47
1099 2 351 315
1100 2 114 69 449
1101 2 267
1102 2 294 85 121 69
1103 1 281 325 453
1104 1 362
1105 2 276 481 440
1106 2 13 243 175 330 392
1107 1 248
1108 2 426 331 161 173
1109 1 294
1110 2 337
1111 1 413
1112 2 25
1113 2 342 346 481 218 369
1114 1 435 380
1115 1 80 374 144 32 226
1116 2 473
1117 1 280 474 104
1118 1 500 273
1119 2 8
1120 2 457 180 448
1121 2 298 354 203 439 457
1122 1 188 499 49 483 372
1123 2 437 241 342 126 136
1124 2 493 425 454
1125 2 401 340 284
1126 2 139
1127 1 217 112 392 208 105
1128 1 224
1129 2 442 358
1130 1 142
1131 2 20 61 435 186
1132 1 455 195
1133 1 166 29 38 425
1134 2 40 304
1135 1 135
1136 1 331 191 22 408
1137 1 257
1138 2 188
1139 1 270 292
1140 1 380
1141 1 138 179 44
1142 1 371 269
1143 2 288 453 112
1144 1 425 394 499
1145 1 61 262
1146 2 68 122 436 314 477
1147 1 24 122 102
1148 2 452 30 152 479
1149 2 65 333 491 457 29
1150 2 232
1151 1 293 401 165
1152 2 140 302 325
1153 1 29 423
1154 1 390 133
1155 1 492 13
1156 2 221
1157 2 398
1158 2 272
1159 1 193 448
1160 1 138
1161 1 143 131 74 104 474
1162 1 480 377 194
1163 1 496 352 294
1164 2 489 413 53 312
1165 2 281 477
1166 1 311 369 12 469 480
1167 2 325 25 33 38
1168 1 381 53
1169 1 431 283 243 56 439
1170 1 328 488 166 199 41
1171 2 240 442 150 138
1172 2 249 104
1173 1 213 97 319
1174 2 113 443 25
1175 2 393 69 3
1176 1 125 153 6 326 39
1177 2 47 500 476 487 270
1178 1 53 267
1179 2 338 95
1180 1 251 431 285 492 264
1181 2 189 459
1182 1 452 9 168 25
1183 1 245 88
1184 2 309 414 300 294
1185 2 28
1186 2 202 9 146
1187 1 407 276 273 124
1188 1 394 227 189
1189 1 43 367 468 406 431
1190 2 458 53 461 126
1191 1 157 122 107 499 436
1192 2 200
1193 1 265 65
1194 1 402 121 321
1195 1 347 355 38 42
1196 1 401
1197 2 216
1198 2 60 489
1199 1 247 420 132 134 417
1200 1 424 425 304
1201 1 188 278
1202 2 453 326 194 278 185
1203 2 102 74
1204 1 18 266
1205 1 473 429
1206 1 170
1207 1 71 88
1208 2 28 158 444 480
1209 1 49 192 252
1210 1 489 326 44 121
1211 1 60
1212 2 170
1213 2 308 219 447 212
1214 2 268 484 12 137 355
1215 1 107 431 50 248 99
1216 1 167
1217 2 84 35 410
1218 2 447 440 371
1219 2 354
1220 2 458
1221 2 131 241 347 446
1222 1 205 186 249 279
1223 1 226 278 192
1224 2 315 487 153 187 148
1225 2 478
1226 1 260
1227 1 451 496 424
1228 1 74 467
1229 2 484 353
1230 2 172 423
1231 1 70 74
1232 1 448
1233 1 91 158 460 369 225
1234 1 335
1235 1 264 81
1236 1 169
1237 2 304
1238 1 496 337 421 483 206
1239 1 220 355 3 44
1240 1 304
1241 2 121 91 477 399 4
1242 2 366 222 269 19 396
1243 1 48 317 222 127 431
1244 2 347 113
1245 1 257 190 473 315 88
1246 2 23 453 447 99
1247 1 213 39 62 236
1248 1 47 265
1249 2 115 492 176 417
1250 2 359 329
1251 1 203 30 478 473
1252 2 420
1253 1 383 24
1254 1 147 112 336
1255 1 482 375 324
1256 2 457 56 159
1257 2 489
1258 1 262 50 108 18 60
1259 1 189 78 228 315
1260 1 249 189
1261 1 372 436 126 295 457
1262 2 237 98
1263 2 418
1264 1 475 41 325
1265 1 175 140
1266 1 114 461 36
1267 1 277 364 318
1268 2 26 477 34 154 11
1269 1 383 191 180 496 123
1270 1 250 498 292
1271 1 380 131 16
1272 2 419 457 150 285 301
1273 1 271 500 39 185 145
1274 2 292 147
1275 2 433 148 80 265 96
1276 2 29 175 103
1277 1 305 434
1278 2 61 159 495
1279 2 210 213 329
1280 1 109 424
1281 2 363 387 101 315 116
1282 2 437 89 42 64
1283 1 263 330 132 191 64
1284 1 86 169
1285 1 17
1286 1 36 157 376
1287 2 320 38 48
1288 1 203 278 97
1289 1 195 10 13 396 443
1290 2 324 180 490 83 10
1291 1 433 200 334
1292 1 118 125 355 367 278
1293 2 306 246
1294 2 377
1295 2 83 220 365 207
1296 2 350 465 102 390 159
1297 2 50 223 296
1298 1 260 79 480 465 145
1299 1 323
1300 1 152 146 272 136 150
1301 2 159 416
1302 1 38 205
1303 2 356 376 187 87
1304 1 20
1305 1 236
1306 1 453
1307 1 188 429 379 394 5
1308 2 23 95 360 229 364
1309 2 11
1310 1 90 444 103 37
1311 2 298 71 233 234 97
1312 1 356 237 203 476 166
1313 1 77 322
1314 1 341 171
1315 2 294 208 232
1316 1 129 450 50 392 345
1317 2 362
1318 1 18
1319 2 51 465 327 7
1320 2 54 104 6
1321 2 459 340 477 443 152
1322 1 192 22 84 74
1323 2 39
1324 1 288
1325 2 264 393 128 73 213
1326 2 288 374 379 465 133
1327 2 62 127 265 389 452
1328 1 322
1329 2 80
1330 2 467 277
1331 2 433 288
1332 2 45 352 226
1333 1 91 309
1334 1 316
1335 1 344 86 422
1336 1 404 114 128 16 477
1337 1 171 471
1338 2 264
1339 1 421 121 324 359 458
1340 2 325 361 206
1341 1 274 84 346 250 208
1342 1 24 86 98 322 296
1343 2 175 184 77 427 487
1344 1 131 347 223 81
1345 1 215 402 428 144 371
1346 2 481
1347 2 52 209
1348 2 239 419 427
1349 1 358 200 275 464 451
1350 2 491 251 57
1351 2 342 285 222
1352 1 245
1353 1 471 35
1354 2 433 153 71
1355 1 116 386 170 137 487
1356 2 312 72 168 183
1357 1 262 7 192 392
1358 1 482 461
1359 2 461 211
1360 1 185 426 99
1361 2 402 476
1362 1 138
1363 2 55 204 198 71
1364 1 47 71 194 211
1365 2 106 219 470
1366 2 313 376
1367 2 18
1368 1 329 121 423 369
1369 2 3 29
1370 1 372
1371 2 83 13 210 256
1372 1 70 15 379 289 353
1373 2 273 148
1374 2 49 314 37 116
1375 2 113 181 198
1376 1 434 386 52
1377 1 301
1378 2 138 422 30
1379 1 333 179 276
1380 1 423 458 454
1381 2 219 321 457 394
1382 2 487 216 28 11 401
1383 1 72
1384 2 279
1385 2 229 143
1386 1 181 141 352
1387 1 389 73
1388 2 198 309 104
1389 1 94 356 207 404 90
1390 2 156 130 143 416
1391 1 63 454
1392 2 484 115
1393 2 220 404 115
1394 2 390 160
1395 1 423 243 287 83
1396 1 396 237 489
1397 1 448
1398 2 16 315 455 420 248
1399 2 443 371 423 71 397
1400 2 312
1401 1 398 101 178 415
1402 1 248 464 500 358
1403 1 347 389 306 96 449
1404 2 431 307 172
1405 1 246
1406 2 171
1407 1 26 487 124
1408 2 402 366 424 155 267
1409 2 57
1410 1 499
1411 1 500 136 30
1412 1 263 461 281 366
1413 2 122
1414 1 433 266 248 48 33
1415 1 45
1416 2 131
1417 1 490 362
1418 2 102
1419 1 58 169
1420 1 64 248 28 489
1421 2 126
1422 2 400 418 489 464 285
1423 1 393
1424 1 56 76 226 172
1425 2 293 159 480
1426 1 480
1427 1 422 103 141 42
1428 1 180
1429 2 50 62 99 284 256
1430 1 302 422
1431 2 193 191
1432 2 273
1433 1 404 102 251 62 492
1434 1 323 119 480 498
1435 2 289 175 281 163 228
1436 2 184 239 257
1437 2 315
1438 2 443 120 160
1439 1 284 317 83 360
1440 2 145 170 50 146
1441 2 39
1442 2 26
1443 1 50
1444 1 401
1445 2 127 209 416
1446 1 266 308 221 450 128
1447 2 352
1448 1 170 454 88 259
1449 1 204 281
1450 1 402
1451 2 317 127 467 42
1452 2 212 299
1453 1 121 482
1454 1 146 305 320 253
1455 2 308 155 222 369 5
1456 1 301 126
1457 2 215 313 36 3
1458 1 321 178 37 176 131
1459 1 489 359 151 18 217
1460 1 491 32 55 377
1461 2 299 41 315 249 23
1462 2 147 93 318 51
1463 2 214 215 92
1464 1 168 492 396 259
1465 1 182
1466 1 179 172 242 216
1467 2 129 477 17
1468 1 377 362 459
1469 1 183 453 281 125 70
1470 1 375 226 154 4
1471 2 461
1472 1 355 112 357
1473 1 138 434 376 256
1474 2 58
1475 1 204 92 134 382 28
1476 2 406 75
1477 1 210 367 327
1478 2 52
1479 1 185 430 308 265 442
1480 2 414
1481 1 292 139 325 279 203
1482 1 34 483 279 291
1483 2 404 152 202 327
1484 2 178 430 414 476
1485 1 239 440
1486 2 260 303 130 324
1487 1 211 414 321
1488 2 259 15 213
1489 1 337 36 133 117 317
1490 1 228 294 21 487 317
1491 2 257 405 483 419
1492 1 140
1493 1 62
1494 1 285 221 211
1495 2 270 251 353 92
1496 2 120 222 245 452 267
1497 2 378 317
1498 1 469 155 253
1499 1 302 480
1500 2 138 490 302 448
1501 1 312
1502 1 253
1503 1 237 219 4 26 454
1504 1 282 496 36 448 245
1505 1 396 217 124 499 309
1506 2 248 337
1507 2 188
1508 1 359
1509 2 139 299
1510 2 148 385
1511 1 362 406
1512 2 195 322 137
1513 2 333 358 134 264 258
1514 1 427 61 246
1515 1 292 480 496 188 376
1516 2 207 457 385
1517 1 67 366
1518 2 232
1519 1 417 188 128 429 307
1520 1 367 206 320
1521 2 396
1522 2 59 73 286
1523 2 384 327 163
1524 2 437 295
1525 1 312
1526 1 353 428 457 312
1527 2 154
1528 2 48 224 287
1529 2 131 374 331 270
1530 1 27
1531 2 363 70 178
1532 2 25 231 386 95 270
1533 1 438 37
1534 1 15 96 122
1535 2 436 43 160
1536 1 484 419 388
1537 1 466
1538 2 387
1539 1 21 272 313
1540 2 257
1541 1 211 117 283 286 497
1542 2 112 307 348 47 499
1543 2 60
1544 2 103 108 306 381 20
1545 1 420 162
1546 1 489 13 283
1547 2 202 357 320 426
1548 2 443 193 301 418 70
1549 2 22 464 433 350
1550 1 272 326 397
1551 2 320
1552 2 475 280 185 58 2
1553 2 237 104
1554 1 78 297 163 304
1555 2 3 423
1556 1 140 302
1557 2 163 261
1558 2 470 445 400
1559 1 7
1560 2 406
1561 2 46 118 398 488
1562 2 387 203
1563 2 290
1564 2 65 274 444
1565 1 392
1566 1 150
1567 1 129 427 378 364 126
1568 1 309 176 233 303 70
1569 1 271 353 92 186
1570 2 109
1571 1 359 260 99
1572 2 428 65 325 137 459
1573 2 57 272 419 337
1574 1 427 382
1575 2 325 489 131 27
1576 2 412 384 87
1577 2 31 450 457
1578 2 35 440
1579 1 55 59 308 346 126
1580 2 162 399
1581 2 146 80 311
1582 2 479 13 308
1583 2 484 314 74
1584 2 151
1585 2 137 322 235
1586 1 446
1587 1 118 201 405 173 278
1588 2 255
1589 1 242
1590 2 19 296 60 232
1591 2 151 287
1592 1 64 298 159 383
1593 1 71
1594 2 79 41 223 24
1595 2 109
1596 1 2 283 173 406 51
1597 2 10
1598 2 127 154
1599 1 265 329 280
1600 1 416 157 432
1601 1 67 390
1602 1 89 390
1603 2 235 481 309 171 173
1604 1 166 168 68 59
1605 2 63 338 439 224 494
1606 2 291 276
1607 2 460
1608 1 169 73 14 285 69
1609 2 90 134 74 320
1610 2 297 449 392
1611 1 34 364
1612 1 356
1613 1 402 107 104
1614 1 99 386 322 404
1615 2 39 377 107 111
1616 1 117 288 385 106
1617 1 94 293 60 222 385
1618 1 258 456 335
1619 1 113 450 461
1620 2 93 275 233 495
1621 1 361 436 350 279 88
1622 1 346
1623 1 187 474 197
1624 2 309 416 134 7 140
1625 2 209 294
1626 2 101
1627 1 288 61
1628 1 191
1629 2 22
1630 2 128 47 246 443 382
1631 1 389 34 47 365 379
1632 1 490
1633 2 150 53 338
1634 1 153 160 192 247
1635 2 70 248
1636 1 87 214 68
1637 1 117 4 208 100
1638 2 294
1639 1 388 252 218 46 106
1640 2 172 169 147
1641 2 146 97
1642 1 194 106 139 359 130
1643 1 4 30
1644 2 290 437 130 186 414
1645 2 101
1646 1 4
1647 1 4 80 289 232 333
1648 1 452 267
1649 1 498
1650 2 33 58
1651 2 467 455 271 154
1652 2 290 130 239 76 406
1653 2 309 54
1654 1 415 393
1655 2 386 13 263 193 197
1656 1 129 231 3 265 131
1657 1 261 6 180
1658 2 92 295 433 20
1659 2 366 260 350 94 132
1660 1 223
1661 1 479 21
1662 1 397
1663 2 210 384 359
1664 2 402 87 266 181
1665 1 376 282 252
1666 1 122
1667 1 88 321 331
1668 2 103 243 262
1669 2 14 21 323 395 258
1670 2 335
1671 2 234 351 195 193 14
1672 2 188 19 121
1673 1 5 344 18
1674 1 152
1675 1 129
1676 1 118 92 235 448
1677 2 357 63 354
1678 2 395 243 158 299
1679 1 186 80 189 301
1680 1 51 316
1681 1 93 185 329 471
1682 2 55 224 35 478 202
1683 2 79 121 494 422 73
1684 1 70 291 132 122
1685 1 319
1686 2 149 389 147
1687 1 356 240 78 487
1688 1 144 129 334 416
1689 2 115 156 307 452 261
1690 2 462 47 244 50
1691 1 113
1692 1 412 52 121
1693 1 402
1694 2 167
1695 1 23 150
1696 1 487 203
1697 2 142 225 167 342 59
1698 1 120
1699 1 411 324 215
1700 1 3
1701 2 70 477 100 18 409
1702 1 312 272
1703 2 261 444 122 335
1704 2 84 434 416 124
1705 1 338
1706 2 183 129 131 353 249
1707 2 397 47
1708 1 101 470 297
1709 1 353 2 55 194 491
1710 1 249 6
1711 2 137 376 20 274
1712 1 351 466
1713 2 99
1714 2 167 344 123
1715 1 31 273 482 86 468
1716 2 395 456
1717 1 228 338 62 188
1718 2 116
1719 2 469
1720 2 487 318 329 184
1721 2 477
1722 1 234 29 284
1723 1 366 220 291 139 302
1724 1 79 1 423 68
1725 2 396
1726 2 17
1727 1 72 283
1728 1 139 119 453
1729 2 420 288
1730 2 479 205 366
1731 2 349 495 156
1732 1 65 388 280 397 87
1733 2 40 169 177 77 131
1734 2 371 338 382
1735 2 407
1736 1 467 444
1737 1 121 55 324 368
1738 2 154 249
1739 1 224 447 1
1740 1 222 264 421
1741 2 270
1742 2 258 307 162 361 316
1743 1 85 381 400 294 351
1744 2 209 430 273 79 136
1745 1 64
1746 2 357
1747 2 360 492 418 139
1748 2 135
1749 2 264 252
1750 1 66 78 53
1751 2 220 151 298 343
1752 1 245 466 370 308 452
1753 2 346 172 253 59
1754 1 96
1755 2 437 7 414 260
1756 1 34 58 69 138
1757 2 41 432
1758 1 334 148 112 181
1759 2 354 376 326
1760 2 461
1761 2 189 278 131 400
1762 2 138 35 17
1763 1 237
1764 2 337 233 136
1765 1 7 385 220 240
1766 1 371 360
1767 2 29 156
1768 1 13 112 38 442 138
1769 1 182 125 366
1770 1 172 148 230 416
1771 2 477 484 98
1772 1 316 381 145
1773 1 490 160 5
1774 2 256 57
1775 1 444 499 368 228 146
1776 2 185 200 248
1777 1 312 380
1778 1 365 381 148 168 312
1779 1 127 98 205 393
1780 1 203 254 381
1781 1 343 110
1782 2 397 235 464 419
1783 2 59 303 362 457
1784 1 288 394 300 105 428
1785 1 372 61 348 389 322
1786 2 421 303 102 45 7
1787 2 201 345 152 258 39
1788 2 209 368 486 394 154
1789 2 157
1790 1 428 27 167 85 400
1791 1 374 81
1792 2 164 168 331 27
1793 1 282 289 267 113 154
1794 2 325
1795 2 54 493 5
1796 1 201 347
1797 1 370 389 49 438 489
1798 2 426 56 288 60 487
1799 2 342 475 13 122 264
1800 1 168
1801 1 365 296
1802 2 388
1803 2 17 381 313
1804 2 24 367 152 76 177
1805 2 81 223 424
1806 2 234 180 346 66 263
1807 1 51 492 21
1808 2 171 182 83 259
1809 1 462 60 173 6 34
1810 1 229 97 66
1811 2 398 35
1812 1 244 125 87 378 285
1813 2 15 38 219 482 182
1814 2 468
1815 1 117 377 154
1816 1 238
1817 2 338 277 52
1818 1 125
1819 2 120 7
1820 2 452 162 217 31 361
1821 1 214 94 418
1822 2 74 156 471 172
1823 2 132 322 12 260
1824 1 101 107 188 5
1825 2 13
1826 2 136 171 372 395
1827 1 275 265 124
1828 1 371 410 159
1829 2 322 179 292 20 218
1830 2 407 314
1831 2 325 114 374 477
1832 2 482
1833 1 463
1834 1 364 34 3 171
1835 2 223
1836 1 131 152 370
1837 1 249 14 118 125 233
1838 1 381
1839 1 435 84 238 314 459
1840 1 451
1841 1 238 448 61
1842 1 227 379 446
1843 2 329 280 186 189
1844 2 10 48 469 124 485
1845 1 182 90 212 70 105
1846 1 439 324 383
1847 1 93 420 484 489
1848 1 489 206
1849 2 80 255 212
1850 2 199
1851 1 282 378 93 437 367
1852 2 168
1853 2 255 61 142 102
1854 1 400 168 183
1855 1 30 395
1856 1 285 469 224 433
1857 2 51 461 137
1858 1 430 295
1859 2 493 378 78
1860 1 73 234 214 198
1861 1 252 157
1862 2 75 256 407 332 165
1863 2 255 351 71 439 70
1864 2 372 41 212 481
1865 2 57
1866 1 286 150 370
1867 1 221 5
1868 2 374
1869 2 151
1870 2 455
1871 1 310 58 451 388
1872 1 363 209 434
1873 1 261 203 24
1874 2 111 412 404 231 448
1875 1 171 468
1876 2 77 418 128
1877 2 102 146 302 225 188
1878 2 396 252 216 445 188
1879 2 212 484 130
1880 1 409 336 472 75 362
1881 2 321 219
1882 1 445 373
1883 2 404 438 482
1884 1 179 178
1885 1 354
1886 1 459 345
1887 1 13 444 53
1888 2 281 232 55 57
1889 1 396 494 386 265 114
1890 1 452 259
1891 2 441
1892 2 438 197
1893 1 454 379 333 318 393
1894 1 63 414 500 498 61
1895 2 40 179 494 420 347
1896 1 433 378 144 256 465
1897 1 70 78 480 101
1898 2 472 222
1899 1 318 13 362 480
1900 2 109 439 256 464 366
1901 1 189 205
1902 1 154
1903 1 18 340
1904 1 34 148 371 15
1905 1 467 91 7
1906 2 90 344 352 347 392
1907 1 384
1908 2 274 232 353 7
1909 2 497 299 91
1910 2 440
1911 1 438
1912 2 472 281 213
1913 1 201 289 348 75 43
1914 2 186 408
1915 1 485 133 47 488 367
1916 1 374 53
1917 2 67
1918 1 277
1919 1 311 133
1920 2 386 332
1921 2 461
1922 2 486 72 214 124
1923 1 420 465 120
1924 1 319
1925 1 19
1926 2 406 389 470 270 112
1927 2 170 165 325 369 410
1928 2 332
1929 2 116
1930 1 184 100 335
1931 2 3 77
1932 1 183 25
1933 2 249
1934 1 463 290 366
1935 2 147 467
1936 2 178 147 231
1937 1 86 175 44 2
1938 2 467 292 458 164
1939 2 12 309 121 284 437
1940 1 153
1941 2 408 497 57 79 366
1942 1 101
1943 1 212 65 173 148
1944 2 128 361 120 276 425
1945 2 106 373
1946 2 177
1947 1 448 140 353
1948 2 454 29 71
1949 1 391 480 273 120
1950 1 333 382 29 195
1951 2 471 39
1952 1 132
1953 1 176
1954 1 186 166
1955 1 268
1956 1 274 178
1957 1 10 439
1958 2 234 195 220 495
1959 1 230 133
1960 2 349 474 263 206
1961 1 383 178 419
1962 1 250 262 323 31 44
1963 2 110 178
1964 1 209 167
1965 2 215 227
1966 1 289 415 320 146
1967 1 377 321 187 474
1968 1 68 19 31 480
1969 1 456 167
1970 1 118 383 105 260
1971 2 184 149
1972 2 385 73 351
1973 1 203 194 153 240 234
1974 2 28
1975 2 224 63
1976 1 408
1977 1 360 249
1978 2 152 92 490 304
1979 1 255
1980 1 290 12 371 337 255
1981 1 444 206 332 281 448
1982 1 224
1983 1 265 315 183
1984 2 184
1985 2 159 245
1986 2 56 376
1987 1 309 474 292 369 259
1988 1 337 379 497 308
1989 1 179 309 245
1990 2 222 155
1991 1 284 334 61
1992 2 151 144
1993 2 78
1994 1 196
1995 2 387 398 262 334 54
1996 1 151 195 338 456 98
1997 2 427 447
1998 1 500 219 443
1999 1 41 243 347 345 398
2000 2 436 64 407
2001 1 120 168 466
2002 2 73 331
2003 1 97 125 178 473 410
2004 2 71 110 338 316 357
2005 1 144 337
2006 1 57 66
2007 1 223 23
2008 1 432 272 85
2009 2 319 371 373 82
2010 2 42 438 286 490 340
2011 2 371 384 251 353
2012 1 423 491 486 225 449
2013 2 289 115
2014 2 348 423 172
2015 2 7 187 281 425
2016 1 49
2017 2 203 142 130 128 214
2018 1 473 146 72 52 454
2019 1 431
2020 2 184
2021 2 301 199 156 208
2022 1 392
2023 1 401 49
2024 2 25
2025 2 293 433
2026 1 95 413 490 380
2027 1 13 300
2028 1 309 60 285
2029 1 171 5 438 205
2030 1 18
2031 1 7 331 396 258 334
2032 2 127 277 167 279
2033 1 472 73 390 255
2034 1 235
2035 1 122
2036 1 185 77 16 378
2037 2 473
2038 1 122 434 404 395 64
2039 2 486 441 259 322 334
2040 1 97 489 236 427 75
2041 2 379 193 121 125
2042 1 156 219 33 297
2043 2 3 115
2044 1 47 1 203 144 206
2045 1 388 318 59 300 498
2046 1 378 300 329 432 225
2047 2 27 466
2048 2 324
2049 2 225 439 30
2050 1 55
2051 1 17 281 201
2052 1 311 204 46 500 245
2053 1 134 271 144 346
2054 1 8 44 151 127 253
2055 1 386
2056 1 310 375 317
2057 2 433 94 421 106
2058 1 359
2059 2 271 173 361 376 142
2060 1 224 169 395
2061 2 391 451 133 329
2062 2 34 296
2063 1 379 239 227 446 298
2064 2 300 93 136
2065 1 365 484
2066 1 399 22
2067 2 18 80
2068 1 352 188
2069 1 290 192 363 327
2070 2 119
2071 2 40 148
2072 2 251 71
2073 2 278 287 81
2074 2 170 237
2075 1 95 104 403 233
2076 2 279
2077 1 179 410 58 90 120
2078 1 319 339 64 383
2079 2 500 157 142
2080 1 451
2081 2 224 431 135 316
2082 2 261 494 177
2083 2 23
2084 1 420 129 121
2085 2 246 9 331
2086 2 99 59 448 98 373
2087 2 57 175
2088 1 486
2089 2 157 289 358
2090 2 208 198 279 480
2091 2 211
2092 1 390 451
2093 2 227 202 272
2094 1 327 363 87 115 387
2095 2 315 373
2096 1 93 319 168 101 147
2097 1 351
2098 1 376 188 337 40
2099 1 39 443
2100 1 21 455 431 462
2101 2 98
2102 2 78 481 294 217 352
2103 1 178 335 359 459
2104 2 218 448
2105 1 48 361
2106 1 382 15
2107 1 337
2108 1 139 357 415 321 223
2109 1 346 475 396 373 44
2110 1 63 204 357 163 212
2111 2 215 266 71 118 462
2112 1 49 361 307 23 147
2113 2 348 335 23 437
2114 1 232
2115 1 403 64 92 496
2116 1 81 472 363 402
2117 2 302 447 369 497
2118 2 201 290
2119 2 332 19 441 257
2120 1 166
2121 2 309
2122 2 141 103 351 230 380
2123 1 265 106
2124 2 259 35
2125 2 339
2126 1 90 136 377
2127 1 402 326 35
2128 1 86 72 271 306 354
2129 2 331 498 202 480 317
2130 1 459 145
2131 1 165 398 330
2132 2 287 51 234 122 459
2133 2 404 370 444 491 109
2134 1 122 457 299 45 35
2135 2 457 140 276 200
2136 2 38 136 355
2137 1 245 480 147 174 391
2138 1 165 128 129 149
2139 2 360 337 178 500
2140 1 24
2141 1 266 339 51 222 91
2142 1 124 326
2143 2 403
2144 2 71 336 104 387
2145 2 24 485 340 387
2146 2 96 170 470
2147 1 209 112 375 441
2148 1 273
2149 2 466
2150 2 331 52 255 131
2151 2 323 138 315
2152 1 358 114 482
2153 1 127 53 493 284
2154 1 147 328
2155 2 8 289 82 95
2156 2 5 484 151 53
2157 2 305 37
2158 1 345
2159 2 122 62 119 252
2160 2 225 144 220
2161 2 155 483 142 387
2162 2 383 302 455
2163 2 377 342 457
2164 1 321 498 202 355 156
2165 2 484 460 313 36
2166 1 221 343 136 252 298
2167 2 417 488 226 326
2168 1 256 395
2169 2 437 3 127
2170 1 225 93 105
2171 1 227 265 456 254 106
2172 2 316 100 422 488 242
2173 1 386 340 414
2174 1 220 400 463 421
2175 1 74
2176 1 174 358 148 326
2177 1 455
2178 2 246 89
2179 1 54 148 292 162
2180 2 437 229 366 452
2181 2 485 400 389 141 147
2182 1 90 489
2183 1 273 249 308
2184 1 345 327
2185 2 414 105 181 428 227
2186 1 86
2187 1 93 205 301
2188 2 269 308 395 115
2189 2 178 57 97
2190 2 358 461 281 269 420
2191 1 258 364 63 374 387
2192 1 341 164 423 342 254
2193 1 100 392
2194 2 285
2195 2 443 129
2196 2 168 235 52 26 492
2197 1 166 308 375 101
2198 1 436
2199 2 409 96 155
2200 1 348 126 125 243 474
2201 2 329 412 305 330
2202 2 297 465 316
2203 1 377 354 355 451 6
2204 2 167
2205 2 489
2206 1 26 431
2207 2 355 153
2208 2 40 18 42
2209 1 441 7
2210 2 148 101
2211 2 88
2212 2 26 24 415 235
2213 2 5 120
2214 2 231 465
2215 1 123 86 131
2216 1 270 284 331 243 349
2217 1 157 311 463 233 17
2218 2 349 269
2219 2 339 73 42 258 379
2220 2 197 449 382 186
2221 2 71 445
2222 2 447 235
2223 2 97 225 322 213
2224 2 208 210
2225 1 428 98 171
2226 2 497 274 500 146
2227 1 422 28 297 240
2228 2 201 444
2229 2 42 163 410 15 16
2230 1 151 403
2231 2 107
2232 1 178 455 121 299
2233 1 278 406 128 10 169
2234 2 413 48 94 431
2235 1 430 95 26 202
2236 1 57
2237 1 129 110 372 474
2238 2 346 469 235 445 222
2239 1 454 326 421 175
2240 2 468 311
2241 1 175 457 44 340
2242 2 340
2243 1 269
2244 2 141 57
2245 2 183 103 344 299 171
2246 2 22 405 445 190
2247 2 460 402 474 228 182
2248 2 289 6
2249 1 22 337
2250 1 222 305 279
2251 1 427 452 329 421 496
2252 2 195 26 270 42
2253 1 322 479 365 214 435
2254 2 388 193 190 427 255
2255 2 47 98 477
2256 1 239
2257 1 109 67 467
2258 1 477 439 326 416 129
2259 2 15 483 320
2260 2 87 392
2261 1 341 218 253 216 204
2262 2 192 169
2263 1 265 193
2264 1 89 105 443 294 112
2265 2 398 171
2266 2 286 368 178
2267 2 223 444 475
2268 2 16 301 269 492
2269 2 116 447 281 482 143
2270 1 95 338
2271 2 353 248 300
2272 1 4 185 356
2273 1 444 433
2274 1 280 277 311 138
2275 2 438 397 271
2276 2 85 351 464 366
2277 2 169
2278 2 319 124 4
2279 1 342 203 89
2280 1 379
2281 2 159 149 369 447 172
2282 1 226 101 109 31 332
2283 1 293 143 403 51
2284 2 18 114 61
2285 2 80 436 480 219
2286 2 236 414
2287 2 300 232 435
2288 1 148
2289 1 315 352 374 239
2290 2 110 281 196
2291 2 380 110 180 260 25
2292 1 267 257 232
2293 1 167 158 442 196
2294 2 362 35 461
2295 1 247 170 79
2296 2 40 49 194
2297 2 232 247 266 197
2298 1 425 416 420 486 243
2299 1 16 84 35 376 366
2300 1 266 361 74 428 362
2301 2 16
2302 1 2 428 83
2303 2 444 306 408 330 353
2304 2 301 337
2305 1 301
2306 1 212 463 29 175 96
2307 2 39
2308 2 70 118
2309 2 489 413 388
2310 1 153 161 68 491 483
2311 2 425 493 340
2312 2 96 241 63 287
2313 2 133 459 417 484 4
2314 1 240 357
2315 2 392 247 104 56 372
2316 1 443 193 4
2317 2 8
2318 2 11 334 459 375
2319 1 421
2320 2 308 438 469 278 424
2321 2 38 444 44 72
2322 2 106 339 410 337 398
2323 2 463 204 483
2324 1 1 118 119
2325 1 229 311 373
2326 2 102
2327 2 57 381 217 442
2328 1 125 187
2329 2 453 358
2330 1 421
2331 1 222
2332 1 129 254 132 7 161
2333 1 400 408 345
2334 2 252 239 18
2335 1 447 316
2336 1 116 104 221
2337 2 327 172 390
2338 2 385
2339 2 29 312 87
2340 2 281 443 15 180
2341 1 469 131 392 422 274
2342 2 375 207 223
2343 2 240 82 52
2344 1 11 138 258 435
2345 2 280 261 428
2346 2 165
2347 2 22 232 154 324
2348 2 129 14 139 109
2349 1 148 279
2350 2 461 313 362 314
2351 2 27 296
2352 1 221
2353 2 237 441
2354 2 374 183 389 394
2355 1 340 213 260 307 132
2356 1 308
2357 1 313 444 337 38
2358 2 382 114
2359 1 177 312 339
2360 1 199 316 302
2361 2 184 348
2362 2 326
2363 2 170 329 488 83 51
2364 2 53 407 438
2365 2 214 430 426
2366 1 389
2367 1 399 341 443 338 87
2368 2 336 192 472 289 277
2369 2 5
2370 2 10 210 236 174 278
2371 1 302 225 447 418
2372 2 469 100 416 334 197
2373 2 234
2374 2 173 312
2375 2 191
2376 2 96
2377 1 252 345 283 348 86
2378 2 209 454 453
2379 1 426 404 294 34 443
2380 1 183 7 184 324
2381 1 368 220
2382 2 311 80 218
2383 2 417 324
2384 1 219 334
2385 2 53 237 439 7 262
2386 1 130 364 256 288
2387 2 398 408 56 307
2388 1 380
2389 1 93 206 393
2390 2 308 303 173 493 43
2391 1 173 42 456
2392 1 162 122 186
2393 2 88 325
2394 2 89 238
2395 1 223 399 265 421
2396 1 54 466 271 208 16
2397 2 492 218
2398 1 132 231 94
2399 2 16 247 87 385
2400 1 324 306 454
2401 1 405 351 425 242 137
2402 1 481 419 135 185 331
2403 1 231 65 292 307
2404 1 224 118 255 470
2405 1 93 5
2406 1 183 41 47 208 98
2407 2 414 124
2408 1 428 456 209 354
2409 2 348
2410 2 310 94 285 72
2411 2 453 386 4 185 392
2412 1 435
2413 1 407 139
2414 1 299 125 197 210 282
2415 1 394 438 15 91
2416 1 228 494 129 219
2417 1 23 489
2418 2 165 325 259 147
2419 2 307 484
2420 2 114 194
2421 1 208 288 485 347 402
2422 2 253 103 22
2423 2 278 30 466 356 302
2424 2 66 363 2
2425 2 410 99
2426 1 399
2427 1 185
2428 2 19 107 35
2429 1 238 387 208 197
2430 2 112 169 472
2431 2 431
2432 1 359 99 181 465 499
2433 2 409 98 49 100
2434 1 463
2435 2 423 146 336
2436 2 485 445 407 96 481
2437 1 152
2438 1 131 410 327 332
2439 1 177
2440 2 285 105 306
2441 1 309
2442 1 376 447 182 289
2443 2 374 461 108 254
2444 1 349 150
2445 1 144 293 199
2446 2 297 130 403 32
2447 2 386
2448 2 73 222 488
2449 2 25 485
2450 2 256 488 218 317 262
2451 1 78
2452 2 479 441 42 495
2453 1 103 95 212 431 10
2454 2 479 102 322
2455 1 360 236 24 8
2456 2 19
2457 1 199 31
2458 2 190 310 162 259
2459 2 199 232
2460 2 43 48
2461 2 115 162 432
2462 1 258 73 67 178
2463 2 257 343 267 429 385
2464 2 237 1 387 347
2465 2 72 13 316
2466 2 85 310 500 446 187
2467 1 271 290 160 408
2468 2 452 386 211 472
2469 2 15 37
2470 1 42 146 117 453 315
2471 2 128 373 324
2472 2 410 490
2473 2 349 54
2474 1 40 488 29 69
2475 2 108 154 175 142
2476 1 459 496 87 140
2477 2 46
2478 1 240
2479 1 349 14 147
2480 1 496 251 91 214 480
2481 1 243 492 10
2482 2 347 409 198
2483 2 167 210 307 140 455
2484 1 195 460 112
2485 1 344 343
2486 1 203 372 80 73 50
2487 1 358 327
2488 1 389 118 304 291 165
2489 1 471 24 327 306
2490 2 125 114
2491 2 343
2492 1 49 148 213 461
2493 2 4 465 139 324
2494 2 299 146 432 475
2495 2 357
2496 2 118
2497 1 97 77 422 383
2498 1 36 319 10 277 272
2499 1 206 414 343
2500 1 20 281 295 66
2501 1 150 14 361
2502 1 35 417 87 201 158
2503 2 273 67 345 323
2504 1 227 335
2505 1 194 420
2506 1 61
2507 2 384 166 76 189
2508 2 272 229 87 62
2509 1 473 347 495 274
2510 2 203 24 313 327 198
2511 1 59 96 39 368
2512 1 470 113 24
2513 2 413 447 486
2514 2 453
2515 2 372 451 101 216 288
2516 1 59 170 393 471 446
2517 2 380 82
2518 1 49 401 77 13 193
2519 1 456 365 178 156 221
2520 1 6 183 71 232
2521 1 183
2522 1 410
2523 2 95
2524 2 158 57 437
2525 2 437 357 220 393
2526 2 304 156 224 318
2527 1 496 165 110
2528 2 91 45 188
2529 2 126 273 337 70
2530 1 361 377 43
2531 2 18 89
2532 2 435 60 294
2533 1 48 484
2534 2 355
2535 2 403 152 133 61
2536 2 381
2537 1 362 165 77 111 441
2538 2 300 367
2539 2 458 224 163 277
2540 1 236 265 118 97
2541 2 478 397 200 360
2542 2 376 253 251 156 471
2543 2 109 405 4 133 394
2544 1 108
2545 2 88 419 177 392 148
2546 1 353 424 189 284 261
2547 1 415 443 145 120 31
2548 1 261 317 112 259 199
2549 2 365 135 297 221 104
2550 1 417 152 430 133 169
2551 2 4 160 151 236 94
2552 1 38 190 108
2553 2 151
2554 2 280 69 21 251 277
2555 1 248 295 13 401
2556 1 197 250 295 231
2557 1 458 456 412 77 413
2558 1 128 143 26
2559 2 255 34 321 179
2560 2 95 64 259 413
2561 1 173 210 263
2562 2 426 161 316 117 225
2563 1 255 46 499 460
2564 2 131 184 211 12
2565 1 66 320
2566 2 313 410 396 494
2567 2 131 96 433 253
2568 1 244 416 322
2569 2 99 352 96
2570 1 488 202 265 352 387
2571 2 249
2572 1 290 372 323 176
2573 1 2 472 132
2574 1 107 183 392 172 467
2575 2 177 311 346 404
2576 2 278 178 155 80
2577 1 365 188 157 266 295
2578 2 416 270 209 435
2579 1 122 246 436 200
2580 2 32 443 440
2581 1 34 197 460
2582 2 223 421 64
2583 2 372
2584 1 166 500 27 302
2585 1 225 446 189 94
2586 1 295 208 410
2587 2 401
2588 2 133
2589 2 291 98
2590 2 95 207 7 299
2591 1 211 99 166 324 473
2592 2 80 65 108 94
2593 1 490 424 77 228
2594 2 300 333
2595 2 326 485 419
2596 2 201
2597 1 224 169 205
2598 2 207 51 244 344 36
2599 2 226 173 234 327 229
2600 2 105 478 355
2601 2 58 217 79
2602 2 135
2603 1 289 149 232 119 491
2604 2 393 178 68
2605 1 135 372
2606 2 440 489 11
2607 2 262 144
2608 1 387 363 337 171
2609 1 495 380 122 407 242
2610 2 458 285 259 234 74
2611 2 14
2612 2 281 101 47 144
2613 1 391 280
2614 2 441 149 278 442
2615 1 41 405 229 288 219
2616 1 340
2617 1 375
2618 1 420 430 388 486
2619 2 162
2620 1 95 349 108
2621 1 477
2622 1 36 478 446 2 191
2623 1 121
2624 1 73 279
2625 1 394 472 123 360 378
2626 1 83 449
2627 1 279 318 460 61
2628 2 346 422
2629 2 386 64
2630 2 323
2631 2 17 387 295 362
2632 1 143 47 254
2633 2 298 138 312
2634 1 349 63 128
2635 2 282
2636 2 135 491 134 260 233
2637 2 207
2638 2 361 309
2639 1 157 339
2640 1 477 253
2641 1 204 295 445 408 359
2642 2 156 423 190 353
2643 1 112 95 268 323 27
2644 1 249 371 311 24
2645 1 250 312 384 314 78
2646 2 32 332 82 161
2647 1 210 42 314
2648 1 266 98
2649 2 334 331
2650 2 55 483 414 327 464
2651 1 426 122 288
2652 1 416 283 225 55 372
2653 2 160
2654 2 365 495 188 361 259
2655 2 357 233
2656 2 451 457 240 294
2657 1 461
2658 1 85 232 89 51
2659 2 73 46 98 401 37
2660 1 309
2661 2 234 59 311
2662 2 416 472 131
2663 2 240 244 431 421 304
2664 1 78 454 412 147
2665 2 451 167 127 164 35
2666 1 376 245 324 174
2667 1 141
2668 1 149 333 371 67 484
2669 1 238 449 407 360 334
2670 2 329 301 214 60
2671 2 497 339 496 404
2672 2 221
2673 1 252 175 41 158
2674 2 109 361 434
2675 1 310 314
2676 1 46 98 37 270
2677 2 225 219 273 370
2678 1 152 43 217 89 148
2679 2 187 160 416
2680 2 238 169 141 494 184
2681 1 72 245 312 477
2682 1 195 334 298 253
2683 2 165 175
2684 1 360 354
2685 1 479 198 500 492
2686 2 180 455
2687 1 353 366 236
2688 1 337 10
2689 2 46 208 217
2690 2 55 30 38 455
2691 2 341 281 250
2692 2 335 477 9 180 153
2693 1 262 430 109
2694 1 251 217 308 140
2695 2 188 277
2696 1 269
2697 1 141 284 375 91 316
2698 2 385 479
2699 1 342 229 305 437 369
2700 2 3
2701 2 208 244 41 138
2702 1 314 285
2703 1 108 371 231
2704 2 257 152
2705 1 158 161 431 25 339
2706 1 142 166 26
2707 1 309 475
2708 2 422 287 94
2709 2 459 326
2710 1 48 39 70 86
2711 2 113
2712 1 138 37
2713 1 317
2714 1 198
2715 1 192 198 404
2716 2 114 484 80
2717 1 12 3 53 279
2718 1 29
2719 1 323 219 441
2720 1 284
2721 2 288 47 425 285
2722 1 121
2723 2 384 451 60
2724 2 50 473 176 270
2725 1 208 456 406 37 259
2726 1 166 43
2727 1 481
2728 2 112 379
2729 2 211 269 413
2730 2 84 495
2731 1 330 373 154
2732 1 146
2733 1 384 181 280 264
2734 2 454 360 400
2735 1 298 245
2736 1 21 494 393
2737 1 488
2738 2 348
2739 1 480 205 241
2740 2 223 110 457
2741 2 342
2742 1 197
2743 2 461 143 138 413
2744 2 263 302 401 427
2745 1 29 95 453
2746 2 101 363 365
2747 1 142 184 328 362
2748 2 100 117 317 281
2749 1 121 456
2750 1 346 13 187
2751 2 59 252 139 426 41
2752 1 268 288
2753 1 76 377 342 276 36
2754 2 480 448
2755 2 175
2756 2 421 429 315
2757 2 319 108
2758 2 479 17 349 392
2759 1 334 276 88 180 201
2760 1 153
2761 1 458 135
2762 2 251 28
2763 2 303 499 74 179 456
2764 2 349 159 467 407
2765 2 254 494 406 336
2766 2 45 497 466 256 67
2767 2 7 31
2768 2 123 73
2769 2 82 190
2770 2 340
2771 2 187 209 61
2772 2 97 416 157 4
2773 1 127 301 332 494
2774 2 491 140 75 44 366
2775 2 23
2776 1 70 318 465 352 82
2777 2 157
2778 2 430 135 458 4
2779 1 131 51 191
2780 1 94 408
2781 1 231 39 344 266
2782 2 260 436
2783 1 289
2784 2 53
2785 2 100 394
2786 1 389 269 401 67 475
2787 1 93 353 432
2788 2 443 99
2789 1 42
2790 1 313 305 386 36 283
2791 2 186 68 96 356
2792 2 162 126 418 190 443
2793 1 306 136 169 498 96
2794 1 412 60 41
2795 1 132 424 323 360
2796 1 334 371 256 119 76
2797 2 236 291
2798 1 198
2799 1 389 481 114
2800 1 35 338
2801 1 119 421 304 465
2802 2 468
2803 1 99 497 211 120 195
2804 1 239
2805 2 93 74
2806 1 64 303 186 452 147
2807 1 452 371 373
2808 1 76 391 333
2809 2 201 497 192 466 41
2810 2 393 291 222
2811 2 346 461
2812 1 483 168 23
2813 2 245 439 154 105
2814 1 288 307 302
2815 2 74 18 110 256
2816 1 128 83 317
2817 2 32 50 159
2818 2 373
2819 1 78
2820 1 444 76
2821 2 1 22 30 14 425
2822 2 442 185 60 273 249
2823 2 48 15 376
2824 1 110
2825 1 209 353 258 334 271
2826 2 309 42 497 355 86
2827 2 66
2828 1 245 296
2829 1 87
2830 2 137 326
2831 2 124
2832 2 154 364 241 278 439
2833 1 206 279 80 16 337
2834 1 168 294 52 447 420
2835 1 106 148 347
2836 2 61 409 4 375
2837 2 200 161
2838 1 313 470 7
2839 1 44 90 500
2840 1 369
2841 2 380 326 197 35 494
2842 1 98 462
2843 2 328 429 475 123 112
2844 2 242 495 85
2845 1 163 66 459
2846 2 286 99 74
2847 2 431 315 328 303 376
2848 2 121 485 16 438
2849 1 364 322
2850 1 45 17
2851 1 151 363 156 291
2852 2 189 108 274
2853 1 359 238 393
2854 1 468 11 163 490
2855 2 89 438 264 198
2856 1 4 286 22
2857 1 164 97 428 281
2858 1 425 474 322
2859 1 23
2860 1 231 248 348 119 444
2861 1 167 94 474 254 91
2862 2 358
2863 1 424 69 78 299 181
2864 1 56 338
2865 2 468 188
2866 1 147 478 64 40
2867 1 122 10
2868 1 111 279 239
2869 2 468 418
2870 1 377 402
2871 2 143 26 98
2872 1 3 426 18 302
2873 1 419
2874 1 262 131
2875 2 189 375
2876 1 125
2877 2 5 382 141
2878 2 344 124 292 336
2879 1 12 32 168 255
2880 2 68 360 37
2881 1 296
2882 1 387 256 406 90
2883 1 342 182 18 139 199
2884 1 436 191 386
2885 2 396 360 275 460 242
2886 1 95
2887 1 156
2888 2 117 239 380 115
2889 1 480 176 35 156 405
2890 2 368 128 267 404 47
2891 2 440 452 265 393
2892 2 451 427
2893 2 146 177
2894 1 193 306
2895 1 383 87 359 435
2896 1 94 33 449 153 301
2897 1 455 353 34
2898 2 442 318 32
2899 2 294 189
2900 1 6 488 164
2901 1 491
2902 2 361 133 411 492 250
2903 1 138 409 118
2904 2 364 333
2905 2 60 375 248
2906 2 100
2907 1 62 80 36
2908 1 256 80
2909 2 190 303 164 215
2910 1 464 81 32 89 479
2911 2 167
2912 2 61 481 189 480 408
2913 2 216
2914 1 164 158 422 150 152
2915 2 200 328
2916 2 184 214 49 48
2917 1 363 448
2918 2 161 258 157
2919 2 463 497 291
2920 2 219 98 104 190
2921 1 11 480 251 424 295
2922 1 26 82 246 489
2923 2 270
2924 1 341 168 362
2925 2 50 196
2926 2 451 33 89 63
2927 2 495 122 380 14 493
2928 2 75 49 398 226 297
2929 2 392 188 322 370 182
2930 1 194 150 168
2931 2 328 198
2932 2 436
2933 2 365 201 71
2934 2 74 91 75
2935 2 460 454 335 452
2936 2 251 239 210 154 245
2937 1 145 445
2938 2 177 380 253 306 409
2939 2 410 408
2940 2 265 376 422
2941 2 165 360 25
2942 1 441 225 36 227 186
2943 2 23 452 411
2944 2 259 301
2945 2 371 35 292 13
2946 2 382 329 21
2947 1 312 460 495 115 325
2948 2 260 281 14 460 380
2949 1 123
2950 1 286 136 326 180
2951 1 394 237 355
2952 2 150 4
2953 2 315 70 146
2954 1 491 210 410 282 500
2955 2 369 94 239
2956 2 78 478 487 413
2957 1 59 89
2958 2 497
2959 2 410 132 103
2960 1 376 183 397 97 322
2961 1 17 138 21 200
2962 2 324
2963 1 120 345 430 374 43
2964 2 134
2965 2 170
2966 2 214
2967 1 7 488 315 265 113
2968 1 11 205 235 57 145
2969 1 278 355 328 143
2970 2 491 254
2971 1 180 319
2972 2 248 69 148 424
2973 2 69
2974 2 426
2975 1 197 418
2976 1 220 454
2977 2 352 439 392
2978 1 168 192
2979 1 173
2980 1 134 212 391
2981 1 363 12 58
2982 1 242 287
2983 1 55 67
2984 2 12
2985 2 72 256 52 277
2986 1 429 92 438 34
2987 2 185 395 412 150
2988 2 53 410 288 246
2989 1 207 44 371 192 489
2990 1 358 280 227 128 491
2991 1 461
2992 1 302
2993 1 327 21 392 71 261
2994 1 125 136 195
2995 1 467
2996 2 155 484
2997 2 265 500 219 485
2998 2 252 285 48 156 449
2999 2 69 75 248 207 396
3000 1 79 385 117 39
3001 2 339 467 269
3002 2 379 15 196 66 146
3003 2 128 207 148 265
3004 1 334 213 131 293
3005 1 447
3006 1 237 460 399 274
3007 2 293 419 164 206 296
3008 1 244 396
3009 1 442 488 234 52 226
3010 2 490
3011 1 214
3012 2 203
3013 1 303 196
3014 2 34 145 463
3015 2 359 244 451
3016 1 203
3017 2 392 407 289
3018 2 116 400 118
3019 2 221
3020 1 164 339
3021 2 107
3022 1 387 279 415
3023 2 3 261
3024 2 45 75 23
3025 1 287 244 93 486 375
3026 2 282 383 152 140
3027 1 276
3028 2 422 234 5
3029 2 361 169
3030 1 37
3031 2 447 62 281 253 268
3032 1 140 52 82 156
3033 1 226 432 291 351 334
3034 2 214 218
3035 1 386
3036 1 55 13
3037 2 161 229
3038 1 286 131 403 348
3039 1 481 229 14
3040 1 353
3041 1 235 51
3042 2 223 412 24
3043 1 176 368 288
3044 1 425 351 206 491 446
3045 2 204 25 65 476
3046 2 279 146
3047 2 267 429 206 37 252
3048 2 462 92 376
3049 2 384 189 244 166
3050 2 137
3051 1 316 292
3052 1 47 222 239 438
3053 1 489 95 83
3054 1 326 78 207 182
3055 1 429 398 37 32 1
3056 1 135
3057 1 323 491 444
3058 1 409 119 125 362
3059 1 422 233
3060 2 289 207
3061 1 261 375 247 83
3062 2 150 189 336
3063 2 278 289 385 113 148
3064 1 472 243 209 2 293
3065 2 226 142 350 42 463
3066 1 188 353 45 94
3067 1 359 361 159 20
3068 2 433 458 163
3069 1 154 319
3070 1 170 442 68 133 140
3071 1 163 26 194 492 122
3072 1 122 411 3
3073 1 76 385 317 453
3074 1 441 107 452 392 99
3075 2 80 206 23 262 241
3076 2 371 476 58 196 9
3077 2 12 141 371 325 471
3078 2 496 47 77
3079 2 90 17 290 89 323
3080 1 191 223 270 137
3081 2 336 385 55 125
3082 2 337
3083 1 39
3084 1 348 235 215 218
3085 1 239
3086 2 163 293 388 248 52
3087 1 343 443
3088 2 420 194 317 187
3089 1 177 185 122 405
3090 1 78 368
3091 1 373 228 159 400 85
3092 2 462 275
3093 1 102
3094 1 354 291 419
3095 2 374
3096 2 41
3097 1 55 458
3098 1 285 298 389
3099 1 164 58 353
3100 2 485
3101 1 264
3102 2 352 287 399
3103 2 322
3104 2 123 336 17
3105 2 199 373 58 224 149
3106 2 7 414
3107 1 55 200 341 269 243
3108 2 344
3109 2 177 437
3110 1 175
3111 2 163 183 399 243 294
3112 1 432 476 8 426 190
3113 1 434 16
3114 1 264 352 287 93
3115 2 92
3116 2 187 126 34 314 337
3117 1 257 114 110 146 435
3118 2 343 94 98 368
3119 2 332
3120 1 164
3121 2 200 185
3122 2 368
3123 2 259 328 30 429
3124 2 444 329 178
3125 2 296 276
3126 2 387
3127 1 417 152
3128 1 207 468
3129 1 292 308 305 222 170
3130 1 357 158 394 49 468
3131 2 397 369 14 214
3132 1 138 309 4
3133 2 3 179 463 378
3134 1 288 113 432
3135 1 47 240 141 216 274
3136 2 445 346 461
3137 1 321 149 12 61 78
3138 2 410 436
3139 1 352 432
3140 2 43
3141 1 341 67
3142 1 464 140 27
3143 1 289 488 139 480 129
3144 2 458 220 5 366
3145 2 143 103 448
3146 2 128 45
3147 2 167
3148 1 324 312 57 107
3149 1 73
3150 1 26 236 188 5
3151 2 401 264
3152 1 479 145 477 484 392
3153 2 38
3154 1 162 95
3155 2 359
3156 2 300 355
3157 1 396 303
3158 2 403 434 323
3159 2 474 399 286 168 380
3160 2 398
3161 1 315 499 361
3162 1 270 484 330 210 427
3163 2 206
3164 2 294
3165 1 447
3166 2 231 431 42 13 53
3167 2 434 120 408 151 420
3168 1 362 8 205
3169 2 461 89 199 104 46
3170 1 384 110 150 355 409
3171 1 167 112
3172 1 37 168 157
3173 1 477 108 293
3174 1 460 67
3175 2 401 476 443
3176 1 354 457
3177 2 329
3178 1 357 25 152
3179 2 244
3180 2 85 289 494
3181 1 356 250 298
3182 1 78
3183 1 461 153 292 101
3184 2 132 302
3185 2 306 86 127 334
3186 1 295
3187 2 408 121 383
3188 2 114 278 445 497
3189 2 365 227 454 185 183
3190 2 488 197
3191 1 428 350 446
3192 1 385
3193 1 380
3194 1 346
3195 2 300 496 178 46 48
3196 1 20 478
3197 1 48 95 114
3198 1 99 170 386 484
3199 2 6 22
3200 1 215 14 347 386
3201 2 66
3202 2 5 300 301
3203 1 252 169
3204 1 467 335 120 490
3205 2 422 446 337 328 420
3206 1 278
3207 1 39
3208 2 31
3209 2 487 376
3210 1 25 297 323
3211 1 18 165 324
3212 1 221 170 143 413
3213 1 70
3214 2 466 244 151
3215 1 139 356 285 452 429
3216 2 393
3217 1 298 378
3218 1 384 446 36 443 239
3219 2 460 198 488 389
3220 2 14 476
3221 2 199 320 252
3222 2 89 244 446 171 227
3223 1 393
3224 1 357 118 12
3225 1 229 152 295 183
3226 1 474
3227 1 386 172
3228 1 196
3229 2 40
3230 1 87 347 96 108
3231 1 112 302 36 286 488
3232 2 276 313 373 105
3233 1 204 483 55 98
3234 1 96 270 477
3235 2 249
3236 2 201
3237 2 104
3238 2 248 186 184 71 278
3239 2 192 258 441
3240 2 240
3241 1 5 453 399 354
3242 2 155 129
3243 1 432 491 353
3244 2 180 244 144
3245 1 227 289 212
3246 2 178 458 280 132
3247 2 446 36
3248 2 38 431 212 88 113
3249 2 225 167 146 62
3250 2 395 75
3251 2 422 259 408 183
3252 1 248 100 97 463
3253 1 253 435 189 14
3254 2 36 111 89 174 313
3255 2 278 469 162 392
3256 1 104
3257 2 190
3258 1 239 215
3259 2 388
3260 2 54
3261 2 267 197 186
3262 2 444 224 466 106
3263 1 429 159 334
3264 2 48
3265 1 112 125 101 40 461
3266 2 381 480 457 412
3267 2 262
3268 2 289 264
3269 2 111 394 318 335 45
3270 2 52 435 137 60 495
3271 1 104 364 232 292 164
3272 1 322 356
3273 2 273 403 36 181
3274 2 46 429 38 473
3275 1 429 436 348
3276 1 328 207
3277 1 17
3278 2 466 181 171 298
3279 1 415 49 77 74
3280 1 32 370 354
3281 1 482 400
3282 1 102 433 61 305 345
3283 2 21 200
3284 1 5 45 219 488 415
3285 2 188 49 497 263 88
3286 1 107 371 373
3287 2 122 223 426
3288 2 174 64 493 234
3289 2 420 223 111 186
3290 2 92 397 11 147 82
3291 1 47
3292 1 303 266 256
3293 2 9 120
3294 1 431 110 313
3295 2 99 168 318 252 271
3296 1 493
3297 2 463
3298 1 128 477 84 140 344
3299 2 351 241 346 158 418
3300 2 455 78 484 141
3301 1 167 10 176 347 303
3302 2 413 142 87
3303 1 184
3304 1 472 116 316 345
3305 2 265
3306 1 93 421
3307 1 299
3308 1 404
3309 2 168 285 489 95
3310 2 478 45 379
3311 2 405 56 138
3312 2 101
3313 2 329 19 480
3314 2 166 301 335 128 244
3315 2 285 394
3316 2 88 225
3317 1 171 247 446 121 397
3318 1 425 330
3319 2 303 411 212
3320 1 190 80 476 180 418
3321 1 342
3322 2 470
3323 1 10 300 419
3324 1 13 471 111 330
3325 1 90 235 240 366 308
3326 1 377 44 267
3327 2 308 277 323 212
3328 1 32
3329 2 412 409
3330 1 278 309 218 5 362
3331 1 398 104 417
3332 2 306 203
3333 1 357
3334 2 347 134 31
3335 2 463 396 17 257
3336 2 120 467 458 220
3337 2 149 59 47 466 57
3338 2 95
3339 2 174 180 7 462
3340 2 410 341
3341 1 407 203
3342 1 150 366 226
3343 1 174 297 439
3344 2 279 225
3345 1 401
3346 1 385 325
3347 2 287 289 323 176
3348 1 84 169 154 143 424
3349 1 191 370
3350 1 412 333 202 409
3351 1 481 391 200 482 246
3352 2 325 459
3353 2 253
3354 1 42 4
3355 2 437 14 314
3356 2 91 211
3357 2 192 431
3358 2 136 243 406 239
3359 2 88 28 139 265 263
3360 1 118 76 469 489
3361 1 250 375 222
3362 2 426
3363 2 235
3364 1 274 10 460 306
3365 1 158 155
3366 2 17
3367 1 170 148 474 263 8
3368 1 102
3369 2 92 466 93
3370 1 439 452 9 202 377
3371 1 20 152 251 138
3372 1 141 82 84
3373 2 97 94 211 24
3374 1 336
3375 2 61 307 263 284
3376 1 142 64 279 135
3377 1 236 198 429 246 178
3378 2 303
3379 1 278 408
3380 1 179 59 182 297
3381 1 460 121
3382 1 111 127 402 160 189
3383 2 193 392 139 40 280
3384 2 2 411
3385 1 43
3386 2 20 31 389 432
3387 2 284
3388 2 441 129 12 147 198
3389 1 379 434
3390 2 427 299
3391 2 350 105 240
3392 2 48
3393 1 353 258 386 160 343
3394 1 195 185 474 300 254
3395 2 195 418
3396 1 139
3397 2 161
3398 1 495 248 223
3399 2 155
3400 2 178 258 471
3401 2 401 40 207
3402 1 76 88 81 486 356
3403 2 64 242
3404 2 434
3405 2 29 201 377
3406 2 152 381 413 453
3407 1 271 444 226
3408 1 32 109 92 390
3409 2 464 360 370 497
3410 1 454 167 378 298
3411 1 316 469 240 198
3412 2 164 333
3413 2 267 200 414
3414 2 398
3415 1 311 200 97 80 345
3416 2 334 356 295
3417 1 29
3418 2 260 108 264 432 15
3419 1 459 480 28 227 74
3420 1 76 61
3421 2 13 296
3422 1 2 415 237 137 122
3423 2 422 26
3424 2 428
3425 1 218 414
3426 1 217 288 241 7
3427 2 457
3428 1 388 417 262
3429 2 41
3430 1 13
3431 1 448 138 157 234 72
3432 1 112 309 412
3433 2 175
3434 2 177 462
3435 1 403 418 26
3436 1 317
3437 1 155 84 470 26 274
3438 2 184 197 399
3439 2 441 45 186 456 311
3440 2 361 451 478 26
3441 1 336 339 100 109
3442 1 477
3443 1 473 83 435 87
3444 2 388 426
3445 1 83 318
3446 2 483 179 172 428
3447 2 340
3448 2 499
3449 1 61 321 369
3450 1 452 241
3451 2 333
3452 2 435 232 446
3453 1 238 470 457 422
3454 2 410
3455 1 118 426
3456 1 70
3457 2 422 64
3458 1 324 62 66 15
3459 2 345 161 58 230 393
3460 1 244
3461 1 344 225 384 375
3462 2 300 330
3463 2 204 101
3464 1 281 366 73 2
3465 1 389
3466 1 229 68 10 39
3467 2 309 160 416 275
3468 1 443 170 128 377
3469 2 239 218 401
3470 1 127 207 398 453 472
3471 2 183 184 119 383
3472 2 50 15 427 191 40
3473 2 416 323 96
3474 1 395
3475 2 106 410 257
3476 2 289 402
3477 1 227 45 452
3478 1 329 198 100 230 77
3479 1 255 380 296 293 427
3480 2 8
3481 2 201 319 20 15
3482 1 154 306 12
3483 1 394 4 102
3484 2 484 456 145
3485 1 480 94 444 41
3486 1 305 376
3487 2 48 65 359 38
3488 2 205 104 82 447 360
3489 1 133 127 395 154
3490 1 368 4 197
3491 1 72 308 95
3492 2 476 210
3493 1 388
3494 2 408 260
3495 2 449 267 133 415 82
3496 1 31 471 282
3497 1 249 117
3498 1 15 2 256 43
3499 1 204 74 276 225
3500 1 387 318 219 127 139
3501 1 362 172
3502 1 184 88
3503 2 279 232 255
3504 1 162 350 152 70 426
3505 1 8 488 170 43
3506 1 89 420 60 4 199
3507 1 500 409 126 184 317
3508 2 459 291 477 433 150
3509 1 299
3510 1 274 186 177 415
3511 1 172
3512 2 43
3513 1 20 372
3514 2 330
3515 1 277 64
3516 1 48 193
3517 2 53 267 436 233 235
3518 2 219 306 469 238
3519 2 210 372 227 105
3520 2 475 319 106 436
3521 2 404
3522 1 310
3523 2 435 222 85
3524 1 11
3525 1 49 417 382 231
3526 2 46 371 368
3527 1 279
3528 2 258 344 341 304 224
3529 1 190
3530 1 60 256 293
3531 1 387 111 279
3532 1 76 24
3533 1 161 39 4 363
3534 1 324
3535 1 448
3536 2 8 15
3537 2 21 281
3538 1 79 417
3539 1 81
3540 1 59 425 353 302 263
3541 1 258 444 471 421 388
3542 1 249 292 96
3543 1 347 68 137 445 495
3544 2 301 260
3545 1 396 493 281
3546 2 83 397 318 456 132
3547 1 304
3548 2 300 463 327
3549 1 36 348 258 244
3550 2 306 417
3551 2 253
3552 1 463 47 46 81
3553 1 102
3554 2 468
3555 1 122 258 349
3556 1 353 114 317
3557 2 82 136 273 270
3558 1 101 377 178
3559 1 446
3560 1 4 290 416
3561 2 379 492 292 228 482
3562 1 484 254 315 63 339
3563 2 98 323 320 457 380
3564 2 385 46 94 81
3565 2 23
3566 2 187 56 397 378 253
3567 2 382
3568 2 142 330 469 251
3569 2 206 303 384 89
3570 2 71
3571 1 318 225
3572 2 347 134 198
3573 2 451 88
3574 1 36 60 441 227 451
3575 2 420
3576 2 179 82
3577 2 332 482 290 106
3578 2 196 112 369 331
3579 1 106 205 283 162 54
3580 2 480 362 39 345 166
3581 1 318 219
3582 2 63 410 138 243
3583 2 325 32
3584 1 263 287
3585 1 218 473
3586 1 73 318 110 86 191
3587 1 253 178
3588 2 215 382 108
3589 1 36 28 450 109
3590 1 362 88
3591 2 111 21 379 192 453
3592 1 296 356 140
3593 1 91 347 156 484
3594 1 24 497
3595 2 435 33 418 250 462
3596 2 79 215 219 184 42
3597 1 157 106
3598 1 103 155 360
3599 2 286 71
3600 2 19 487 351 474
3601 1 294 387
3602 1 267
3603 2 35 337 293
3604 2 270 449
3605 2 136 101 288
3606 2 386 95 181 189 186
3607 2 500
3608 1 77 284
3609 1 428 137
3610 2 204
3611 1 228 27 348 345 124
3612 1 25 63 363 388 161
3613 1 321 91
3614 2 341 308 89 150
3615 1 338 289 6
3616 2 163 273
3617 1 372 79
3618 2 133 178 54
3619 1 325 446
3620 2 56 288 117
3621 1 397 170 414 198
3622 2 91
3623 1 172 387
3624 2 95
3625 1 191
3626 1 395 79
3627 2 91 139 426
3628 2 7 5 239 164
3629 2 357
3630 1 182 54 291 400 19
3631 1 47 269 432 171
3632 1 175 481 476
3633 1 3
3634 2 7 295
3635 2 307 36
3636 1 5 306 498 293 228
3637 1 139 162 371
3638 2 324
3639 2 188 289 300 341 331
3640 2 213 440 410
3641 2 239
3642 1 138 202
3643 2 495 67 55 50 259
3644 2 278
3645 2 485 268 148
3646 1 44 374
3647 2 89 228 442 38 50
3648 2 142 48 271
3649 1 45 443 400 282 273
3650 1 286
3651 2 344 67 186 407 182
3652 1 260 269 265
3653 1 180 339
3654 2 70 174 365 95
3655 1 220 158
3656 2 469 271 163 199 84
3657 2 447
3658 1 246
3659 1 450
3660 2 499 263
3661 1 130
3662 1 409 289 190 126
3663 1 186 287 162 268
3664 2 438 17 281 128 117
3665 1 437
3666 1 12
3667 2 300 253 325
3668 2 210 456 338 77
3669 2 141
3670 1 148 464 237 466 478
3671 1 488 362 156
3672 1 56
3673 1 121
3674 2 454 390 405
3675 2 106 34 11 270
3676 1 38 89
3677 2 198 242 253 318 250
3678 2 337 300 447 460 462
3679 1 224 23 232 245 275
3680 2 38 443 291
3681 1 304
3682 1 237
3683 1 321 453 108
3684 1 59 384
3685 1 78 218 105 64
3686 1 472 215 150
3687 2 5 12 299 437
3688 2 169 225
3689 1 160 7 13 449
3690 1 79 13 12 144
3691 2 49 227 362
3692 2 273 348 376
3693 2 407 172 409 493 340
3694 2 33
3695 1 66 69 87 68
3696 1 352 339 62 135 460
3697 1 196 49 345 445 96
3698 1 405 258
3699 1 215 17
3700 2 291
3701 2 487 18
3702 2 76 157 308
3703 2 111 167 487 231 239
3704 1 131 358 9 382
3705 1 422 455 327
3706 2 172 279
3707 1 293 412 424 51 195
3708 2 311 443 61
3709 2 356 329
3710 2 358 474
3711 1 53 57 110 498
3712 2 272 151 207
3713 1 384 191 180 202 352
3714 1 287 108 440 470 459
3715 2 229
3716 1 94 66 417 369
3717 1 390 163
3718 1 242 129 220 274
3719 2 50 274 177 175
3720 2 348
3721 1 254 357
3722 1 92 356
3723 2 170 255 431 249
3724 1 90
3725 1 317 44 162 218 222
3726 1 146 57 127
3727 1 75 156
3728 2 233 366 74
3729 1 318
3730 2 117 243 64 279 192
3731 2 352 105
3732 1 324 98 252 312 80
3733 2 355 56 200 485 309
3734 2 362 23
3735 2 44 474 76 457
3736 2 75 252 137
3737 1 217 41
3738 1 301 237 122 497
3739 1 362 164 70
3740 2 339
3741 1 134
3742 1 382 54
3743 2 443 429 51 324 45
3744 1 184 452 410 199 458
3745 1 130
3746 2 296 181 16 175 439
3747 2 225 444
3748 2 463 466 417 452
3749 1 493 23 430 261
3750 1 378
3751 2 244
3752 2 458
3753 1 6 386
3754 1 153 163 483
3755 2 124
3756 1 248
3757 2 394 463
3758 2 433
3759 1 77 151
3760 2 200 41 419
3761 2 195 116 318 25
3762 2 391 399 362 265 258
3763 1 245
3764 2 390 443
3765 1 353 430 296 124
3766 1 328 367
3767 1 408 269 232 441 489
3768 2 226 209 77 188 412
3769 2 197 263 371 172 465
3770 2 7 15
3771 2 50 500 360 330
3772 1 416 49 440
3773 2 441
3774 1 315
3775 2 306 137 432
3776 2 413
3777 2 2 226 290
3778 1 451 334 289
3779 1 266 467
3780 2 157 462 133
3781 2 395 285 411 424
3782 2 379
3783 2 131 345 429
3784 2 418 283 49 383 267
3785 1 362
3786 2 63 336 255 285
3787 1 70
3788 2 256 55
3789 1 470 445 83 186 81
3790 2 466 475 287
3791 2 120
3792 2 158
3793 1 417 47 166 307 239
3794 1 279 406 429 309 405
3795 1 1 471
3796 2 2 210 177 467 306
3797 1 143 293 177
3798 1 334 134
3799 1 211 500 477 424
3800 1 298
3801 1 41 17 397 52
3802 1 18 300 71 162 473
3803 2 218 209 369 80 401
3804 2 438
3805 2 270 447 248 393
3806 1 104 307 208
3807 1 91 391 54
3808 1 80 125 233 278 271
3809 2 17 370 67
3810 2 412 98 310 482 115
3811 2 143 397 411 360 89
3812 2 48 163 412 134 306
3813 2 414
3814 1 270 49 316 488 210
3815 1 16
3816 2 364 477 119 370 387
3817 2 404 200
3818 2 392 176
3819 2 206 342 270 428
3820 1 13 235
3821 1 157 115
3822 2 89
3823 2 292 50 313 45
3824 1 21 189 213 419
3825 2 344 115 304
3826 2 397 408 276
3827 2 344 147 391
3828 2 271 313 312
3829 2 280 443
3830 2 278 142 477 433 209
3831 2 361 272
3832 1 312
3833 1 102 39 431
3834 1 124 338 484 254
3835 1 201 263 231 55 90
3836 1 167
3837 1 234 176 173 60 351
3838 2 384 82
3839 1 3 76
3840 1 201 292 43 353 385
3841 1 469
3842 1 150 410 14 376
3843 1 153 370 487 441
3844 2 175
3845 1 247 428
3846 1 403 473 283 172
3847 2 316 70 126 477
3848 1 449 154
3849 2 61
3850 1 226 248 340 132
3851 1 140 260 420 168
3852 1 116 9 470
3853 1 296 16 97
3854 2 230 206 42 357 434
3855 2 255
3856 1 84 238
3857 2 36 189 474
3858 1 474
3859 2 449 414 173 158
3860 2 70 293
3861 1 458 477
3862 1 327
3863 2 305 459 293
3864 2 62 289 121 316
3865 2 37 339 275
3866 1 398 360 40 29 163
3867 1 469 132 90 367 287
3868 2 274 214
3869 2 123
3870 2 384 479 381 368
3871 2 269 462
3872 1 481
3873 2 339 135 296 346 256
3874 2 10 155 112 177 499
3875 2 469
3876 1 166 68
3877 2 182 367 459 369 142
3878 1 457 316 199 449 240
3879 2 432 157 351 408
3880 2 452
3881 2 26 458 337 108 44
3882 1 123 16 461 494
3883 2 462 136 267
3884 2 149 314 364 193
3885 2 377 304 333 190
3886 2 63
3887 1 498 89 205 499
3888 1 300 419
3889 1 471 452
3890 2 347 395 298
3891 1 421 276 447 174
3892 2 434 494 430 243 241
3893 2 250 377 125 446 466
3894 2 494 402 486
3895 1 2 486 373
3896 2 1 68 92 395 359
3897 1 174 367
3898 2 30 362 6
3899 2 1 399 206 334
3900 2 91 287 296 412 138
3901 1 486 51 345 44 385
3902 1 463
3903 1 59 276 476 340 413
3904 1 437 151 25 158
3905 1 47 356 389
3906 1 468 217 45 111 86
3907 1 437 240
3908 1 49 197 287
3909 2 55 354 173 192
3910 2 77
3911 2 257
3912 1 275 217
3913 1 308
3914 1 319 18
3915 1 111
3916 1 277 121 368 353 182
3917 1 498
3918 2 313 463 95
3919 2 416
3920 2 326 381 419 206
3921 2 451
3922 1 219 15 142 346
3923 1 384
3924 1 80 391
3925 1 164 131 256
3926 2 27 244 389 80
3927 2 16 424 40
3928 2 337 412 189
3929 2 151
3930 2 257
3931 2 37 101 419
3932 1 115 22 436 421
3933 1 390 498 48 464 342
3934 2 418
3935 1 442 230
3936 2 257
3937 1 388
3938 1 385 400 388 397 92
3939 2 49 226 419 435
3940 1 474
3941 2 349
3942 2 23
3943 2 79 119
3944 2 133 14 411
3945 1 228
3946 1 257 470 139
3947 2 422 11 496 101 309
3948 1 277 171 207 53 372
3949 2 94 245 459 381
3950 2 339 314 395 488 182
3951 1 330 179 416 101
3952 2 134 201 402
3953 1 458 397 126 416
3954 1 364 154 367 314
3955 1 403 104 101
3956 2 179
3957 2 333 307
3958 1 316 472 174
3959 1 389
3960 1 299 399 272
3961 2 449
3962 2 230
3963 2 422 192
3964 1 421 57
3965 2 207
3966 1 419 305 387
3967 1 448
3968 2 437 14 125
3969 2 35 374 471
3970 1 267 452
3971 1 430 137 196
3972 1 426 354
3973 1 284 65 323
3974 2 293
3975 1 50 196 201 119 204
3976 1 290
3977 2 292 233 310 115 471
3978 2 51 164 48
3979 1 94 20 419 75 139
3980 2 64 94 473 161
3981 1 402
3982 2 310 426 42 39 263
3983 2 155 153 227 371 257
3984 1 239 119 25
3985 1 445 492 226 82 335
3986 1 331 191
3987 1 278 492 384 125 250
3988 1 260 237 340 499 204
3989 1 120 476 207
3990 2 446
3991 2 324 466 33 49
3992 1 154 330
3993 2 355 295 290 267 5
3994 2 366 9 94 47 159
3995 2 99 90 131 30 351
3996 2 194
3997 1 418 388 53 417 188
3998 2 223 73 297 136 500
3999 1 476 114 446
4000 2 90 147 57
4001 2 32
4002 2 261 63
4003 1 97 233 142 240 450
4004 2 403 411 22 207
4005 1 105
4006 1 39 358 331 480 439
4007 1 465 358
4008 2 302
4009 2 310
4010 1 209 486 311 124
4011 1 348 288 294 468
4012 1 475
4013 1 370 83 500 23
4014 1 350 50
4015 2 386 334 455
4016 2 162
4017 2 452
4018 1 492
4019 1 394
4020 2 489
4021 1 39
4022 1 494 308 109
4023 1 104 147 33 5 324
4024 1 454 17
4025 1 396 457 70
4026 1 187 357 478 404 86
4027 2 154
4028 1 467 349 60 244
4029 2 212 420 8
4030 2 36 202 384 488 87
4031 1 152 494 196 320
4032 2 308 29
4033 2 86
4034 2 468 309 492 301 280
4035 1 248 176 250 65 378
4036 2 484 208 424
4037 1 440
4038 1 189 185 336 140 213
4039 2 352 157
4040 1 49 117 85
4041 1 317
4042 2 490 423 370 387
4043 2 420 23 338 92
4044 2 150 455 363 27 127
4045 1 391 339 355 333 212
4046 1 357 414 63
4047 1 41 183 12 81
4048 2 242 63 410 109 27
4049 1 421
4050 1 150 436
4051 2 143 325
4052 1 359 426 429 223
4053 2 389 331
4054 2 70 153 42 404 168
4055 2 298 48
4056 2 361
4057 1 374
4058 1 266 133 393 437 454
4059 2 55 197
4060 1 202 378
4061 1 266 226
4062 2 200 352 48
4063 2 176 206 312
4064 2 476 134 226 356 205
4065 2 111 201 123
4066 1 203 479
4067 1 96 444
4068 1 58 129
4069 1 272 463 143 333 267
4070 1 339 433 97 38 125
4071 2 394 315 288 7
4072 2 117 424
4073 2 242 279
4074 2 126 301 20
4075 1 302 303 70 360
4076 2 83 494 194
4077 2 316
4078 1 442
4079 2 490 406 150
4080 2 156 65
4081 1 485 28
4082 2 367
4083 1 465 139 81 407
4084 1 82 402
4085 1 265
4086 2 284 313 309 72
4087 1 52 9 29 116
4088 2 81
4089 1 169 34 282 458 25
4090 1 263 394 351
4091 2 353 310 127
4092 1 465
4093 2 183
4094 1 494 293 113 335 300
4095 1 100 129 241
4096 1 113
4097 1 235 425
4098 2 451 236 285 160
4099 1 285 96 490 241 470
4100 1 404 345 179
4101 1 369 400 295 99
4102 1 405
4103 1 347 127
4104 2 420 355 244 423 391
4105 2 387 413 53 347
4106 2 409 134
4107 2 247 479 265
4108 1 241 9 249
4109 1 213
4110 2 483 438 172 353
4111 1 82 87 369
4112 1 72 405 241 439 170
4113 1 165
4114 2 56 151 259 60
4115 2 283 37 21 194 471
4116 1 443 332 253 195 236
4117 1 451
4118 2 429 295 299 259
4119 2 496 41 77
4120 2 322 152
4121 2 468
4122 1 234 410 208 311
4123 2 165 450 220
4124 2 400 451 298 448 118
4125 2 211
4126 2 462 97 217 354 233
4127 2 137 194
4128 1 235 373 182
4129 2 226 371 308 129
4130 2 208 314
4131 2 33 290
4132 2 375 309 56 98
4133 1 361 126
4134 1 22 286 254 236
4135 1 53 234 58 112
4136 1 113 105
4137 2 62 425 139 25
4138 1 495 212 268 453 52
4139 1 73 127 322 152 257
4140 2 121
4141 1 69 105 460 496
4142 1 487 53 84 290
4143 2 276 433
4144 2 396 422 89 177
4145 2 143 448 461 387
4146 1 273 16 478 150
4147 2 423 277 151 245 306
4148 2 35 103 258
4149 2 138 19 368 497
4150 1 39 451
4151 2 98 399 57 338
4152 2 265 289 400
4153 1 457
4154 1 475 326 413 168 56
4155 2 231 207 285 176
4156 2 223 322
4157 1 3
4158 1 405
4159 1 473
4160 1 387 6 135 283
4161 2 278
4162 1 292
4163 2 369
4164 1 359 233 92 61 393
4165 2 297 464 351 160
4166 2 200 20 110 429 407
4167 2 399 441 36 66
4168 1 472 52 16 280
4169 2 172
4170 1 18 188 155 183 104
4171 2 160
4172 1 298 56 29
4173 2 274
4174 1 58 234 370 398 387
4175 2 382 474 27 349 163
4176 2 66 24 99 284 152
4177 2 41 460
4178 2 365
4179 2 328
4180 1 114 313
4181 2 294 408
4182 1 220 13 266
4183 1 326
4184 2 440 295 284 296
4185 2 281 349 202 342 117
4186 2 182
4187 1 132 415 423 212 8
4188 2 330 390
4189 2 35 354 272 255 434
4190 2 58 280 254 39 469
4191 1 112 201 117 218 343
4192 1 206 237 343 32
4193 2 24 157 285
4194 1 190 249 359 328
4195 1 428
4196 1 241 431 103
4197 1 317 24 500 453
4198 1 478 70 141 18
4199 2 111
4200 1 353
4201 2 284 487 243 462 345
4202 1 58 96
4203 2 233
4204 2 329 197 143
4205 2 396 233 247 76 393
4206 1 309 18 150 144
4207 1 236 461
4208 1 475 146
4209 1 70 451 458
4210 2 382 283
4211 2 48 25 393 96
4212 2 260 465 237 379 258
4213 1 362 55 163 376
4214 2 272 64
4215 2 351
4216 2 432 19 39 248 392
4217 1 154
4218 2 461 31 304 164
4219 1 268 394 422 126
4220 1 451 324
4221 2 201 251 38 420
4222 2 238
4223 2 442 483
4224 2 307 62 129 56
4225 2 236 111 311 208 67
4226 2 101 206 324 287
4227 2 143 282 58
4228 2 105 413 215 378 422
4229 1 263
4230 2 281 32 5
4231 1 105 245 254 186
4232 1 405 461 156 332
4233 1 52
4234 2 153
4235 1 369
4236 2 402 412 356 219 132
4237 1 444 368 43
4238 1 3 150
4239 2 160
4240 1 310 298 441 388
4241 2 412 126
4242 1 201
4243 1 272 186 429
4244 2 178
4245 2 335
4246 1 401 18
4247 2 46 473 487 214 465
4248 1 375 307
4249 1 253 415 5 376 124
4250 2 442 416 470 445 106
4251 2 214 115 252 315
4252 1 459 271 44 214
4253 1 372 164 343
4254 2 59 372 473
4255 2 309 157
4256 1 222 72 12 274
4257 1 377 427 150
4258 2 338 427
4259 2 92 122 114
4260 2 323
4261 2 353 40 181 18
4262 2 66
4263 1 330 393 400 345 309
4264 1 204
4265 1 45 136
4266 1 64 129
4267 1 364 469 466 382
4268 1 287 198
4269 1 87 207 90 454
4270 1 86 40 170
4271 2 82 111 196
4272 2 425 430
4273 2 215 478 1
4274 1 180 419 344
4275 2 88 320
4276 1 87 401 129
4277 1 100 456 195 140
4278 1 261 235 311 143 199
4279 2 116 324 249 458 131
4280 1 403 458
4281 1 206 44 46 286
4282 2 188
4283 2 329 250 292 14
4284 1 433
4285 1 67 338 111 465
4286 1 293 278 209
4287 1 471 34 422 481
4288 1 74 496 109 87
4289 2 49 465
4290 2 267
4291 1 188 402 395 484 254
4292 1 256 278
4293 2 83 256 392
4294 2 253 433
4295 2 305 108 168 291 422
4296 1 391
4297 2 188 366
4298 2 442 249 125 487
4299 2 497 347 124 205 88
4300 2 441
4301 2 391 382 253
4302 1 358
4303 1 52 143 414 310 53
4304 1 44 294 461
4305 2 333 213 325
4306 2 347 139 245
4307 2 263 218 356 65
4308 2 402 455 148 329 370
4309 1 404 254 391 500 380
4310 2 70 42 89 313
4311 1 19 74 166 177 431
4312 2 367 226
4313 2 321 354 279 50 145
4314 1 219 456 144
4315 1 60
4316 2 312 468
4317 2 169 462
4318 1 299
4319 2 291 369 376 419 366
4320 1 285 93 236
4321 1 31
4322 2 217 79 112
4323 1 41 243 228 461 226
4324 1 38 291 103 24 95
4325 1 152 111 137 37 261
4326 1 397 339 107
4327 1 286 347 115 54 159
4328 1 210 218 399 388 411
4329 2 26 323 475 191 478
4330 1 40 54 331
4331 2 327
4332 2 350
4333 1 208 82 341 445 62
4334 1 42 298 185
4335 2 270 52 266
4336 1 50 137 95 40
4337 2 226 443 276
4338 2 394 276 38 446
4339 1 453 375 444
4340 2 240 102
4341 1 34 93
4342 2 253 267 333 438 105
4343 2 280 6 253 295
4344 1 150 304
4345 1 190 187 441 422 88
4346 2 26 298 406 383 392
4347 1 496 489 425
4348 2 496 152 477
4349 1 189 226 120 244
4350 2 250 500
4351 2 41 162 305 310
4352 1 85 42 13 423
4353 2 411
4354 1 303 371 168 184 76
4355 1 422
4356 1 51 110 318
4357 2 249 218 216 459
4358 2 5
4359 2 171 268 267 195 265
4360 1 77 312 219 161
4361 2 441 478 451 459 477
4362 2 459 246 10
4363 2 181 17 353 158 196
4364 1 27 293 386 461 177
4365 1 402 156
4366 2 3 142 301 365
4367 2 294 301 151 463 109
4368 2 21 172 73 476
4369 1 170
4370 1 65 313
4371 2 490
4372 1 45
4373 1 149 471 313 205
4374 1 252
4375 2 328
4376 2 160 265 459
4377 1 340
4378 1 66
4379 2 280 90 196 312 2
4380 2 339
4381 2 414 59 194 238 58
4382 2 70
4383 1 65 189 42 314 161
4384 1 464 165 442
4385 2 276 160 382 437
4386 2 158
4387 2 113 329
4388 2 425 38 132 185
4389 1 122 350 24 416 114
4390 2 319 13 245
4391 1 49 158 25 298
4392 2 489
4393 1 182 404 384
4394 2 276
4395 1 254 440 299 352
4396 1 378 294
4397 1 279 441 337
4398 1 371 340 279 48
4399 1 208
4400 2 360
4401 2 279 292 459 302
4402 2 338
4403 1 320 440
4404 1 375 69 309 355 436
4405 1 323 312 59 108 327
4406 1 352 314 496
4407 2 254
4408 2 93 172 101
4409 2 325 14
4410 1 20 357 448 414 131
4411 1 328 157 165 412
4412 2 466 478 193 287 289
4413 1 132 212
4414 1 319 177 308
4415 1 355
4416 2 387 484
4417 2 485
4418 2 16 101 27 44
4419 1 394 334 452 41 381
4420 1 62 328 257 413 71
4421 2 432 294 456 213
4422 2 233 137 237 487 112
4423 1 63 106
4424 2 233 113 35 272
4425 1 134 1
4426 2 16 287 303 128 42
4427 1 462
4428 1 97
4429 2 440 444
4430 2 226 160
4431 1 404 362 106 465 346
4432 2 137 379 130
4433 2 277 353 234 372 356
4434 2 371
4435 2 208 141 5 398 168
4436 1 182 248 334 485 480
4437 2 378 419 425
4438 1 298 123
4439 1 120 283 269 72 36
4440 1 468 438 247
4441 2 325
4442 2 138 453 179
4443 1 47 21 5 273
4444 1 407 153 104
4445 1 104 336 137 393
4446 2 434 170
4447 1 461 176 234 427 491
4448 1 478 69
4449 2 239 183 284 191
4450 2 254 21
4451 2 340 195
4452 2 83
4453 1 442 30
4454 2 196 48
4455 1 174 420
4456 2 61 316 190 267 304
4457 1 494
4458 1 224 419
4459 1 186 145 1
4460 1 478
4461 2 267 66 473 156
4462 2 332 1 355
4463 2 143
4464 2 121 402 437 247 226
4465 2 212 399 99 177
4466 2 241
4467 1 286 38
4468 1 249 158 5 140 193
4469 2 438 230 219 316
4470 1 144 3 372 28 440
4471 2 171 156 57 355
4472 2 492 306 344 102
4473 1 183 287 424 161
4474 2 2 276
4475 1 10 148 464 14
4476 1 237 54 310 46 342
4477 1 128 81 261 334 33
4478 1 94 159 418
4479 1 64
4480 2 173 10
4481 1 414 77
4482 2 113 218 357 313
4483 2 342 97 392
4484 1 103 279 478 245
4485 2 343 366 258
4486 1 446 58 195 496 301
4487 1 488 322 250
4488 2 123
4489 2 462 43
4490 2 211 154 339
4491 1 276 94 107
4492 1 278 377
4493 2 241 365
4494 2 131
4495 1 170 237 388 43
4496 2 401 193 37 465 266
4497 1 434 222
4498 2 348 397 170 367 414
4499 1 449 120 206 77 135
4500 1 150 163 341
4501 1 120
4502 2 172 27 337 239
4503 2 394 418 335 128
4504 2 38 21
4505 2 421 303 312
4506 1 38 305
4507 2 82
4508 2 249
4509 2 320 80
4510 1 222 260 134
4511 2 357 191 30 95
4512 2 193 23 387 429 430
4513 2 350 432
4514 2 121 464 434
4515 1 330 337 431 391 411
4516 1 101 396 442 429 446
4517 2 361 13 36 238 182
4518 1 180 61 288 116
4519 1 461
4520 2 498
4521 2 246
4522 2 123 361 458 127 94
4523 1 26 180 1 303 248
4524 2 57 193 479
4525 2 393
4526 2 219 134 154 364 65
4527 1 88
4528 2 170
4529 2 91 249 384 480 56
4530 2 164 175 301 196
4531 1 224
4532 1 369
4533 2 248 409
4534 2 241 286 246 319
4535 2 191 188 430 14 68
4536 2 97 275 65 209
4537 2 163 472
4538 1 313 450 230
4539 1 89
4540 2 331 2 56 85
4541 1 193 369 15 157
4542 1 331 216
4543 1 231 482 26 497 398
4544 1 216 205 275 65
4545 1 432 308
4546 2 443
4547 1 444 299
4548 2 147
4549 1 473 278 249
4550 2 478 249 358 472 58
4551 1 384
4552 1 470
4553 2 368 152 251
4554 1 139
4555 1 411 195 298
4556 1 438 220 264 329
4557 1 322 479 215 146
4558 2 321 406 316 23 91
4559 2 354 36
4560 2 444 330
4561 1 354
4562 1 109 386 251 314
4563 2 46 28 47 71
4564 2 222 181 191 129
4565 2 149 481 374 18
4566 1 315 210 302 32
4567 1 234
4568 2 305 202 3 166
4569 2 393 267 60 154 26
4570 1 495 260 145 381
4571 1 10 452
4572 1 458 356 117
4573 1 194 23
4574 2 81 406
4575 2 295 367 463 169
4576 1 401 284
4577 2 7 46 208 444 301
4578 2 36 477 299 21
4579 1 108 270 342 195
4580 2 163 469
4581 2 260 483 215
4582 2 92 53 34 231 289
4583 1 79 336 133 111
4584 1 414 176 461
4585 1 51 170 21
4586 1 65 269 141
4587 1 369 233 455 180 448
4588 1 40 170 276
4589 1 367 398
4590 1 379 110 74
4591 1 14
4592 1 451 226 290 56
4593 2 477
4594 1 271 426
4595 2 374
4596 2 245 121
4597 1 97 125 36 390
4598 2 238 400
4599 1 177 183 134
4600 2 75 384 431
4601 2 472 369
4602 1 442 36 348 411
4603 1 58 24 92 442
4604 1 469 1 335
4605 1 64 402 75 447 101
4606 1 60
4607 2 123
4608 1 260 467
4609 2 60 20 212
4610 2 365 443 63 11 245
4611 2 388 31 475
4612 2 23 461 424
4613 1 186 297 394 131 396
4614 1 62 101 3 322
4615 2 268 129
4616 1 3 287 113 294 155
4617 1 140 420 330 430 18
4618 2 88
4619 1 303
4620 2 381 76 328
4621 1 249 491 256 375
4622 1 432 232 34 212 251
4623 1 219
4624 1 172 2 423 16
4625 1 353 107 100 325
4626 2 450 279 32
4627 1 351 144
4628 2 395 428 413
4629 2 96 279 375
4630 1 418 203 395 127 221
4631 1 251 376 284
4632 1 312 159 150 212 402
4633 2 404 438 453
4634 1 52 263
4635 1 127 346
4636 1 460 251 238 92 374
4637 2 191 453 318 385 367
4638 1 124 468 456 148 164
4639 1 275
4640 2 263 80 278
4641 1 233 188 41
4642 1 3 77 326 175
4643 2 466 395 369 490
4644 1 271
4645 1 165
4646 1 380 371 140 182
4647 2 386 145
4648 1 166 145
4649 1 45 377
4650 1 368 229
4651 1 402
4652 1 205
4653 2 343 188 445
4654 2 387 15
4655 1 99 177 332
4656 2 357
4657 1 416
4658 1 408 346 106 11 482
4659 1 144
4660 1 58 493 350 499
4661 1 234 419
4662 2 476
4663 2 188
4664 2 233 143 316
4665 1 389 135
4666 1 24 432 26
4667 1 439 316 100 259
4668 1 201 399 226 291 245
4669 2 267 107 348 34 168
4670 1 71 94 274 271 232
4671 2 406 162 73 284
4672 1 127 19
4673 2 448
4674 2 188
4675 2 494 283 170 126 25
4676 2 251 494
4677 1 378 366
4678 2 474
4679 1 251 110 451 263
4680 2 464 164
4681 2 329 108 107
4682 1 454 42 378 29
4683 1 254 237
4684 1 500 354 409 91 260
4685 1 106 272 142
4686 2 219
4687 2 35 98 193 53 75
4688 2 488 481 334
4689 2 374 76
4690 2 295 248 102 131 420
4691 2 440 478 83
4692 2 58 487 109
4693 1 56 203
4694 1 380 377 22
4695 2 444 188 348 252 419
4696 1 201 45 461
4697 1 153
4698 1 364 280
4699 2 359 402 445 24 304
4700 1 391 149 242 422 96
4701 2 271 215
4702 1 68 182
4703 1 104 121 186 30 138
4704 2 408 74
4705 1 150
4706 1 82 350 280
4707 2 369
4708 1 67 468 283 7 121
4709 1 227 252
4710 2 175 106
4711 1 165 13
4712 1 395 473
4713 1 170 207 437 298 242
4714 2 340 57
4715 1 51 316 39 214
4716 1 437 227 474 481 364
4717 1 9
4718 2 406 437 369 253 23
4719 2 104 141
4720 2 62 318
4721 1 65
4722 1 300 398
4723 2 136
4724 2 269
4725 1 419 414 69
4726 1 420 3 2 187 399
4727 1 315 89 456 143 197
4728 2 433 493 335 461
4729 1 470 10 478 471
4730 1 9 326 277
4731 2 9
4732 2 409 329 73 195 207
4733 2 323 185
4734 2 449 54 405 362 302
4735 2 176 248 124 464 451
4736 2 473 56 406 199
4737 1 335 273 178 65 213
4738 1 69 471 242
4739 1 285
4740 2 95 144 342 433 80
4741 2 313 471 367 442 389
4742 1 191 128 39
4743 2 426 323 174
4744 2 459 375 442
4745 2 18
4746 2 60 252 192 245 202
4747 1 245 365 14
4748 2 467 390
4749 2 177 306 401 430 499
4750 2 426 343
4751 2 108 483 414
4752 2 222 131 304 393
4753 1 13 380 1 173 91
4754 1 493 245
4755 1 296 181
4756 2 8 277
4757 2 88
4758 1 258
4759 1 435 318 202
4760 1 322 154 426 473 359
4761 2 40 426
4762 2 155 62 290 18
4763 2 101 350
4764 1 384
4765 2 242 251
4766 2 341 368 316
4767 2 416 294 154 229 490
4768 1 480
4769 2 55
4770 2 416 171 372
4771 2 6
4772 2 239 199 238
4773 2 151 96 409
4774 1 252 96 373
4775 1 198 309 378
4776 1 356
4777 2 301
4778 1 400 373
4779 1 31 271
4780 1 471 422 468 196 89
4781 1 115 268 117
4782 2 68 452 112
4783 1 275 170 217 167 185
4784 1 102 191
4785 2 283
4786 1 198 144 407
4787 1 451 264 58 14 141
4788 1 296
4789 1 477 495 265 394
4790 1 191 82 239 343 363
4791 2 237
4792 1 144 430 308 319 414
4793 1 99 65
4794 1 438
4795 2 22 206
4796 2 168
4797 2 317 12 73 379
4798 2 182
4799 1 157
4800 2 174 487 35
4801 2 78 31 372 255
4802 1 144 76 55
4803 2 452 214 459
4804 2 228
4805 1 222 26
4806 2 354 367 210 320 226
4807 1 59
4808 1 326 393
4809 2 110 84 207 409
4810 2 417 19
4811 2 181
4812 1 375 218 93 190
4813 1 250 243 136 209
4814 1 272 409 320 491 227
4815 2 127 265 359
4816 2 265 387
4817 1 370 208
4818 2 350 469
4819 1 472 273 455
4820 2 489
4821 1 97 267 447 211
4822 2 64 183 242 390
4823 2 323 121
4824 2 393 43 187 270 308
4825 1 394 303 385 282 306
4826 2 50
4827 2 285
4828 1 396
4829 2 87 304
4830 1 324 103
4831 1 279
4832 2 283 381 135 107
4833 1 408 1 10 59
4834 1 80
4835 1 299 36 394 194
4836 1 479 206
4837 2 355 156
4838 1 71 147
4839 1 132
4840 1 331
4841 1 178 233 313 132 153
4842 2 230 321 173 274
4843 2 247 141 374 337 40
4844 1 232
4845 1 44 394 73 167 43
4846 1 447 93
4847 1 232 269 369
4848 2 114 144
4849 2 181 64
4850 1 105 401 61
4851 1 211 76 242
4852 1 453 412 273
4853 2 257 328 272
4854 1 255 449 371
4855 2 284 435 155
4856 1 468
4857 1 6 386 345 376 452
4858 1 68 312 65 330
4859 2 13 462 330 247 404
4860 1 208 177
4861 1 476
4862 2 425 239 344 243 297
4863 2 138 385
4864 1 422 16 482 51
4865 1 318 74 12
4866 1 177 10
4867 1 35 447 169
4868 2 223 238 318
4869 2 307 222
4870 2 20 447 95
4871 2 3 109 449
4872 1 449
4873 2 487
4874 2 422 437 38 329 64
4875 1 353 386 485 467 435
4876 1 447 383 451
4877 1 318
4878 1 343 83 323 188
4879 1 474 78 38 40 402
4880 1 462
4881 2 177 416 483
4882 1 471 23
4883 2 356 219
4884 1 475 483 212
4885 2 227
4886 1 352 273 266
4887 2 190 363 377
4888 2 218 210 367 415 164
4889 1 113 364 466 349 332
4890 2 401 30 13 58
4891 1 271 23 424 117
4892 1 191
4893 1 84
4894 1 204 346 246 6 322
4895 1 478
4896 1 22 442 237 452 12
4897 1 204 408 166
4898 2 421 15
4899 2 140 19 341 272
4900 1 164 30
4901 1 431 476 280 92
4902 2 159 365 280
4903 2 93
4904 2 266 309 310 176
4905 1 21 458 251 470
4906 2 278 59 407 491 425
4907 2 249 278 46 470
4908 2 324 103
4909 1 24 251
4910 2 139 386 73
4911 1 41 64
4912 2 161 111 414
4913 1 376 155 450 136
4914 2 305 458
4915 2 350 253
4916 1 224
4917 1 117 463 409 96 423
4918 2 82 181 9 262 408
4919 2 423 181 230 4
4920 2 10 443 471 306
4921 2 275 427
4922 1 146
4923 1 385 84
4924 2 437 34 23 147 404
4925 1 125 347 6 109 393
4926 1 319 491 99 43 335
4927 2 318
4928 1 26
4929 2 173
4930 2 234 374
4931 1 190
4932 1 469 499 109 43 324
4933 2 58 420 31
4934 1 81
4935 1 83 50 347 357
4936 1 420 184 373
4937 1 383 81 113
4938 1 215 213 341 245 365
4939 1 35 201 329 293 23
4940 2 370 166 352 440
4941 1 396
4942 1 293 221
4943 2 292 385 195 125 180
4944 1 172 336 424 306
4945 2 104 255 201
4946 2 413 339 37 400 420
4947 2 82 263 149 399
4948 1 458 51
4949 1 162 335 483 349 61
4950 1 354 293 422 64 213
4951 2 228 409 330 489
4952 2 218 251 113
4953 2 339 183 483
4954 1 389 367 338
4955 1 480 411
4956 2 329 353 160 236
4957 2 190 149 53
4958 2 177 53 365
4959 2 164
4960 1 293 46 387
4961 2 132 152 74
4962 1 3 396 22 353 211
4963 2 30 387 311
4964 2 394 17 377 266
4965 1 99 306 215 327 362
4966 1 485 14 92 307
4967 2 310 435
4968 1 47 349 278 267
4969 1 69 130 287 220 412
4970 2 328 442 90 165 400
4971 2 469 144
4972 2 47
4973 2 18 294 164 423
4974 1 434
4975 2 349
4976 1 401 115
4977 1 281 143 20 362 459
4978 1 31 423 174 356 248
4979 2 396 226
4980 1 179 469 244
4981 2 112
4982 2 384 140
4983 2 73 195 90 491 432
4984 1 14 384
4985 1 352 347
4986 2 251 220 86 194
4987 1 8 246 298 176 122
4988 2 238 487
4989 1 163
4990 2 345 390 485 227
4991 1 23 162 222 205
4992 1 293 77 139 96 123
4993 2 168 305 138 353
4994 2 235 448 175
4995 2 245 103 229 48 117
4996 1 444 322 229
4997 2 361 220 473 347
4998 1 385 4 65 104 101
4999 1 26 200
5000 1 295
