2000 100
1 93 888
2 37 539
3 68 692
4 77 889
5 48 371
6 27 110
7 14 604
8 70 848
9 49 907
10 89 576
11 84 553
12 10 71
13 26 387
14 83 954
15 94 173
16 90 927
17 29 404
18 99 795
19 14 472
20 15 96
21 9 179
22 37 924
23 78 726
24 5 649
25 79 689
26 31 816
27 66 473
28 56 33
29 70 319
30 87 746
31 10 167
32 63 133
33 42 408
34 64 640
35 66 923
36 54 553
37 22 219
38 99 767
39 50 892
40 25 984
41 64 821
42 74 649
43 80 512
44 78 835
45 69 412
46 6 147
47 66 751
48 25 550
49 43 265
50 67 18
51 55 995
52 7 30
53 96 348
54 97 259
55 63 743
56 94 897
57 23 452
58 38 844
59 84 847
60 14 895
61 92 207
62 38 551
63 6 931
64 48 722
65 45 748
66 86 50
67 3 845
68 97 588
69 87 97
70 87 990
71 55 66
72 66 531
73 100 928
74 21 347
75 82 451
76 80 710
77 58 545
78 71 297
79 98 376
80 54 586
81 66 859
82 40 502
83 51 173
84 78 747
85 29 708
86 60 177
87 47 70
88 93 157
89 65 63
90 40 373
91 81 614
92 90 581
93 12 504
94 99 806
95 22 15
96 84 565
97 63 522
98 29 444
99 88 942
100 60 337
101 8 221
102 98 373
103 34 780
104 49 171
105 75 574
106 85 709
107 27 545
108 33 161
109 60 749
110 70 301
111 59 248
112 33 760
113 91 892
114 50 184
115 49 234
116 13 137
117 31 389
118 50 821
119 63 147
120 1 156
121 5 491
122 94 241
123 12 774
124 38 258
125 95 444
126 30 154
127 92 667
128 34 587
129 96 384
130 75 358
131 63 89
132 97 459
133 81 317
134 58 669
135 23 813
136 85 620
137 72 147
138 75 964
139 79 135
140 52 215
141 9 607
142 17 400
143 14 599
144 44 893
145 24 370
146 59 630
147 3 47
148 11 12
149 77 835
150 15 928
151 74 736
152 26 907
153 18 243
154 54 154
155 8 50
156 8 453
157 3 923
158 45 874
159 12 120
160 42 500
161 47 395
162 12 922
163 24 363
164 41 485
165 50 121
166 88 389
167 1 475
168 63 24
169 20 577
170 37 449
171 90 753
172 41 35
173 61 290
174 65 313
175 70 618
176 70 88
177 67 218
178 3 593
179 8 55
180 61 917
181 3 509
182 2 470
183 46 554
184 16 382
185 87 195
186 88 143
187 51 976
188 4 396
189 67 357
190 56 391
191 80 150
192 77 394
193 8 384
194 44 68
195 55 130
196 39 353
197 48 429
198 90 558
199 60 858
200 78 252
201 62 571
202 83 931
203 90 749
204 8 151
205 66 712
206 68 686
207 51 505
208 61 243
209 23 433
210 62 602
211 95 25
212 35 690
213 87 339
214 86 813
215 47 911
216 95 252
217 100 731
218 26 831
219 32 147
220 18 906
221 76 177
222 24 709
223 60 254
224 86 893
225 48 28
226 61 740
227 16 28
228 88 890
229 48 190
230 77 799
231 20 48
232 84 669
233 16 351
234 4 439
235 48 614
236 23 879
237 62 846
238 93 406
239 11 969
240 2 506
241 28 705
242 90 927
243 96 973
244 94 695
245 9 954
246 49 168
247 87 708
248 88 207
249 42 408
250 77 473
251 66 776
252 100 524
253 66 318
254 30 816
255 69 26
256 9 355
257 93 228
258 7 200
259 38 36
260 27 20
261 59 665
262 34 434
263 42 962
264 10 669
265 72 586
266 51 653
267 60 530
268 5 940
269 77 727
270 41 575
271 31 795
272 85 750
273 35 521
274 5 691
275 66 607
276 42 948
277 81 649
278 45 790
279 7 238
280 11 609
281 88 899
282 54 99
283 27 11
284 100 381
285 56 831
286 72 640
287 3 296
288 1 31
289 66 485
290 67 366
291 36 817
292 59 719
293 35 249
294 31 280
295 49 153
296 56 603
297 56 707
298 63 692
299 22 478
300 68 29
301 68 975
302 88 131
303 59 403
304 31 893
305 42 789
306 54 764
307 95 884
308 47 620
309 81 36
310 47 793
311 13 153
312 34 747
313 75 83
314 58 148
315 36 217
316 55 597
317 31 333
318 85 98
319 7 184
320 41 574
321 88 951
322 61 757
323 59 161
324 20 15
325 71 332
326 48 556
327 97 168
328 87 357
329 35 776
330 93 164
331 48 957
332 47 200
333 1 243
334 67 799
335 47 837
336 8 85
337 95 641
338 78 919
339 62 283
340 6 372
341 62 277
342 20 73
343 76 966
344 15 40
345 81 486
346 16 617
347 21 574
348 50 942
349 76 493
350 42 869
351 71 688
352 5 139
353 25 726
354 52 798
355 86 143
356 97 957
357 84 863
358 1 731
359 58 387
360 44 111
361 6 83
362 28 801
363 62 538
364 1 74
365 60 817
366 11 515
367 73 672
368 5 69
369 63 335
370 36 463
371 2 191
372 20 452
373 38 625
374 18 161
375 66 903
376 28 929
377 47 969
378 80 910
379 89 179
380 62 837
381 96 331
382 36 246
383 61 151
384 82 855
385 5 456
386 61 895
387 99 273
388 96 912
389 74 186
390 27 402
391 94 969
392 38 191
393 10 258
394 63 741
395 83 385
396 86 262
397 49 530
398 2 751
399 74 647
400 6 831
401 43 29
402 82 112
403 81 268
404 8 522
405 17 986
406 84 361
407 99 96
408 37 292
409 93 45
410 59 46
411 64 218
412 68 680
413 44 830
414 42 820
415 68 755
416 67 483
417 17 471
418 94 132
419 16 922
420 77 66
421 90 563
422 46 216
423 29 729
424 54 738
425 83 445
426 67 215
427 54 445
428 100 387
429 69 445
430 12 984
431 51 683
432 79 544
433 23 394
434 7 658
435 69 395
436 14 206
437 8 335
438 76 443
439 38 636
440 4 109
441 91 48
442 16 307
443 70 237
444 90 50
445 100 303
446 16 669
447 71 832
448 28 715
449 19 697
450 17 396
451 91 812
452 72 32
453 25 636
454 20 45
455 57 845
456 99 354
457 89 63
458 14 645
459 56 958
460 90 864
461 49 875
462 98 17
463 21 721
464 40 526
465 79 625
466 60 535
467 59 632
468 85 971
469 60 117
470 34 931
471 94 532
472 17 521
473 69 382
474 6 44
475 88 837
476 59 62
477 64 223
478 79 404
479 37 685
480 75 431
481 92 101
482 60 658
483 32 798
484 71 558
485 64 411
486 87 756
487 22 456
488 77 704
489 80 150
490 28 626
491 49 878
492 50 188
493 81 905
494 75 243
495 47 216
496 5 842
497 76 567
498 30 354
499 71 902
500 63 863
501 79 245
502 84 369
503 95 170
504 30 38
505 2 382
506 47 185
507 10 481
508 14 589
509 61 306
510 35 349
511 93 243
512 76 911
513 33 10
514 51 933
515 12 886
516 86 180
517 71 964
518 65 997
519 96 676
520 6 590
521 91 466
522 10 824
523 41 505
524 96 871
525 58 747
526 100 351
527 92 676
528 50 519
529 3 752
530 73 650
531 89 372
532 89 503
533 10 181
534 20 856
535 27 526
536 66 895
537 17 631
538 77 559
539 19 349
540 62 290
541 79 365
542 3 912
543 13 550
544 4 741
545 90 73
546 75 792
547 62 304
548 81 965
549 12 401
550 100 40
551 38 716
552 47 446
553 48 563
554 16 605
555 61 979
556 84 741
557 44 579
558 24 450
559 58 568
560 29 185
561 16 109
562 65 374
563 96 245
564 67 422
565 96 121
566 30 504
567 10 395
568 68 734
569 99 69
570 96 452
571 85 604
572 85 513
573 2 30
574 18 364
575 69 635
576 89 337
577 96 355
578 37 825
579 11 501
580 32 735
581 34 695
582 75 258
583 17 155
584 35 186
585 71 251
586 41 232
587 45 222
588 87 434
589 79 323
590 8 430
591 81 491
592 58 783
593 42 349
594 61 326
595 76 707
596 21 446
597 64 512
598 30 325
599 27 241
600 23 516
601 34 216
602 90 958
603 100 387
604 54 310
605 1 151
606 29 581
607 85 758
608 6 686
609 27 270
610 40 756
611 12 39
612 12 571
613 64 27
614 8 556
615 88 365
616 50 379
617 21 625
618 24 355
619 65 69
620 17 370
621 47 981
622 54 460
623 59 717
624 4 527
625 70 399
626 79 225
627 92 746
628 93 447
629 70 530
630 55 761
631 46 801
632 35 587
633 9 707
634 12 926
635 87 340
636 54 914
637 15 711
638 21 742
639 71 335
640 89 185
641 51 924
642 24 929
643 62 918
644 27 270
645 19 777
646 99 927
647 81 242
648 58 90
649 90 653
650 57 793
651 77 367
652 83 524
653 96 176
654 20 959
655 21 199
656 85 917
657 21 584
658 25 916
659 67 417
660 82 315
661 37 899
662 49 551
663 38 570
664 52 239
665 36 168
666 33 603
667 20 483
668 95 300
669 37 71
670 96 680
671 35 284
672 96 636
673 12 832
674 16 995
675 3 720
676 67 686
677 34 240
678 83 987
679 54 914
680 37 779
681 68 577
682 35 737
683 74 999
684 4 310
685 72 995
686 63 262
687 37 534
688 8 249
689 66 669
690 1 131
691 6 254
692 94 150
693 15 232
694 33 984
695 43 399
696 88 932
697 25 349
698 80 425
699 32 404
700 33 872
701 100 330
702 24 497
703 34 558
704 29 517
705 16 681
706 73 499
707 8 95
708 4 648
709 72 708
710 9 801
711 78 722
712 76 681
713 30 403
714 24 722
715 54 682
716 85 283
717 85 785
718 7 205
719 65 287
720 18 672
721 97 655
722 86 70
723 39 298
724 96 38
725 10 779
726 35 184
727 26 515
728 12 67
729 68 485
730 92 55
731 59 627
732 29 41
733 44 226
734 54 38
735 78 430
736 94 132
737 49 996
738 94 991
739 89 902
740 33 942
741 31 967
742 29 938
743 78 58
744 56 574
745 80 626
746 5 171
747 12 923
748 23 462
749 92 907
750 42 894
751 10 613
752 31 993
753 33 344
754 59 665
755 48 233
756 13 887
757 10 815
758 24 110
759 95 331
760 99 119
761 89 562
762 94 232
763 32 342
764 27 707
765 90 100
766 76 103
767 28 327
768 62 823
769 53 608
770 73 281
771 15 506
772 71 940
773 80 819
774 92 215
775 76 417
776 47 971
777 88 12
778 18 967
779 36 178
780 73 298
781 15 963
782 47 734
783 22 533
784 3 985
785 26 227
786 27 70
787 38 969
788 34 159
789 39 747
790 38 808
791 16 322
792 6 522
793 50 993
794 48 842
795 51 821
796 50 812
797 64 458
798 35 819
799 39 476
800 4 260
801 3 410
802 34 594
803 73 856
804 76 390
805 32 35
806 30 517
807 75 415
808 19 359
809 91 877
810 22 621
811 9 661
812 43 969
813 28 497
814 49 226
815 93 277
816 85 205
817 72 627
818 46 74
819 34 702
820 25 270
821 47 879
822 73 584
823 93 554
824 86 33
825 86 83
826 69 249
827 99 147
828 28 378
829 39 263
830 90 705
831 8 710
832 84 816
833 74 437
834 33 999
835 24 535
836 21 168
837 60 65
838 69 375
839 63 638
840 84 525
841 65 250
842 73 526
843 47 52
844 23 821
845 46 387
846 46 578
847 24 53
848 4 300
849 93 513
850 87 599
851 46 457
852 50 285
853 79 347
854 29 387
855 35 38
856 43 144
857 55 905
858 30 913
859 15 115
860 97 62
861 79 802
862 38 375
863 18 597
864 81 694
865 90 418
866 6 234
867 26 20
868 65 538
869 8 496
870 98 275
871 61 859
872 54 717
873 88 238
874 72 528
875 83 786
876 7 333
877 41 400
878 69 591
879 93 412
880 33 908
881 13 807
882 34 720
883 61 273
884 82 512
885 17 425
886 49 226
887 95 406
888 34 740
889 65 926
890 8 992
891 71 831
892 86 97
893 90 300
894 1 578
895 50 527
896 92 756
897 20 279
898 23 554
899 43 816
900 29 803
901 21 979
902 86 303
903 55 875
904 69 228
905 1 985
906 82 517
907 61 122
908 3 835
909 54 728
910 11 689
911 53 33
912 8 457
913 74 560
914 78 490
915 100 305
916 3 709
917 45 213
918 11 515
919 38 633
920 26 325
921 65 532
922 87 806
923 8 805
924 68 835
925 97 373
926 21 608
927 63 284
928 56 41
929 29 583
930 51 271
931 52 813
932 9 431
933 85 467
934 4 336
935 27 927
936 97 760
937 20 670
938 10 110
939 31 198
940 44 629
941 67 35
942 73 332
943 21 97
944 57 439
945 67 688
946 45 893
947 70 590
948 88 915
949 14 163
950 28 310
951 76 691
952 23 287
953 20 110
954 74 798
955 59 541
956 84 615
957 94 170
958 86 517
959 50 23
960 9 13
961 28 308
962 51 112
963 26 545
964 50 773
965 59 867
966 69 298
967 65 877
968 51 21
969 91 85
970 58 795
971 16 985
972 68 942
973 77 210
974 89 601
975 46 677
976 49 711
977 93 801
978 79 384
979 2 764
980 3 265
981 97 631
982 73 900
983 10 772
984 89 628
985 8 875
986 1 387
987 71 105
988 10 12
989 40 164
990 91 789
991 95 859
992 34 75
993 28 237
994 33 779
995 30 693
996 96 646
997 3 982
998 14 858
999 11 464
1000 79 324
1001 68 349
1002 93 399
1003 8 783
1004 39 874
1005 79 919
1006 93 127
1007 78 818
1008 44 972
1009 27 430
1010 9 206
1011 39 348
1012 1 226
1013 86 110
1014 74 289
1015 81 498
1016 46 1000
1017 80 826
1018 90 229
1019 43 465
1020 47 889
1021 71 222
1022 24 252
1023 58 945
1024 53 122
1025 39 328
1026 39 75
1027 34 233
1028 43 569
1029 53 178
1030 18 612
1031 83 291
1032 79 455
1033 70 586
1034 47 79
1035 19 833
1036 98 747
1037 44 411
1038 72 205
1039 33 386
1040 94 246
1041 98 799
1042 40 789
1043 80 996
1044 30 769
1045 58 842
1046 30 762
1047 78 493
1048 14 81
1049 66 466
1050 99 650
1051 83 876
1052 48 125
1053 38 622
1054 16 507
1055 30 715
1056 22 867
1057 35 67
1058 80 164
1059 91 111
1060 26 901
1061 48 813
1062 3 479
1063 38 860
1064 54 845
1065 80 400
1066 51 216
1067 91 664
1068 30 156
1069 45 226
1070 42 230
1071 10 855
1072 1 382
1073 71 387
1074 35 494
1075 79 707
1076 51 427
1077 100 879
1078 89 241
1079 30 834
1080 91 614
1081 95 795
1082 15 999
1083 13 125
1084 77 867
1085 61 331
1086 36 988
1087 47 960
1088 76 508
1089 69 209
1090 4 570
1091 62 524
1092 65 976
1093 12 777
1094 55 719
1095 36 256
1096 20 338
1097 51 949
1098 12 543
1099 38 810
1100 98 495
1101 19 740
1102 51 877
1103 50 64
1104 44 401
1105 45 819
1106 32 95
1107 1 834
1108 34 397
1109 79 409
1110 29 176
1111 81 554
1112 19 364
1113 54 735
1114 96 783
1115 63 625
1116 84 310
1117 1 707
1118 28 976
1119 10 616
1120 11 125
1121 19 436
1122 15 470
1123 7 261
1124 71 89
1125 8 371
1126 92 331
1127 79 980
1128 21 771
1129 21 807
1130 54 41
1131 41 954
1132 90 409
1133 85 472
1134 57 207
1135 45 673
1136 12 477
1137 70 405
1138 43 406
1139 38 201
1140 33 93
1141 25 188
1142 58 548
1143 36 242
1144 52 892
1145 49 586
1146 10 333
1147 17 667
1148 97 158
1149 49 162
1150 17 380
1151 13 650
1152 95 541
1153 97 254
1154 2 913
1155 45 32
1156 13 638
1157 47 370
1158 2 839
1159 7 183
1160 96 41
1161 10 578
1162 81 651
1163 30 847
1164 8 696
1165 49 265
1166 100 172
1167 34 166
1168 37 284
1169 65 472
1170 100 520
1171 5 131
1172 7 970
1173 23 226
1174 1 183
1175 53 465
1176 2 984
1177 4 325
1178 53 858
1179 16 702
1180 40 123
1181 1 91
1182 90 813
1183 68 230
1184 50 672
1185 93 395
1186 14 792
1187 98 73
1188 44 625
1189 19 948
1190 38 559
1191 9 583
1192 80 572
1193 26 266
1194 85 333
1195 91 881
1196 58 237
1197 10 756
1198 33 523
1199 32 803
1200 92 607
1201 83 399
1202 51 292
1203 12 342
1204 59 288
1205 80 706
1206 91 828
1207 43 865
1208 11 363
1209 95 975
1210 85 81
1211 40 688
1212 95 768
1213 60 431
1214 93 742
1215 47 302
1216 19 996
1217 31 679
1218 29 889
1219 50 856
1220 21 135
1221 61 959
1222 71 936
1223 62 83
1224 53 177
1225 10 808
1226 22 829
1227 22 136
1228 61 43
1229 81 71
1230 27 134
1231 70 118
1232 10 195
1233 58 855
1234 34 264
1235 67 194
1236 61 853
1237 59 611
1238 11 285
1239 56 369
1240 94 356
1241 57 419
1242 29 375
1243 4 657
1244 18 600
1245 53 779
1246 50 452
1247 16 144
1248 15 705
1249 57 628
1250 63 42
1251 24 918
1252 93 999
1253 44 709
1254 6 692
1255 68 646
1256 14 583
1257 53 741
1258 45 96
1259 14 130
1260 30 500
1261 80 497
1262 87 599
1263 99 895
1264 3 531
1265 73 451
1266 45 249
1267 48 39
1268 11 364
1269 46 871
1270 79 561
1271 6 231
1272 24 95
1273 21 756
1274 7 673
1275 87 397
1276 68 966
1277 59 846
1278 83 854
1279 47 825
1280 57 203
1281 34 308
1282 62 432
1283 51 826
1284 14 782
1285 37 177
1286 97 888
1287 22 62
1288 54 124
1289 30 964
1290 7 361
1291 53 853
1292 32 895
1293 99 455
1294 82 988
1295 87 270
1296 90 183
1297 47 204
1298 17 418
1299 46 677
1300 24 147
1301 7 494
1302 47 360
1303 89 602
1304 79 910
1305 77 440
1306 10 143
1307 31 936
1308 93 45
1309 89 841
1310 74 518
1311 5 737
1312 31 903
1313 31 123
1314 84 976
1315 1 516
1316 25 625
1317 87 534
1318 4 180
1319 34 895
1320 45 1000
1321 96 30
1322 92 189
1323 78 234
1324 97 138
1325 4 761
1326 72 699
1327 11 656
1328 25 338
1329 16 921
1330 92 30
1331 9 929
1332 47 975
1333 47 491
1334 15 634
1335 6 48
1336 70 870
1337 83 809
1338 16 511
1339 48 380
1340 78 430
1341 36 361
1342 93 722
1343 72 141
1344 51 796
1345 69 860
1346 90 818
1347 7 65
1348 99 502
1349 59 431
1350 41 753
1351 65 581
1352 61 432
1353 27 197
1354 76 283
1355 90 286
1356 38 925
1357 75 526
1358 87 210
1359 51 814
1360 21 13
1361 82 450
1362 48 353
1363 49 176
1364 29 24
1365 81 758
1366 56 983
1367 81 667
1368 53 464
1369 29 158
1370 29 30
1371 81 353
1372 77 511
1373 64 913
1374 91 425
1375 42 62
1376 14 925
1377 85 74
1378 40 118
1379 60 319
1380 18 980
1381 58 859
1382 87 461
1383 41 722
1384 98 755
1385 51 639
1386 60 917
1387 5 99
1388 71 970
1389 89 228
1390 52 123
1391 15 680
1392 90 1000
1393 87 460
1394 55 196
1395 89 321
1396 10 451
1397 29 408
1398 59 354
1399 71 288
1400 69 900
1401 48 173
1402 80 580
1403 88 433
1404 54 989
1405 58 510
1406 50 153
1407 81 451
1408 3 338
1409 45 353
1410 76 653
1411 29 155
1412 53 84
1413 2 574
1414 92 232
1415 71 22
1416 4 353
1417 55 61
1418 27 789
1419 73 730
1420 74 183
1421 90 908
1422 30 311
1423 57 81
1424 29 205
1425 20 592
1426 64 920
1427 48 312
1428 100 333
1429 88 861
1430 15 679
1431 14 696
1432 99 475
1433 63 982
1434 56 612
1435 75 855
1436 30 977
1437 48 862
1438 82 672
1439 5 325
1440 23 511
1441 51 394
1442 87 684
1443 3 81
1444 87 465
1445 61 530
1446 82 564
1447 31 108
1448 29 500
1449 79 856
1450 49 543
1451 67 671
1452 44 669
1453 38 25
1454 47 457
1455 64 638
1456 5 148
1457 10 579
1458 46 792
1459 85 910
1460 17 913
1461 36 794
1462 39 782
1463 11 284
1464 71 28
1465 77 150
1466 12 396
1467 38 642
1468 22 356
1469 14 802
1470 91 693
1471 20 692
1472 24 766
1473 97 845
1474 8 736
1475 40 829
1476 33 79
1477 46 242
1478 92 769
1479 65 818
1480 55 545
1481 18 735
1482 26 93
1483 9 731
1484 50 634
1485 3 144
1486 43 704
1487 12 745
1488 20 870
1489 20 175
1490 42 116
1491 40 969
1492 92 356
1493 93 432
1494 28 779
1495 21 892
1496 9 721
1497 13 451
1498 35 37
1499 50 259
1500 19 665
1501 29 46
1502 92 216
1503 58 928
1504 87 798
1505 64 206
1506 80 971
1507 57 44
1508 10 654
1509 13 767
1510 29 92
1511 22 406
1512 56 808
1513 26 280
1514 17 223
1515 48 817
1516 13 32
1517 31 584
1518 52 103
1519 99 25
1520 7 533
1521 32 195
1522 75 334
1523 95 232
1524 23 595
1525 22 175
1526 69 354
1527 67 224
1528 32 82
1529 45 647
1530 57 487
1531 25 691
1532 87 663
1533 85 91
1534 65 398
1535 28 359
1536 13 475
1537 79 306
1538 3 299
1539 14 216
1540 11 808
1541 44 400
1542 30 156
1543 10 451
1544 78 956
1545 25 72
1546 65 168
1547 11 355
1548 19 763
1549 99 702
1550 88 120
1551 22 869
1552 65 969
1553 13 940
1554 29 275
1555 28 650
1556 79 392
1557 59 676
1558 34 941
1559 69 154
1560 37 673
1561 8 193
1562 57 199
1563 64 346
1564 39 686
1565 33 587
1566 16 236
1567 3 932
1568 72 909
1569 7 828
1570 52 759
1571 56 970
1572 81 91
1573 29 983
1574 50 681
1575 16 61
1576 43 657
1577 73 537
1578 94 606
1579 7 168
1580 92 599
1581 19 929
1582 89 18
1583 20 838
1584 56 458
1585 24 85
1586 67 385
1587 92 637
1588 26 459
1589 46 713
1590 4 72
1591 49 476
1592 1 294
1593 73 329
1594 72 623
1595 80 537
1596 7 159
1597 43 953
1598 88 482
1599 45 585
1600 17 809
1601 65 833
1602 50 561
1603 45 302
1604 74 973
1605 62 543
1606 78 614
1607 89 762
1608 23 525
1609 43 259
1610 11 495
1611 99 33
1612 27 317
1613 69 435
1614 57 671
1615 33 596
1616 86 540
1617 26 883
1618 92 153
1619 32 369
1620 82 439
1621 72 549
1622 5 557
1623 76 451
1624 9 216
1625 35 247
1626 55 970
1627 90 216
1628 20 265
1629 68 827
1630 91 148
1631 21 236
1632 41 139
1633 93 938
1634 25 928
1635 82 497
1636 68 892
1637 86 624
1638 97 804
1639 43 177
1640 75 622
1641 83 361
1642 62 249
1643 99 455
1644 88 207
1645 9 359
1646 3 352
1647 34 278
1648 11 295
1649 94 837
1650 26 537
1651 55 48
1652 20 237
1653 94 809
1654 10 417
1655 2 178
1656 94 656
1657 76 492
1658 61 840
1659 97 701
1660 33 658
1661 69 844
1662 46 674
1663 78 951
1664 54 782
1665 32 419
1666 32 426
1667 69 881
1668 95 781
1669 94 508
1670 21 182
1671 55 17
1672 16 201
1673 74 701
1674 39 19
1675 20 497
1676 2 971
1677 90 820
1678 89 932
1679 31 547
1680 4 438
1681 37 95
1682 17 654
1683 96 976
1684 78 411
1685 88 664
1686 24 324
1687 8 805
1688 45 787
1689 98 663
1690 63 105
1691 82 923
1692 10 548
1693 27 480
1694 87 328
1695 33 627
1696 52 405
1697 18 309
1698 46 16
1699 81 13
1700 48 876
1701 66 83
1702 14 197
1703 27 555
1704 35 772
1705 55 270
1706 7 425
1707 16 921
1708 51 439
1709 36 12
1710 91 452
1711 50 464
1712 38 607
1713 90 547
1714 51 153
1715 85 612
1716 35 316
1717 35 864
1718 51 328
1719 26 730
1720 85 27
1721 37 692
1722 24 64
1723 73 255
1724 61 103
1725 68 273
1726 89 134
1727 13 981
1728 50 520
1729 43 333
1730 62 640
1731 6 230
1732 60 453
1733 14 796
1734 95 210
1735 78 995
1736 61 239
1737 45 504
1738 9 105
1739 68 287
1740 92 783
1741 15 708
1742 72 915
1743 87 725
1744 59 934
1745 94 872
1746 96 205
1747 98 935
1748 57 378
1749 17 881
1750 53 646
1751 89 523
1752 62 526
1753 71 247
1754 70 575
1755 40 662
1756 82 816
1757 3 382
1758 88 805
1759 12 178
1760 8 599
1761 25 243
1762 9 61
1763 24 186
1764 31 945
1765 93 55
1766 81 236
1767 8 652
1768 87 553
1769 91 117
1770 70 577
1771 92 476
1772 41 302
1773 10 244
1774 16 656
1775 85 391
1776 31 223
1777 27 518
1778 79 277
1779 36 784
1780 85 353
1781 12 713
1782 79 921
1783 85 694
1784 45 364
1785 87 147
1786 37 129
1787 54 172
1788 98 194
1789 12 191
1790 84 46
1791 44 59
1792 65 402
1793 90 340
1794 64 864
1795 32 834
1796 32 600
1797 17 426
1798 16 395
1799 24 898
1800 80 212
1801 70 103
1802 30 455
1803 53 862
1804 51 103
1805 49 170
1806 74 178
1807 46 762
1808 96 729
1809 16 456
1810 63 245
1811 10 181
1812 42 107
1813 54 609
1814 31 266
1815 30 829
1816 33 512
1817 60 26
1818 46 248
1819 51 875
1820 11 869
1821 100 493
1822 28 179
1823 96 85
1824 65 816
1825 48 110
1826 41 506
1827 94 448
1828 64 245
1829 51 478
1830 92 492
1831 57 499
1832 85 388
1833 15 839
1834 91 723
1835 56 705
1836 71 425
1837 52 648
1838 98 517
1839 80 363
1840 86 265
1841 54 606
1842 98 464
1843 77 410
1844 5 193
1845 48 826
1846 13 788
1847 53 562
1848 68 242
1849 9 535
1850 7 458
1851 31 368
1852 90 20
1853 5 827
1854 48 770
1855 29 267
1856 60 394
1857 16 480
1858 87 257
1859 68 162
1860 68 82
1861 76 140
1862 13 995
1863 39 255
1864 57 875
1865 9 240
1866 98 898
1867 43 379
1868 58 236
1869 44 379
1870 72 755
1871 10 621
1872 17 356
1873 66 580
1874 2 696
1875 35 391
1876 26 357
1877 38 98
1878 100 326
1879 46 257
1880 37 789
1881 24 888
1882 93 424
1883 92 460
1884 5 701
1885 73 28
1886 38 465
1887 43 428
1888 39 409
1889 13 481
1890 78 632
1891 24 494
1892 30 675
1893 52 133
1894 79 530
1895 54 384
1896 98 458
1897 34 463
1898 52 90
1899 32 629
1900 53 631
1901 23 922
1902 12 905
1903 34 845
1904 37 435
1905 33 139
1906 74 683
1907 19 757
1908 63 298
1909 1 512
1910 39 308
1911 53 657
1912 9 253
1913 39 782
1914 43 560
1915 74 967
1916 14 608
1917 79 973
1918 37 877
1919 94 462
1920 61 198
1921 67 976
1922 78 315
1923 67 393
1924 83 485
1925 23 94
1926 34 791
1927 92 935
1928 18 834
1929 7 293
1930 27 507
1931 48 182
1932 31 320
1933 35 939
1934 45 666
1935 25 93
1936 5 566
1937 7 593
1938 86 608
1939 16 545
1940 26 284
1941 59 396
1942 6 630
1943 86 980
1944 79 995
1945 29 347
1946 63 44
1947 49 894
1948 49 884
1949 89 705
1950 67 503
1951 89 272
1952 74 549
1953 79 932
1954 55 570
1955 71 675
1956 86 718
1957 50 206
1958 44 482
1959 60 612
1960 7 489
1961 51 469
1962 92 371
1963 7 942
1964 8 213
1965 23 725
1966 77 937
1967 2 757
1968 8 377
1969 66 620
1970 88 893
1971 40 910
1972 27 496
1973 44 480
1974 32 194
1975 85 134
1976 61 70
1977 75 298
1978 31 56
1979 18 532
1980 65 710
1981 25 668
1982 53 249
1983 33 608
1984 77 483
1985 36 549
1986 58 348
1987 17 920
1988 37 802
1989 61 116
1990 28 224
1991 71 394
1992 12 743
1993 23 819
1994 97 540
1995 25 966
1996 45 802
1997 89 528
1998 100 925
1999 80 545
2000 32 646
1 356 58
2 252 16
3 381 86
4 495 100
5 327 64
6 352 12
7 375 53
8 417 63
9 102 33
10 249 98
11 398 73
12 451 53
13 239 69
14 319 93
15 141 33
16 231 86
17 402 51
18 410 39
19 452 28
20 114 91
21 427 30
22 254 73
23 258 80
24 417 90
25 449 96
26 388 25
27 401 72
28 199 47
29 494 30
30 115 100
31 120 43
32 366 72
33 120 81
34 360 19
35 195 22
36 327 89
37 435 23
38 258 49
39 325 65
40 289 46
41 361 35
42 225 31
43 107 48
44 405 76
45 306 44
46 337 68
47 292 43
48 411 73
49 294 16
50 121 15
51 496 70
52 204 91
53 188 57
54 337 42
55 196 44
56 158 51
57 280 25
58 453 98
59 359 36
60 330 92
61 125 27
62 115 92
63 409 77
64 386 52
65 450 33
66 131 17
67 214 27
68 497 87
69 220 25
70 101 81
71 418 70
72 351 23
73 179 60
74 286 15
75 183 43
76 121 100
77 101 82
78 300 55
79 301 19
80 135 25
81 226 64
82 262 65
83 358 48
84 296 38
85 118 49
86 223 79
87 346 51
88 454 55
89 197 92
90 201 39
91 264 29
92 109 81
93 117 13
94 175 17
95 426 38
96 338 87
97 341 49
98 280 36
99 250 97
100 233 54
1 82 1783 1853 1513 982
2 93 1328 1852 1277
3 99 912 1635
4 13 1539 315 1870 767
5 32 694
6 96 605 39 1538
7 96 1762 1689 1166 663 191
8 79 1480 534
9 28 447
10 91 1723 1662
11 52 1963 1868 76
12 75 637 354 502 1852 1061
13 77 645 219 148 488 1205
14 65 1802 724 1604
15 23 1694 944 1049
16 27 489 1368 365
17 65 398 1981 575 1240
18 3 1957 654 1474 677
19 40 1425 1468 253 1387
20 97 1500 459 1115 692 667
21 62 1714 296 69
22 88 726 1301 1358 134
23 50 503 701 965 221 1243
24 88 1750 1508
25 22 1138 535
26 42 1114 171 1376 1758 1218
27 49 7
28 37 453
29 14 927 1816
30 31 1281 652 1500 584
31 22 1117
32 58 1729 1354
33 96 1438 1065 236 927
34 2 1851 839 154
35 60 773 831 851
36 78 976 1595 1053 1039
37 69 402 923
38 28 681
39 16 298 1161 1444 1776
40 16 527
41 90 230
42 86 1751 1551 1518 1063 1180
43 23 930 1680 294 963 249
44 8 1386 1210 1470 1705 307
45 97 210 212 1443 126 1113
46 85 1919
47 14 133 1493 339
48 74 1795 6 577 728 258
49 66 1328 1760
50 84 1746 62 1589 1713 1881
51 48 1376 684 218 746 516
52 56 1054
53 90 978 806 411 1986
54 28 228
55 77 580 1291 69
56 28 1061 1814 702 1022
57 18 309
58 92 195 1488 494 1613 1854
59 69 1602 1452
60 37 1749
61 16 1073 1937 1515
62 34 1091
63 52 268 1803
64 53 306 1248 1991
65 19 1974 1589 339 225 1347
66 92 1816
67 82 789 34 1841 1155 1775
68 95 1193 63 45 1061
69 82 1676 1060 524 1405 743
70 84 559 134 308 251 541
71 41 587 595 1014
72 20 50 1376 1126
73 38 1137 816 1260 1429
74 70 89
75 76 1607
76 65 1207 1021 764 1490
77 77 887 778 1870 384
78 88 1817
79 35 390 1870
80 70 621 900 1689 1284
81 37 451 107 1627 1593 1412
82 25 1536 1293 963 944
83 14 1034 188 1199
84 56 789
85 62 651 670 491 391 1192
86 92 165 1127
87 27 555 1469 415
88 4 481 1642 1063
89 74 188 1689
90 64 718 1263 119 1668
91 51 501 440 108 270
92 4 117
93 74 968
94 8 869 111 569 112
95 7 98
96 29 345
97 59 1071 1231 931 274
98 43 888 1792 977 753 1826
99 12 1138 714 1908 1689
100 62 1679 493
101 95 1616
102 69 733 1087 771 186 1860
103 17 729 230 1632
104 24 286
105 59 1213 180
106 49 322 1158 1110
107 62 830 932 657
108 75 998 1372 140 1018
109 51 220 31 54 1221
110 73 46 85 993 1130 1492
111 1 861 796 1445 576
112 99 1255
113 71 1207
114 78 978 1533
115 60 1684 13
116 5 1412 1915 1224
117 8 558 183 170
118 57 1442 1909 1204 28 437
119 31 929 1519 1059
120 43 1065 1884 271 1393
121 27 1059
122 87 1572 1770
123 28 935
124 60 1525 1338
125 69 1203
126 57 528 443 1261
127 55 1999
128 44 905 424 338 323 602
129 40 590 1677 1895 639 1143
130 92 365 690 1467 1465
131 82 1321 1214 1761 177
132 56 1311 1738 670
133 34 323 904 525
134 43 1017 1236 1050
135 29 421 1616 543 860
136 52 622 1617 206 388
137 50 1507 1966 1237 589
138 83 1516 1944 420 1925 402
139 28 460 542 1275
140 81 1936 1323 475
141 77 1614
142 86 1793 406
143 1 1058 1099
144 38 1173
145 7 248 1017 1289 1937
146 66 1680
147 45 1043
148 5 1094 379 1905 690
149 45 208
150 76 1809 304 1773 49 650
151 82 438 604
152 7 938 801 21 675 1549
153 23 1085 103 425
154 93 1097 1514 1955
155 30 1648 936 1076
156 23 79 435 1570
157 98 975 877
158 61 1244 411
159 75 165 566 916 242 789
160 59 1986
161 75 1994 1909 1392 637 22
162 79 1494
163 78 1203
164 30 30 1198
165 65 472 1263 1638 1227
166 92 766 1341 287 878 1247
167 36 1121 275 1273 514
168 66 1495 1988 714 1091
169 78 1587 1352 161 1301 579
170 21 1260 857 1375 1000 1810
171 19 519 1132 1347
172 24 1204 1346 1744
173 35 1710 193 1885 480
174 98 217 1448 350
175 33 1725 1731 1141 1509
176 8 1860 331 1352 1280 490
177 5 403
178 74 1450
179 99 957 1300
180 2 122 377 1889
181 16 1242
182 18 924 278
183 6 374 752
184 76 1875 1654 760
185 27 1384 716 477
186 26 859 1630 1804
187 64 1784 1637
188 81 908 1381 107 1878
189 43 734 1884 1400
190 55 1973
191 32 1906 1845 1701 1732
192 28 378
193 44 470 999 122 13
194 93 88 357 240 1256
195 79 795 1834
196 26 1244 1177 904 1588 572
197 35 19 1461
198 11 893 498 1311 1292 1481
199 35 1387 725
200 100 1031 1421
201 25 327 1707 1477
202 98 1051 611
203 3 933
204 51 265 1629 1174
205 17 992 1714
206 33 387 55 1172 95 131
207 44 811 673 1659
208 27 674 1483
209 5 220 10 1651 1995
210 9 378
211 71 571 1000 1235 693
212 38 1027
213 80 994 335 1846 314
214 52 106 1698
215 59 242 1481 391 417
216 70 1763 1090 1190 993 355
217 100 1142 385
218 83 1163 929
219 14 1969
220 75 1022 1156 475 284
221 63 609 1138 1744
222 4 1531 996 298 412
223 63 1684 1977
224 31 852 195 1780 1649
225 58 379 337 1520
226 38 1322 1352 1506 547 1869
227 19 664 1099 1521 1399
228 31 473 1820
229 78 1359 1675 1205
230 90 382 54 569 1010
231 80 1013 1382 1075
232 100 467 1984 1205 408 1564
233 30 280
234 10 885 535
235 64 1127 925 168
236 10 1585 854 1602 1995
237 35 731 622 934 455 1715
238 29 426 1731 404
239 76 358 1691
240 100 217
241 7 1592 1712 537 1226 405
242 85 364 1981 632 316
243 59 1910 1534 716 387 1282
244 89 1904 908 682 132 1
245 3 768 1053
246 16 45 77
247 21 858 737 1187
248 16 198
249 8 1833
250 8 334
251 19 1935
252 12 1320
253 99 1925
254 29 1451 621
255 23 551
256 37 1056 839 117 1400 958
257 96 1755 1246 1393 380 116
258 23 344 1719
259 76 1041 1482 1594 1377
260 37 1263 1644 1623
261 82 176 1334 454
262 35 196
263 7 998 473 1342 1610
264 26 45 1572
265 81 1181 1805
266 74 1607 679 1257
267 39 68 1873 582 418
268 3 1607 1198 1312
269 17 43 994
270 91 1627 1276 781 728 715
271 51 411 1946 911
272 4 209 18 518 1613
273 89 1782 29 911
274 28 131 1562 1592 1912 688
275 91 1708 1005
276 74 514 124 453 1698
277 37 580 1253
278 7 724 156 1484
279 82 595 545
280 25 1212 20
281 17 1579 1460 358 708
282 59 844
283 21 1164 1184 1343 1967 1627
284 75 121 969 1306 80 1287
285 55 985 1632 1088
286 14 233
287 18 1370 829
288 78 1407 1920 821 1034 1241
289 98 1456 450
290 88 1894 768
291 27 1743 42
292 59 711 1795
293 1 263
294 39 1641 168
295 81 714 193
296 93 1040
297 54 246 1339
298 67 760 1159
299 34 1809
300 97 1633 1588 600 1867
301 11 231 998 157 1650
302 85 1612
303 45 1944 1353 240 281 690
304 27 130
305 89 540
306 39 621 1778 961 1487 622
307 85 1771
308 65 1816 576
309 91 1137 409 1912 1645 646
310 48 1931 1663 479 634 227
311 57 728 1604 1238 761
312 78 161 1519 744 1339
313 40 1045 1290 571 77 215
314 6 1943 364 1742
315 65 917 869 213
316 8 1898 1253 1450 270 1921
317 96 908 1658 1334
318 87 1424 634
319 35 347
320 39 53 1025 574 1525 228
321 99 1227 1452 1775 1076
322 33 1667
323 79 1625 425
324 47 937 830 34 1240
325 43 1633 1659 763 534
326 36 1598 1003
327 86 288
328 31 571 238 1285 214
329 46 1722 1060
330 81 191 1295 322 1179 1791
331 56 222 525 446
332 94 1277 1309 553 1705
333 24 636
334 86 379 335 528 660 525
335 85 518 434
336 77 1229 719 404 1027
337 43 747 1808 739 1646
338 97 511 860 849
339 39 1921
340 65 1571 1601
341 12 436
342 1 1682 1378
343 97 522
344 25 980 475 1519 1670
345 27 405 1535 926
346 100 305 404
347 63 1753 1395 365 1504
348 16 443 1218 1878
349 65 638 44 899 99 1916
350 33 1579
351 5 1177 1477
352 31 489 1443 1177 1316 1717
353 62 388 97 837 473 298
354 68 1195 265
355 16 1113
356 65 1506 1965 70 386 318
357 75 576 1834 1735 1609 371
358 90 1615 1788 831
359 75 1782 1928
360 31 781 1524 1237
361 95 1259 9 70
362 93 318 1699 586 1536 1802
363 83 228 115 1587 1150 278
364 49 639 650 1515 702
365 14 64 765
366 5 1487 673 1405
367 51 1354 1102 34
368 58 1982 917
369 51 726 125 84 1373
370 47 1394 233 556
371 4 1547 731 5 1894
372 26 667 309
373 71 928
374 50 1698 1683 840 560
375 96 260 337
376 58 929 1424 664
377 67 271 322 48 984 1679
378 75 1826 597 553
379 47 245 1495 1510 1501 1677
380 25 1025 1522 1964
381 77 1012 1869 1120 1471
382 22 710
383 66 1328 1918 770 1587 545
384 50 1092 1270
385 10 1904
386 38 1863
387 84 213 1447
388 27 935 1814
389 2 936 956 306 1502
390 44 1508 1731 1173
391 69 629 1941 125
392 29 1780 1403 452
393 14 1050 716
394 31 106 946
395 16 1548 1710 917 1281
396 85 901 1988
397 86 1592 1247 1650 1390
398 26 1927 1431
399 47 1287 805 407 533 983
400 40 1428 1845 355 1207
401 71 894
402 53 242 1892
403 66 1362
404 48 661 608 1527 383 917
405 1 1256 1762 144 458
406 98 1657 1979 1350 1627 176
407 41 1308 12 602 1334
408 81 262 408 416
409 89 1215 1384 1829
410 65 676
411 31 146 258 915 401 827
412 92 1949 1676 387 1516 1466
413 27 1814 1136 674 770
414 73 1876 1304 505 643
415 7 1321
416 93 904 1688 1411 476 588
417 65 1785 937
418 58 1593 1771 1678
419 55 1681
420 99 1568 727 197 1037 951
421 84 550 1305
422 36 1459 1834 1240 1521
423 100 557 1420
424 66 32 1408
425 58 1066 198 1783
426 25 1448
427 80 1865 913
428 5 1312 225 901
429 47 176
430 48 396 902
431 45 1919 968
432 89 1261 1899 1283
433 65 889
434 46 1434 883 1735 1538 1415
435 66 1732 1719 1965 1070
436 98 408 1221
437 84 138 1237 736 1958
438 50 1610
439 97 152
440 60 628 784 1254 950
441 62 654 1972
442 58 1152 1125 892 31
443 41 803 1294 682
444 73 767 960 1273 1298 1491
445 68 1326 563 1341
446 66 987 88
447 88 1309
448 67 1180 1050 1639 663 479
449 94 685 1245 1161 101 706
450 67 1491 1534 1085 1550
451 51 66 1071 183 610 1852
452 58 223
453 100 1034 957 1753
454 86 1186 629 1720 668 485
455 98 1936 768 1735 1339
456 75 4 1754 1512
457 62 924
458 41 956 41 1245
459 84 1584 1345 1258 1920
460 26 923 1362 143 1820
461 11 1795 133 386
462 55 486 1762 287
463 25 79 957 984
464 63 805 1417 130
465 58 60 1516 420 30
466 8 528 904 1346 1553
467 83 1155 301 792 371
468 56 705 54 1026 1511 1789
469 30 347
470 7 1198 1926 1956 1929
471 79 663
472 87 1140 1750 153 1980
473 1 1143 845
474 88 530
475 18 1649 454 220 822
476 68 1936 1040 729 539 1817
477 62 519
478 77 684 91 215 1461 341
479 3 727 1586
480 5 1288 9 623 1928
481 67 1194
482 35 753 1285 398 1184 705
483 60 177 606
484 59 1270
485 42 817 75
486 43 328
487 13 654 1421 1748 1274 503
488 12 1823 1717 439
489 79 695
490 18 625 769 1669 1865 812
491 22 1664 1798 1027 1194 782
492 48 876 119 1998 634
493 1 1404
494 96 1666
495 56 1533
496 56 1423 140 1117
497 1 1262 1926 452
498 28 278 1736 1701 1126
499 79 954 1014
500 40 957 276 770 1936 1710
501 88 1922 1325 341 145 1827
502 74 39 665 117
503 89 824 1022 1118 1900 854
504 29 710 1649 403
505 30 141
506 52 1990 1626 978 1797 1008
507 67 71 993
508 68 599 295 901
509 88 717 670 1728
510 74 1848 1343
511 46 160 1854 1981
512 100 747 671 629
513 87 15 513 182 136
514 25 366 942 1934
515 90 1180
516 82 1166 804 886 603
517 11 1450 678 455
518 30 578 1
519 80 1356 190 1755 301 1592
520 8 919 1038 176 280
521 3 1206 1817
522 40 1775 854 1944 633
523 69 1303 177 1071 950
524 82 1733 1660 1627 589 64
525 3 1029 746 578 917 1370
526 19 1850 1837 1197 169 1248
527 36 1329 1982 1593
528 8 934 1157
529 6 243
530 48 296 1726 236 81
531 92 401 469 1429 1283 1792
532 2 1583 1732 475
533 5 1116 1749 988 1718 1719
534 62 1640 867
535 35 238
536 85 576 552 40 1110
537 61 1339 555 165 272
538 37 1430 23 1758 1323
539 72 627 30
540 11 350
541 31 938 1243 876 1873
542 8 1602 746 54
543 86 1654 885 1769
544 4 1385 215 30
545 41 1537 839 1541 113
546 69 1961
547 37 44 1362 1906 1598 229
548 63 1449 249 35 420
549 77 1051 1065 625 1662
550 54 602 489 1495 1306
551 83 848 46 1041
552 18 1268 1874 1179 954 1906
553 62 1363 1544 161 918
554 81 1297 102 1200
555 25 1552 1585 1482 828
556 34 354 1784 1449 547 824
557 98 1922
558 45 513 1675 1294
559 6 1995 493 1419 982 370
560 32 651
561 85 850 1143 450
562 63 303 1626 595 1487 504
563 74 987 720 1099
564 13 186 1225 1151 1146 1322
565 3 508 1147 583
566 27 1609 1139
567 33 1289 735 636
568 60 467 1671 685
569 48 304 849 1436 1950
570 73 260 277
571 34 812 1830 835
572 84 282 1170
573 56 776 1354 1782 1312
574 66 1052
575 28 1579 1937
576 67 290 1488 29 133 1353
577 80 516 191 963 1030 890
578 67 127 36 1110 1439 1635
579 27 1015 1628
580 96 1223 576 1717
581 72 3 839
582 56 1404 1752
583 55 720 133
584 74 1395
585 2 1249 1000 1880 259 1289
586 90 1363
587 86 317 1750 1101 1189
588 65 419 1362 747
589 27 1606 756 640 1390
590 84 584
591 25 1727 1009 1310 1626 1636
592 68 806 200 2000
593 59 877 1222 240
594 45 1656 1247
595 86 1637 1968
596 3 1559 1293 1852 1535 477
597 83 1109 515 1541 1538 568
598 81 1398 1819
599 16 1930 1735 1271 428
600 18 273 446 887 1562 778
601 82 541 245
602 78 151 509 680
603 45 1925 1542 851 963
604 67 255 794 572 687
605 48 734
606 63 485 1504
607 41 1441 1740 837 1473 1359
608 6 1805 735
609 52 88
610 44 413 532
611 88 1230 1696
612 33 377
613 18 367 1288 1138
614 80 1190 493 1899
615 42 417 1870 1509 1247 488
616 24 851
617 86 1749 317 246
618 1 1739 104 223 1575
619 59 1566 1875 257
620 76 413 1565 113 1328 316
621 71 1736 1069 818 433
622 68 596 657 231 455 922
623 1 1658 1776 187
624 84 299 291 1404 1324
625 11 1568
626 55 1474 271 1966
627 57 1940 157
628 59 1226 317 826
629 21 1456 318 1109
630 40 1216 353 1444
631 28 1600 1395
632 21 679 1691 1759 1028 546
633 53 1111 1359 1162 566 546
634 54 285 1500 1905
635 23 1627 1611 1640 122 530
636 68 1224 1512
637 93 1818 1664 1646 1560
638 80 363 645 900
639 22 985 366 1196 1116 683
640 46 1797
641 100 1988 1997 968 1278
642 44 1494 1202
643 63 181
644 19 97 1302 992 1397 1671
645 13 80
646 1 1919
647 10 1474 804
648 73 1157
649 9 148 482 1764 2000 397
650 6 1534 1306 613
651 29 690
652 49 144 1935
653 53 1868 786 1957 1558
654 94 772 854 1943
655 32 344 1728 395 1009
656 82 1727 1437
657 55 1968 1787 944 1199 1803
658 85 31 1056 121 1811
659 90 471 133
660 7 1272 111 517 1672 368
661 38 650 1105 936 1793 286
662 65 1454 1869 1664 128
663 54 849 594 1637 1137 985
664 49 1710 707
665 6 1351 1669 1395 1321
666 62 1979
667 33 455 982
668 18 155 1163 920
669 56 604 247
670 89 1791 624 1059 429 1135
671 14 1208 1990
672 37 1792 1655 1011 1018 1024
673 93 394 699
674 84 641 479 698 1214 208
675 42 1627 1513
676 53 1411 881 1145 1781 1399
677 20 573
678 67 1172
679 16 751 797
680 10 967 406 187 154
681 78 1266 776 1062 14
682 39 162
683 19 98 392 1177 461 1551
684 76 1348 1910
685 93 56 1520 1864
686 73 1193 1906 1229 922
687 29 1386 51 480
688 98 1415 223 1430
689 68 818 60
690 83 342 1704 1586 1783
691 44 862 508 698 255 2
692 40 1592 133 896 1432
693 14 1575
694 20 382 213
695 79 1110
696 66 422 1078
697 88 359
698 13 1192 1629 1472 1887 552
699 79 1756 1743 442 1488
700 5 1770 509 1352
701 44 1109 1772
702 24 1922
703 59 1473
704 76 1817 239 322 942
705 58 1999
706 34 1653 979 1535
707 13 1046 324 187
708 100 308 1563 267 1288
709 25 1669 685 745 1049
710 5 877 1125 247 136
711 81 1801 1260 256
712 69 1839 1663 359
713 42 1055 1169
714 81 1957 647 154
715 39 1872 1528 112
716 24 1143 1892 704 656 1957
717 96 7 683
718 35 1923 1972 738 510
719 59 604 723 946
720 86 432 1598 1542 1250
721 96 195 1084 1843 274 1067
722 47 499
723 53 526 1499
724 94 1315
725 87 578 490 1341
726 42 278 530 298 416
727 76 363
728 36 1599 864 1821 1028
729 63 1011 890 155 1054 237
730 41 1173 1603 1289
731 14 1379 1028
732 20 1903 1481 1498
733 76 770
734 55 1907
735 50 436
736 17 714 1766 345 900 1216
737 69 131 1032 1448 366 1714
738 81 1269
739 62 919 1763
740 3 1738 586 1197 899 769
741 8 1485 1771
742 68 1657 1466 1218 446
743 77 1688 1435
744 27 218 1716 761 359 847
745 76 748 1175 1430 1700 342
746 53 473 782 1151 1015 1843
747 33 136
748 15 792 1022 1101 811 1577
749 60 600 399 1134
750 75 729 1995 1365 135 928
751 67 156 1401 1846
752 60 286 1925
753 40 1957 544 1722 172
754 68 1966 1757 542 1003
755 94 1423 741
756 92 976 1880 1506 872
757 42 453
758 62 1706 1246 662
759 97 1314 419 1866
760 41 869 1323 968 315 1768
761 4 589 15 1089 1341
762 37 1781 964 544
763 18 317 505 642 1615
764 76 591
765 41 1423
766 39 868 1965 261 567 1247
767 34 1556
768 46 1333 226 1337
769 31 1905
770 11 1219 1448 26
771 37 1662
772 14 356 460 1003 788
773 66 1148 1879 1516
774 84 1139 228 1512 908
775 97 1531
776 34 796 1357
777 39 276 540 1887 1383
778 49 1129 1411
779 21 696
780 27 1942 599
781 40 535 651 1352
782 12 301 1507 1192 55 1144
783 50 1345 582 682 494 1152
784 45 1251
785 30 1520 603
786 79 650
787 27 554 327
788 25 1004 1856 995 1298 1372
789 12 1184
790 24 359 1460 1123 1537
791 37 814 318 863 221 1637
792 23 1940 744
793 19 1989 353
794 52 1409 661 1564
795 87 1665 196
796 79 837 143 784
797 61 842 1771 1508 438 304
798 20 1151
799 88 1723
800 95 1925 103 394 710
801 97 1308 552 1360
802 41 746
803 80 139 1824 835 333
804 46 1266
805 30 1165 468 189
806 16 1434 847 290 1849 916
807 41 1140 983 946 1896 419
808 78 1744 840 1405 1401
809 69 719 763 1957
810 71 1746
811 68 1919 55 1443 1941 965
812 85 855
813 37 1013 823 100
814 70 266
815 10 997 386 662
816 84 1535 1050 1395 731
817 81 1566 371
818 66 1035 1368 1376
819 99 318 1568 1336 1369
820 12 1511 1281
821 41 128
822 87 951 658 654
823 8 1385 229 505 1459 1058
824 75 643 566 759
825 77 21 683 48
826 52 356 889 992
827 57 273 1942 924
828 33 1585 1494 1162
829 3 1586 205 690
830 2 554 1999 865 1000 443
831 45 1930 1658 155
832 63 1055 620
833 3 242
834 36 866 1911
835 63 45 1634 1136 1531
836 78 79
837 55 414 636 1325 1300 115
838 51 1536 1213
839 12 1470 1888 277 143
840 19 739 1619 189 577
841 72 725 1682 170
842 46 1045 947
843 46 847 814 604
844 59 1841 1835 1201 955 657
845 82 1271 945
846 26 228 543 38 852
847 37 100 842 75 1544 1781
848 67 970 1854 1778 1264 978
849 33 848
850 64 153 93
851 96 870 1732 966
852 18 1892 702 948
853 91 696 411
854 43 710 389 1207 1131
855 10 167
856 16 1155 1819
857 96 625 499 1495 380 178
858 99 1481 1603 201 1810 1266
859 91 1032 226
860 54 58
861 98 541
862 11 1818 1017 1134 1921
863 34 468 664
864 28 109 287
865 13 692
866 80 413 532 919 25 1994
867 42 44
868 100 709 245
869 6 1495 884 1444 1947
870 65 136 348 749 1427 1260
871 68 636
872 1 1139 763 699
873 63 927 673 1166 627
874 73 1024 1351 1109
875 18 722 908
876 17 718 823
877 74 1289 430 252 99 1551
878 49 139 1344
879 85 1589 1626 1523 1850 910
880 45 83 1869 1319 544 849
881 52 789
882 80 1897 1261 576
883 39 1432 175
884 64 1312 1229
885 31 1949
886 88 472 1625
887 22 212 139 670 24 1969
888 78 73 1864 1298 1667 1327
889 89 1711 1365 1182 523
890 57 1939 1156 1748
891 44 60
892 31 1695
893 81 137 1303 1666
894 35 880 1737
895 88 245 1262 1143 1485
896 75 1632 343
897 39 341 1202
898 61 407 1767 805 448
899 50 1073 1957 1266 1567 368
900 51 1930
901 23 1665 14 1710 703
902 54 1468 512 1199 1079 1477
903 48 292 103 555 1082 351
904 80 1489 245
905 29 174
906 100 305 743
907 95 1624 632
908 36 1161 981 820 1878 666
909 50 688 1384 1154 357
910 15 1506 1964 1038
911 59 228 328 701 640
912 58 1617 463 1583
913 81 828 1747 401
914 71 509
915 69 1027 223 1055 1849 945
916 69 1427 1500 111
917 5 1066
918 50 366
919 56 528 1738 1494
920 39 1769 276 1607 262
921 55 115 398 1402 1510
922 77 770
923 49 621 600 1474
924 51 150 674 1508 1058 1102
925 58 1503 1865 1027 1341 1301
926 51 891 1128 892
927 78 1902 1171 1145 160 1982
928 63 1074
929 18 381 1818 539 512 291
930 46 731 1401 1268 608 1897
931 81 1208 927
932 42 1704 751 1804 1750
933 28 1383 332 666 1379 166
934 63 1808 866 1741 1960
935 82 242 1584
936 61 1898 54 1314 23 1180
937 33 166 1035
938 60 1926
939 33 1176 313
940 86 205
941 100 34
942 7 967 303
943 54 1930 1689
944 71 1220 1246 1784 54
945 31 1493
946 27 1416 766 1804
947 40 876 859 1743
948 37 869
949 56 1248
950 51 102
951 79 171 1878 161 479
952 35 1060 1913 1821 1161
953 14 1563 536
954 16 891 822 205
955 14 150 1466 869
956 35 449 1308 805 924
957 63 1581 128 1182 1018 623
958 38 728 616 1333 1313 1713
959 99 1823 472 1667
960 8 1961
961 74 873 1160 1238 261
962 34 644 1050
963 54 44 444 627 974 1724
964 65 1903 1619 579 1358
965 9 1453 240 337 167 287
966 27 502
967 43 360 1495 506 77 833
968 39 311 1577 1505 1898 713
969 77 255 390 76 157 852
970 69 722 417 1645
971 79 152 1896 1210 839 1236
972 54 1651 1409
973 90 296 1770 1881 650 3
974 2 1879 671
975 72 497 1784 127 1677 1422
976 38 1096 1971
977 13 1427 787 1279 1550 1103
978 11 539 1293 1184 566 1478
979 28 412 748 810
980 10 1825 1078 241
981 53 1688 917 1788 1584
982 3 1523 615
983 56 1663 645
984 6 947 1780 1359 1124
985 23 1252 412 354 1780 1516
986 65 481
987 80 536
988 94 192
989 87 978 1457 1393 1747 1127
990 4 465 2
991 18 1300 1186 463 992
992 83 576 692
993 24 1665 1521 35
994 23 276 590 179 229 799
995 98 911 817
996 47 1084 1293
997 24 1803
998 91 1821
999 53 1946
1000 67 1366
