101 2
1 2 468
2 1 78
3 2 520
4 2 805
5 2 600
6 1 931
7 1 25
8 1 702
9 2 169
10 2 153
11 1 273
12 1 232
13 2 114
14 1 673
15 1 982
16 2 130
17 2 344
18 1 597
19 2 93
20 1 337
21 1 309
22 2 714
23 2 386
24 2 162
25 1 505
26 1 943
27 1 254
28 2 219
29 2 264
30 2 288
31 1 903
32 1 480
33 2 943
34 1 599
35 2 394
36 2 518
37 1 16
38 1 781
39 1 354
40 1 119
41 1 483
42 1 838
43 2 39
44 2 430
45 2 520
46 2 395
47 1 643
48 1 708
49 2 843
50 2 17
51 1 980
52 1 409
53 2 403
54 1 470
55 1 460
56 2 996
57 2 842
58 1 531
59 2 584
60 2 511
61 1 898
62 1 426
63 2 929
64 2 266
65 2 34
66 1 34
67 2 652
68 2 914
69 2 397
70 2 52
71 1 262
72 2 570
73 2 882
74 1 782
75 2 265
76 2 943
77 2 18
78 2 421
79 2 563
80 2 260
81 1 975
82 2 26
83 2 800
84 1 354
85 1 819
86 1 811
87 1 35
88 1 33
89 1 420
90 2 724
91 1 618
92 1 541
93 1 639
94 2 117
95 1 623
96 2 85
97 2 33
98 1 786
99 2 663
100 2 936
101 2 141
1 450 43
2 131 54
1 1 92 54 71 78 53
2 1 31 49 94
3 2 34 60 76 59
4 1 37
5 2 54 87 24 61
6 1 70
7 1 48 27
8 2 33 19 22
9 2 35 73 5 100 46
10 2 7 1 11 29 82
11 1 75 71 98
12 2 72 23 17 12
13 1 26 89
14 2 40 67 44 38 84
15 1 52 44 68
16 1 3
17 1 61 22 10 99 63
18 2 43 20 19 78
19 1 82 92 39 24 36
20 2 46 48
21 2 85 88
22 1 26 20 71 47
23 2 49 63
24 2 22 27 38 29
25 2 56
26 2 61 39
27 1 18 86 32
28 1 30 11 54 13 67
29 1 22
30 1 71 26 12 41
31 1 37 52
32 2 75 18 81
33 1 31 18 2
34 2 97
35 2 33
36 2 87 19 67 35 23
37 1 37 18 4
38 2 24
39 1 64 4 67
40 2 94
41 2 37 24 34 98
42 2 28 77 95 13 82
43 2 72 24 94 16 22
44 1 49 26 99 22 10
45 1 50 85
46 1 62 82 90 10
47 1 46
48 2 86 101 97
49 2 77
50 2 8
51 2 44 22
52 1 92 21 75
53 1 17 19
54 1 40
55 2 37 20 76
56 1 8
57 1 90 84 75
58 1 80 78 25
59 2 96 22
60 1 101
61 2 63 48 61
62 2 80
63 2 94 45 17
64 1 16 96
65 1 55 89 20 65 61
66 1 88
67 1 71 94 76 19 25
68 1 55 34 43 8
69 1 14 34 36
70 1 58
71 1 98 37 76 16 33
72 2 32 88
73 2 68
74 2 70 31 77 53
75 1 23 29
76 1 95 70 71
77 2 23 8 12
78 2 23 75
79 2 37
80 2 15
81 1 63
82 1 78 8
83 2 20 17
84 2 68 78
85 1 4 42 90 8 3
86 1 22
87 2 59 44
88 2 42 68 6 58 24
89 2 3 36 22 91
90 1 93 95
91 1 83 26 76 6
92 1 54 67 81 40
93 2 86 13 31
94 2 79 1 58 96 43
95 2 27 55
96 2 58
97 1 52 94
98 2 39
99 2 43 98 85 93 1
100 1 74 89
101 1 71 27
102 2 40 6 88 36 26
103 1 45 49 27 83
104 1 64 12
105 2 50 11 7
106 2 14 36 100 86
107 2 22 15
108 1 39
109 1 48
110 1 46
111 2 84 4 23 56 62
112 1 100 75 3 60
113 2 54 92 80
114 1 13 10 101 92 39
115 2 75 77 34 16
116 1 43 72 75 96 24
117 2 38 4 60
118 1 43 59 89 47 77
119 1 45 38 36 98
120 2 17 47 96 80 54
121 1 52 11
122 2 45 65 47 28 24
123 1 76
124 1 35 76
125 2 63 17 35
126 2 17 61 90 7 62
127 1 1 70 81 56 50
128 1 97
129 2 40 35
130 1 52 42 85
131 1 75 97
132 2 32
133 1 45 49 100
134 2 49 95 51 53
135 2 8 17 72 67 77
136 1 86 25 48 43 90
137 1 38 18 13 48
138 2 5 14
139 1 74 85
140 2 34 51 32
141 2 93 72 18
142 1 94
143 2 64
144 2 84 68
145 1 21 55 45 51 68
146 1 72 52 2
147 2 62
148 2 8 72
149 2 42
150 1 96 89 14 20
151 1 12 17
152 1 50 13 79 45
153 2 64 49 93 1 81
154 2 67 51
155 1 28 92
156 1 25 17 59 11 14
157 1 47
158 1 2 73 101 22 99
159 1 87 62 90
160 1 50 9
161 2 81 73 55 87 64
162 2 45 6 97 61
163 2 70 14
164 2 66 12 50 91
165 2 30 20 93 64
166 2 23 56 24
167 1 22 79 67 4
168 2 12
169 2 35
170 2 68 91 20 86 94
171 1 86 1 84 51 8
172 1 47 23 7 71 74
173 2 87 22 83 79
174 2 63 72 18 2 14
175 1 63 22
176 1 81 48
177 2 81 45 35
178 1 75 8
179 2 84 83
180 2 90 57 85 7
181 2 52 60 9 40
182 2 89 88
183 2 60 47 25 33
184 1 65 70 76
185 1 11 88 27
186 1 39 81 67
187 1 1 5 74 69 63
188 1 19 93
189 1 51 18 23 83 93
190 1 66 101 100
191 1 39 88
192 1 12
193 1 96
194 1 1 51 55
195 2 51 81 76 94 30
196 2 23
197 2 97 100 75 77
198 2 28 15 74 35 71
199 1 71 37 35 7
200 1 61 13 89
