2000 100
1 71 709
2 99 758
3 34 813
4 60 832
5 13 491
6 75 72
7 41 139
8 63 967
9 11 856
10 84 713
11 89 202
12 77 545
13 92 137
14 37 498
15 41 302
16 47 160
17 91 668
18 55 321
19 52 445
20 94 929
21 75 572
22 6 346
23 31 679
24 63 371
25 71 600
26 16 809
27 91 691
28 97 628
29 18 258
30 23 413
31 53 960
32 51 194
33 53 116
34 22 832
35 56 603
36 59 179
37 16 644
38 48 778
39 41 286
40 74 496
41 89 762
42 100 939
43 49 48
44 4 683
45 35 438
46 20 159
47 23 108
48 53 198
49 75 734
50 34 948
51 63 896
52 87 367
53 55 489
54 92 434
55 74 246
56 30 753
57 14 946
58 31 717
59 85 54
60 2 232
61 51 809
62 13 146
63 59 518
64 78 285
65 25 907
66 63 844
67 22 266
68 44 953
69 57 901
70 53 407
71 97 124
72 29 554
73 74 914
74 76 312
75 74 567
76 10 214
77 11 960
78 11 868
79 12 316
80 83 824
81 60 412
82 46 225
83 80 724
84 91 589
85 44 653
86 24 732
87 27 636
88 53 500
89 65 556
90 9 793
91 16 409
92 40 778
93 56 129
94 13 315
95 90 917
96 11 246
97 13 957
98 63 536
99 64 350
100 18 908
101 94 271
102 57 715
103 44 721
104 43 633
105 32 173
106 98 974
107 20 602
108 35 395
109 19 108
110 90 431
111 64 63
112 17 329
113 7 631
114 59 88
115 79 231
116 84 111
117 59 393
118 75 938
119 3 453
120 4 306
121 59 409
122 37 448
123 100 369
124 43 34
125 1 103
126 93 988
127 23 318
128 49 704
129 100 912
130 57 239
131 92 751
132 75 958
133 15 134
134 6 501
135 57 760
136 85 299
137 61 47
138 56 241
139 78 305
140 74 599
141 80 472
142 92 354
143 15 270
144 11 892
145 51 817
146 8 916
147 30 507
148 8 875
149 66 753
150 88 580
151 54 241
152 66 729
153 81 964
154 89 269
155 25 907
156 6 253
157 86 852
158 32 645
159 14 239
160 29 883
161 23 81
162 90 477
163 39 458
164 43 659
165 53 286
166 1 529
167 36 685
168 95 949
169 58 204
170 44 64
171 35 531
172 100 676
173 84 511
174 81 257
175 21 384
176 28 104
177 41 668
178 26 702
179 25 421
180 39 393
181 90 886
182 24 751
183 65 237
184 92 645
185 80 144
186 58 620
187 88 666
188 85 317
189 95 950
190 31 121
191 33 663
192 91 618
193 38 733
194 79 693
195 19 215
196 56 382
197 44 664
198 94 237
199 95 806
200 35 944
201 34 89
202 100 802
203 70 356
204 15 575
205 57 672
206 35 231
207 79 94
208 60 150
209 2 619
210 84 813
211 97 675
212 92 15
213 50 783
214 86 58
215 10 785
216 6 788
217 74 308
218 2 347
219 49 84
220 26 15
221 57 28
222 40 113
223 67 576
224 83 622
225 73 631
226 94 903
227 73 401
228 89 764
229 42 425
230 92 840
231 72 829
232 33 357
233 90 90
234 21 35
235 21 925
236 54 828
237 95 639
238 56 182
239 30 375
240 90 195
241 25 122
242 29 44
243 7 697
244 52 632
245 46 358
246 30 610
247 61 541
248 87 122
249 32 140
250 24 395
251 66 885
252 26 999
253 48 693
254 10 251
255 80 85
256 29 844
257 45 884
258 21 891
259 43 382
260 45 367
261 11 423
262 66 311
263 36 367
264 70 689
265 97 785
266 48 890
267 40 845
268 98 303
269 63 41
270 57 600
271 50 642
272 93 359
273 4 554
274 57 451
275 79 37
276 31 892
277 15 218
278 84 738
279 30 881
280 75 198
281 11 903
282 52 176
283 47 30
284 78 38
285 27 204
286 39 265
287 74 304
288 36 154
289 34 190
290 37 240
291 24 138
292 29 291
293 96 526
294 81 160
295 17 740
296 20 70
297 27 819
298 65 632
299 28 460
300 91 666
301 34 83
302 24 288
303 30 419
304 100 651
305 39 193
306 34 678
307 20 620
308 72 404
309 61 553
310 96 749
311 41 906
312 82 89
313 93 532
314 100 792
315 37 295
316 71 741
317 21 583
318 32 820
319 58 305
320 44 498
321 34 656
322 40 599
323 36 86
324 89 136
325 51 34
326 35 482
327 83 977
328 41 611
329 4 202
330 80 553
331 10 669
332 95 383
333 99 285
334 71 747
335 74 23
336 50 342
337 100 953
338 87 985
339 44 224
340 79 272
341 50 865
342 70 418
343 14 671
344 21 940
345 29 62
346 70 830
347 96 691
348 68 817
349 18 959
350 42 944
351 66 174
352 52 220
353 17 145
354 22 199
355 8 31
356 48 841
357 28 374
358 97 168
359 38 318
360 44 314
361 68 713
362 49 139
363 66 648
364 41 329
365 21 212
366 77 312
367 26 867
368 41 258
369 67 460
370 16 327
371 9 737
372 36 820
373 62 319
374 94 580
375 84 984
376 23 713
377 100 624
378 70 102
379 57 577
380 48 836
381 22 20
382 50 950
383 88 238
384 65 775
385 62 425
386 67 343
387 50 462
388 98 719
389 75 790
390 86 864
391 11 300
392 80 250
393 5 156
394 32 379
395 87 381
396 55 525
397 4 800
398 10 196
399 97 673
400 72 325
401 63 44
402 93 881
403 58 366
404 69 610
405 23 380
406 83 870
407 50 596
408 63 664
409 10 698
410 16 920
411 12 800
412 27 864
413 58 523
414 11 375
415 38 742
416 7 553
417 62 658
418 75 509
419 11 860
420 75 874
421 11 906
422 81 155
423 96 650
424 9 209
425 11 33
426 14 570
427 75 674
428 31 198
429 78 814
430 67 106
431 28 322
432 22 132
433 35 148
434 19 391
435 38 489
436 18 170
437 69 838
438 10 300
439 38 631
440 13 536
441 45 64
442 6 350
443 60 995
444 86 41
445 54 736
446 70 386
447 67 315
448 89 605
449 6 937
450 56 477
451 77 908
452 38 739
453 48 828
454 100 116
455 9 873
456 82 307
457 35 694
458 18 372
459 30 838
460 56 458
461 53 267
462 22 102
463 73 924
464 68 267
465 86 824
466 42 294
467 9 630
468 32 645
469 80 50
470 52 73
471 70 751
472 74 342
473 77 415
474 3 324
475 99 721
476 96 410
477 57 273
478 5 741
479 3 695
480 28 190
481 38 508
482 100 425
483 68 464
484 54 709
485 73 47
486 99 968
487 75 361
488 29 30
489 83 378
490 58 479
491 88 632
492 23 719
493 85 120
494 23 11
495 1 467
496 46 548
497 99 786
498 87 722
499 19 946
500 7 439
501 3 772
502 4 476
503 13 187
504 14 327
505 89 315
506 19 192
507 96 105
508 38 583
509 31 217
510 49 545
511 48 976
512 38 704
513 55 41
514 95 697
515 22 889
516 36 327
517 87 875
518 63 639
519 30 156
520 80 792
521 70 74
522 88 440
523 81 168
524 38 554
525 75 320
526 85 599
527 88 819
528 11 549
529 80 650
530 7 572
531 86 72
532 85 174
533 46 796
534 7 659
535 88 999
536 53 423
537 30 350
538 18 689
539 79 859
540 26 390
541 66 297
542 23 211
543 51 432
544 9 502
545 76 375
546 76 967
547 91 822
548 41 209
549 51 284
550 20 609
551 4 799
552 56 208
553 61 622
554 35 847
555 64 570
556 94 60
557 68 845
558 77 874
559 67 943
560 53 81
561 94 562
562 59 531
563 79 231
564 93 437
565 82 824
566 98 791
567 79 211
568 55 830
569 25 696
570 24 182
571 60 303
572 47 65
573 53 427
574 66 851
575 13 769
576 62 369
577 73 828
578 70 891
579 24 134
580 65 165
581 96 941
582 90 478
583 83 632
584 68 883
585 31 734
586 37 433
587 53 990
588 80 336
589 7 901
590 56 951
591 85 934
592 58 343
593 80 307
594 25 281
595 52 181
596 6 746
597 85 641
598 44 861
599 31 951
600 72 614
601 51 865
602 39 281
603 19 489
604 58 508
605 64 635
606 77 700
607 94 519
608 60 118
609 25 757
610 1 312
611 13 194
612 29 614
613 88 991
614 59 179
615 11 634
616 96 867
617 7 993
618 64 796
619 84 55
620 63 181
621 100 220
622 7 121
623 61 528
624 31 387
625 65 239
626 92 786
627 32 718
628 9 84
629 41 939
630 71 941
631 93 127
632 95 117
633 39 276
634 49 358
635 19 264
636 52 596
637 51 716
638 74 14
639 80 247
640 51 133
641 9 353
642 53 134
643 34 11
644 36 581
645 94 335
646 57 12
647 18 138
648 7 919
649 81 887
650 89 895
651 29 514
652 11 352
653 8 235
654 88 196
655 51 121
656 32 217
657 95 786
658 72 59
659 89 292
660 28 477
661 65 341
662 71 489
663 60 485
664 43 226
665 27 758
666 5 514
667 85 104
668 13 700
669 7 750
670 78 587
671 50 733
672 65 39
673 77 725
674 98 16
675 59 46
676 8 520
677 45 383
678 43 980
679 75 193
680 47 926
681 47 302
682 16 596
683 36 330
684 57 85
685 86 503
686 22 403
687 27 160
688 81 340
689 32 963
690 8 242
691 60 17
692 90 875
693 99 242
694 95 815
695 47 209
696 24 797
697 89 852
698 17 432
699 11 79
700 77 453
701 15 743
702 19 547
703 2 65
704 78 839
705 82 402
706 32 850
707 28 175
708 29 431
709 77 748
710 80 124
711 35 938
712 8 422
713 48 667
714 84 16
715 68 928
716 19 395
717 28 197
718 77 437
719 29 979
720 27 158
721 64 350
722 11 633
723 53 319
724 18 607
725 50 762
726 50 242
727 74 390
728 77 359
729 78 153
730 6 600
731 36 404
732 30 850
733 70 483
734 41 548
735 80 271
736 55 874
737 38 600
738 96 136
739 54 791
740 48 55
741 67 644
742 54 295
743 30 828
744 85 760
745 90 213
746 96 801
747 48 150
748 8 314
749 25 48
750 52 78
751 80 44
752 37 44
753 21 265
754 74 621
755 83 692
756 17 862
757 87 747
758 80 726
759 1 712
760 44 780
761 43 773
762 26 206
763 27 536
764 6 379
765 74 447
766 56 460
767 75 184
768 62 324
769 40 983
770 11 758
771 52 912
772 74 994
773 6 109
774 92 677
775 43 577
776 86 415
777 12 622
778 41 555
779 59 233
780 87 160
781 36 848
782 96 45
783 77 780
784 14 171
785 19 254
786 47 853
787 9 147
788 28 742
789 50 83
790 16 43
791 34 231
792 39 492
793 52 25
794 90 799
795 100 890
796 2 763
797 53 931
798 21 299
799 87 66
800 66 261
801 83 207
802 49 947
803 87 363
804 9 71
805 49 306
806 32 638
807 37 518
808 16 850
809 26 118
810 18 962
811 69 143
812 66 644
813 14 691
814 92 580
815 35 923
816 98 525
817 20 288
818 19 106
819 7 934
820 81 905
821 63 247
822 41 400
823 2 456
824 98 574
825 80 232
826 47 394
827 45 209
828 17 497
829 24 746
830 94 664
831 5 238
832 63 918
833 98 918
834 53 487
835 11 788
836 25 234
837 36 31
838 82 652
839 25 444
840 72 579
841 25 413
842 25 362
843 23 585
844 28 922
845 22 404
846 24 108
847 74 904
848 36 89
849 91 941
850 98 383
851 85 73
852 18 456
853 86 821
854 22 661
855 94 968
856 21 702
857 46 544
858 45 474
859 23 485
860 22 459
861 27 315
862 68 600
863 2 753
864 12 769
865 25 410
866 57 953
867 23 733
868 72 732
869 35 891
870 85 113
871 56 386
872 4 382
873 23 510
874 77 892
875 93 566
876 14 704
877 68 113
878 50 470
879 57 34
880 28 335
881 3 791
882 8 678
883 100 734
884 94 217
885 58 88
886 97 405
887 39 903
888 90 985
889 89 888
890 32 343
891 24 528
892 9 711
893 98 712
894 41 404
895 19 899
896 51 578
897 81 13
898 73 76
899 47 244
900 63 802
901 68 832
902 34 971
903 71 153
904 65 108
905 36 20
906 72 441
907 62 169
908 95 506
909 98 275
910 64 56
911 84 1000
912 36 509
913 21 586
914 1 166
915 58 416
916 74 438
917 56 921
918 27 14
919 98 281
920 85 88
921 7 351
922 10 697
923 69 607
924 78 351
925 78 229
926 92 754
927 90 374
928 59 254
929 28 659
930 92 915
931 61 548
932 89 33
933 40 192
934 12 669
935 97 110
936 63 730
937 92 937
938 56 976
939 78 632
940 53 850
941 100 110
942 83 444
943 2 453
944 89 166
945 11 315
946 71 42
947 26 683
948 13 248
949 33 263
950 3 290
951 21 413
952 31 188
953 66 297
954 42 599
955 78 163
956 78 670
957 34 604
958 36 166
959 54 818
960 80 275
961 17 216
962 61 895
963 52 436
964 79 843
965 80 472
966 67 35
967 77 976
968 68 649
969 58 604
970 50 999
971 82 510
972 73 113
973 21 650
974 43 458
975 18 731
976 5 635
977 10 915
978 23 782
979 91 384
980 82 544
981 6 225
982 75 485
983 99 401
984 70 43
985 23 910
986 12 926
987 17 762
988 19 377
989 94 532
990 59 347
991 10 387
992 51 950
993 40 416
994 9 387
995 50 184
996 14 266
997 92 712
998 57 534
999 92 900
1000 41 103
1001 32 451
1002 9 357
1003 40 50
1004 62 701
1005 94 146
1006 74 72
1007 31 123
1008 89 689
1009 35 737
1010 19 356
1011 66 366
1012 63 454
1013 35 761
1014 71 711
1015 44 331
1016 50 807
1017 50 729
1018 13 86
1019 68 138
1020 5 386
1021 16 130
1022 53 925
1023 58 621
1024 46 313
1025 67 205
1026 24 893
1027 33 137
1028 18 537
1029 44 940
1030 31 746
1031 45 312
1032 62 425
1033 89 508
1034 74 174
1035 14 32
1036 98 845
1037 62 296
1038 81 803
1039 38 696
1040 64 959
1041 98 705
1042 80 31
1043 3 357
1044 75 166
1045 70 297
1046 9 291
1047 93 744
1048 75 183
1049 74 282
1050 85 185
1051 47 409
1052 93 188
1053 1 355
1054 68 61
1055 74 83
1056 87 580
1057 21 879
1058 77 668
1059 13 754
1060 15 553
1061 75 208
1062 68 723
1063 76 849
1064 83 218
1065 27 573
1066 22 903
1067 37 973
1068 20 219
1069 57 537
1070 41 642
1071 41 755
1072 13 852
1073 68 160
1074 69 229
1075 39 65
1076 18 607
1077 25 359
1078 19 683
1079 61 389
1080 97 170
1081 95 418
1082 57 98
1083 78 395
1084 63 342
1085 11 236
1086 26 986
1087 26 351
1088 32 282
1089 78 448
1090 10 179
1091 16 586
1092 14 286
1093 35 390
1094 53 234
1095 58 862
1096 29 955
1097 6 666
1098 67 611
1099 32 851
1100 93 395
1101 65 656
1102 85 692
1103 42 964
1104 77 370
1105 58 309
1106 37 923
1107 38 619
1108 44 335
1109 64 510
1110 78 732
1111 62 41
1112 52 593
1113 27 124
1114 82 55
1115 57 585
1116 85 35
1117 36 302
1118 16 619
1119 51 689
1120 70 287
1121 31 563
1122 48 743
1123 89 990
1124 14 541
1125 15 741
1126 31 159
1127 36 176
1128 62 143
1129 67 220
1130 71 306
1131 5 922
1132 32 697
1133 27 982
1134 89 240
1135 7 977
1136 69 333
1137 49 595
1138 20 770
1139 94 890
1140 59 791
1141 84 569
1142 84 458
1143 18 105
1144 20 977
1145 76 906
1146 30 977
1147 65 512
1148 71 300
1149 56 662
1150 14 663
1151 45 111
1152 96 142
1153 10 195
1154 87 868
1155 57 380
1156 5 650
1157 43 115
1158 55 390
1159 21 29
1160 31 602
1161 66 918
1162 60 633
1163 19 678
1164 36 531
1165 52 720
1166 78 100
1167 72 999
1168 24 797
1169 51 562
1170 71 469
1171 70 565
1172 66 514
1173 79 317
1174 83 218
1175 49 996
1176 89 117
1177 90 481
1178 7 361
1179 8 89
1180 77 644
1181 72 438
1182 20 153
1183 67 664
1184 96 185
1185 4 890
1186 67 272
1187 59 976
1188 23 598
1189 41 933
1190 12 788
1191 67 867
1192 32 942
1193 42 916
1194 91 449
1195 35 987
1196 95 27
1197 45 222
1198 40 437
1199 4 610
1200 82 655
1201 22 727
1202 86 96
1203 55 668
1204 99 914
1205 79 999
1206 66 692
1207 17 255
1208 100 783
1209 23 568
1210 21 17
1211 59 178
1212 3 756
1213 67 572
1214 58 414
1215 97 287
1216 75 520
1217 38 689
1218 51 971
1219 93 246
1220 46 585
1221 76 629
1222 91 75
1223 7 77
1224 14 459
1225 2 371
1226 66 220
1227 60 566
1228 2 933
1229 54 204
1230 21 241
1231 27 654
1232 63 347
1233 90 897
1234 24 967
1235 22 558
1236 50 415
1237 27 93
1238 41 706
1239 40 72
1240 57 457
1241 2 962
1242 97 546
1243 10 637
1244 37 146
1245 74 497
1246 27 409
1247 68 882
1248 99 794
1249 87 154
1250 10 978
1251 54 553
1252 26 797
1253 59 711
1254 71 654
1255 34 228
1256 59 836
1257 70 414
1258 19 225
1259 30 798
1260 19 257
1261 47 96
1262 99 544
1263 39 321
1264 89 101
1265 30 642
1266 75 233
1267 32 876
1268 62 467
1269 73 955
1270 35 845
1271 16 923
1272 39 578
1273 9 320
1274 4 614
1275 47 911
1276 95 337
1277 31 918
1278 26 707
1279 94 481
1280 91 599
1281 24 772
1282 16 545
1283 73 995
1284 98 49
1285 53 390
1286 84 744
1287 29 716
1288 4 942
1289 67 954
1290 84 835
1291 16 714
1292 18 926
1293 29 731
1294 1 415
1295 26 241
1296 34 818
1297 60 880
1298 51 663
1299 100 819
1300 20 593
1301 7 873
1302 30 394
1303 73 455
1304 45 589
1305 96 958
1306 13 884
1307 83 402
1308 28 51
1309 21 551
1310 98 378
1311 59 992
1312 5 856
1313 30 344
1314 70 887
1315 99 167
1316 15 582
1317 1 274
1318 22 217
1319 72 702
1320 14 155
1321 95 346
1322 69 158
1323 17 28
1324 27 472
1325 41 381
1326 48 809
1327 87 521
1328 64 698
1329 89 905
1330 36 56
1331 77 275
1332 18 192
1333 3 214
1334 13 428
1335 80 314
1336 3 946
1337 84 563
1338 41 135
1339 54 171
1340 47 175
1341 12 674
1342 8 665
1343 44 190
1344 18 142
1345 42 345
1346 14 622
1347 74 492
1348 2 158
1349 89 612
1350 57 617
1351 11 130
1352 46 56
1353 48 598
1354 95 380
1355 19 479
1356 7 325
1357 62 772
1358 76 581
1359 47 933
1360 5 42
1361 78 850
1362 16 481
1363 82 365
1364 17 347
1365 92 384
1366 81 745
1367 67 631
1368 64 924
1369 82 604
1370 68 975
1371 20 676
1372 7 659
1373 55 373
1374 1 671
1375 38 473
1376 23 726
1377 55 251
1378 48 868
1379 33 982
1380 82 227
1381 2 200
1382 97 903
1383 22 275
1384 71 880
1385 49 514
1386 63 21
1387 2 41
1388 94 292
1389 62 696
1390 23 709
1391 66 177
1392 26 587
1393 63 785
1394 32 590
1395 98 362
1396 86 1000
1397 70 510
1398 7 106
1399 68 201
1400 74 873
1401 55 786
1402 50 11
1403 8 672
1404 29 914
1405 94 670
1406 7 811
1407 22 885
1408 42 141
1409 27 311
1410 33 656
1411 73 930
1412 90 837
1413 72 444
1414 76 823
1415 53 606
1416 96 321
1417 35 46
1418 5 859
1419 48 297
1420 98 834
1421 9 54
1422 55 589
1423 31 185
1424 52 694
1425 77 34
1426 46 306
1427 98 157
1428 21 264
1429 16 394
1430 90 836
1431 71 128
1432 13 356
1433 72 933
1434 44 876
1435 46 944
1436 70 479
1437 15 751
1438 33 305
1439 64 360
1440 61 219
1441 3 946
1442 16 279
1443 75 919
1444 65 770
1445 75 71
1446 11 25
1447 41 501
1448 67 924
1449 50 870
1450 2 813
1451 70 489
1452 100 329
1453 71 200
1454 6 955
1455 96 815
1456 75 537
1457 14 702
1458 93 252
1459 8 341
1460 55 479
1461 20 643
1462 59 400
1463 68 226
1464 19 393
1465 78 333
1466 6 170
1467 26 906
1468 2 677
1469 63 65
1470 52 191
1471 20 359
1472 49 790
1473 45 972
1474 56 294
1475 90 67
1476 60 182
1477 43 521
1478 11 307
1479 88 426
1480 69 312
1481 14 665
1482 55 763
1483 17 783
1484 47 239
1485 1 86
1486 99 291
1487 61 807
1488 87 589
1489 79 342
1490 29 273
1491 62 881
1492 20 720
1493 79 313
1494 20 916
1495 32 651
1496 48 709
1497 2 428
1498 75 455
1499 94 808
1500 47 117
1501 18 904
1502 46 219
1503 99 272
1504 98 832
1505 89 335
1506 91 169
1507 57 674
1508 12 605
1509 4 483
1510 3 261
1511 91 942
1512 11 308
1513 6 643
1514 23 162
1515 47 124
1516 58 297
1517 6 598
1518 19 666
1519 36 252
1520 69 88
1521 5 376
1522 96 861
1523 22 278
1524 34 946
1525 100 865
1526 22 644
1527 11 342
1528 40 682
1529 80 676
1530 17 26
1531 87 870
1532 91 990
1533 61 16
1534 13 380
1535 48 956
1536 26 614
1537 63 13
1538 19 211
1539 16 684
1540 40 996
1541 62 590
1542 51 983
1543 20 347
1544 6 163
1545 99 808
1546 14 585
1547 72 167
1548 5 471
1549 30 269
1550 85 816
1551 7 924
1552 1 38
1553 70 790
1554 58 23
1555 44 729
1556 22 66
1557 98 154
1558 58 99
1559 24 45
1560 29 235
1561 94 662
1562 36 625
1563 67 747
1564 99 973
1565 56 875
1566 64 154
1567 96 416
1568 85 820
1569 72 329
1570 4 681
1571 79 906
1572 39 253
1573 84 756
1574 78 541
1575 30 504
1576 48 589
1577 64 864
1578 44 589
1579 92 914
1580 6 702
1581 41 773
1582 93 814
1583 45 458
1584 20 745
1585 96 103
1586 3 834
1587 86 299
1588 91 713
1589 49 831
1590 22 859
1591 96 677
1592 2 21
1593 87 372
1594 51 606
1595 10 429
1596 14 15
1597 27 239
1598 25 361
1599 62 47
1600 95 351
1601 90 227
1602 39 418
1603 4 617
1604 52 732
1605 69 839
1606 72 636
1607 87 507
1608 66 27
1609 99 687
1610 58 328
1611 15 373
1612 91 832
1613 44 699
1614 100 835
1615 90 584
1616 25 658
1617 28 49
1618 10 629
1619 55 189
1620 98 865
1621 75 621
1622 16 394
1623 54 205
1624 1 95
1625 33 477
1626 3 547
1627 75 938
1628 45 362
1629 51 282
1630 64 250
1631 28 87
1632 44 202
1633 34 910
1634 2 127
1635 41 671
1636 74 850
1637 36 36
1638 34 688
1639 45 851
1640 74 924
1641 99 950
1642 69 860
1643 49 574
1644 78 299
1645 15 831
1646 22 906
1647 74 69
1648 29 340
1649 17 512
1650 71 457
1651 23 341
1652 80 366
1653 80 289
1654 16 465
1655 97 17
1656 32 190
1657 57 852
1658 52 683
1659 62 548
1660 78 604
1661 73 769
1662 47 615
1663 1 237
1664 99 903
1665 63 885
1666 68 876
1667 10 962
1668 31 498
1669 81 426
1670 5 162
1671 23 968
1672 42 254
1673 2 408
1674 39 980
1675 6 505
1676 46 146
1677 62 681
1678 76 358
1679 74 56
1680 3 600
1681 97 209
1682 31 716
1683 12 470
1684 64 724
1685 90 665
1686 75 917
1687 36 278
1688 33 226
1689 75 249
1690 57 649
1691 8 213
1692 15 500
1693 44 967
1694 23 125
1695 43 396
1696 89 323
1697 58 473
1698 59 800
1699 73 75
1700 86 416
1701 93 188
1702 4 421
1703 77 502
1704 39 109
1705 88 635
1706 43 853
1707 53 599
1708 51 858
1709 21 856
1710 50 983
1711 9 198
1712 51 764
1713 52 434
1714 4 1000
1715 12 283
1716 92 598
1717 38 832
1718 69 189
1719 76 974
1720 20 10
1721 3 731
1722 38 893
1723 46 267
1724 7 495
1725 25 516
1726 86 443
1727 50 158
1728 99 336
1729 53 152
1730 83 386
1731 94 781
1732 51 815
1733 56 255
1734 33 150
1735 50 543
1736 31 349
1737 99 249
1738 26 686
1739 36 676
1740 3 148
1741 18 522
1742 73 117
1743 94 875
1744 16 740
1745 14 155
1746 78 726
1747 34 461
1748 17 538
1749 4 620
1750 77 241
1751 28 777
1752 1 120
1753 34 61
1754 14 700
1755 52 237
1756 78 471
1757 49 874
1758 93 217
1759 64 61
1760 31 545
1761 70 508
1762 4 765
1763 29 328
1764 35 569
1765 14 667
1766 58 865
1767 49 339
1768 47 186
1769 37 508
1770 29 820
1771 51 872
1772 67 880
1773 39 555
1774 37 997
1775 96 633
1776 48 551
1777 66 532
1778 26 175
1779 69 727
1780 46 637
1781 80 785
1782 82 973
1783 12 389
1784 65 353
1785 47 612
1786 67 556
1787 36 303
1788 14 411
1789 79 775
1790 1 416
1791 13 110
1792 79 111
1793 11 910
1794 26 134
1795 30 15
1796 29 892
1797 6 304
1798 45 686
1799 14 347
1800 26 518
1801 12 857
1802 26 534
1803 62 848
1804 23 270
1805 44 72
1806 16 785
1807 25 441
1808 100 214
1809 58 808
1810 15 353
1811 93 946
1812 92 878
1813 64 793
1814 19 492
1815 85 387
1816 77 465
1817 47 843
1818 65 816
1819 23 663
1820 95 280
1821 53 715
1822 35 354
1823 90 301
1824 77 147
1825 33 399
1826 79 398
1827 54 30
1828 86 496
1829 37 977
1830 74 742
1831 70 842
1832 24 549
1833 46 701
1834 47 927
1835 85 461
1836 17 408
1837 16 440
1838 9 193
1839 21 242
1840 100 477
1841 19 695
1842 41 895
1843 76 922
1844 64 330
1845 19 73
1846 89 773
1847 65 79
1848 91 187
1849 69 287
1850 71 919
1851 93 394
1852 23 237
1853 4 68
1854 93 960
1855 65 231
1856 91 806
1857 82 258
1858 13 369
1859 51 243
1860 87 410
1861 64 362
1862 77 733
1863 30 618
1864 3 482
1865 88 512
1866 96 488
1867 47 90
1868 4 970
1869 65 647
1870 24 150
1871 86 691
1872 30 79
1873 90 162
1874 57 189
1875 16 294
1876 21 857
1877 14 170
1878 30 33
1879 54 758
1880 23 797
1881 43 693
1882 1 579
1883 78 582
1884 81 616
1885 80 192
1886 29 589
1887 33 415
1888 28 679
1889 41 846
1890 44 564
1891 96 613
1892 30 950
1893 72 562
1894 91 996
1895 98 675
1896 59 521
1897 51 496
1898 80 304
1899 30 802
1900 27 904
1901 54 345
1902 99 606
1903 44 430
1904 91 28
1905 79 538
1906 42 564
1907 27 46
1908 49 47
1909 19 416
1910 44 701
1911 51 564
1912 18 708
1913 74 465
1914 94 918
1915 39 998
1916 89 536
1917 14 276
1918 96 457
1919 27 774
1920 53 242
1921 77 14
1922 48 100
1923 80 291
1924 88 271
1925 6 65
1926 90 454
1927 27 323
1928 40 591
1929 82 858
1930 32 924
1931 24 421
1932 79 255
1933 73 259
1934 16 598
1935 96 82
1936 99 23
1937 60 713
1938 78 530
1939 3 324
1940 35 381
1941 4 440
1942 19 392
1943 96 268
1944 4 104
1945 95 798
1946 16 696
1947 40 68
1948 70 706
1949 74 589
1950 62 674
1951 24 394
1952 7 809
1953 65 334
1954 64 654
1955 17 664
1956 47 216
1957 91 72
1958 68 885
1959 67 591
1960 73 339
1961 19 834
1962 11 274
1963 94 186
1964 2 390
1965 88 113
1966 86 601
1967 60 794
1968 83 243
1969 88 149
1970 43 381
1971 10 829
1972 37 186
1973 67 81
1974 55 316
1975 43 447
1976 6 116
1977 36 597
1978 57 622
1979 42 480
1980 72 568
1981 46 875
1982 37 484
1983 37 899
1984 63 394
1985 42 13
1986 60 540
1987 17 963
1988 6 652
1989 71 743
1990 16 379
1991 3 534
1992 3 813
1993 100 909
1994 90 487
1995 93 666
1996 74 880
1997 68 784
1998 43 884
1999 78 541
2000 44 896
1 377 22
2 255 67
3 132 18
4 192 38
5 404 27
6 298 79
7 298 57
8 292 48
9 437 88
10 493 59
11 319 52
12 245 62
13 177 17
14 166 18
15 225 30
16 370 56
17 376 74
18 493 35
19 211 44
20 330 13
21 351 67
22 392 50
23 456 65
24 343 78
25 314 100
26 420 77
27 375 50
28 379 24
29 185 48
30 444 34
31 284 49
32 497 76
33 498 33
34 360 85
35 418 55
36 117 67
37 119 40
38 252 30
39 120 96
40 209 49
41 384 23
42 370 75
43 433 63
44 149 52
45 411 42
46 390 85
47 344 33
48 205 79
49 228 35
50 110 91
51 119 72
52 181 99
53 257 40
54 479 86
55 244 38
56 318 66
57 135 57
58 436 84
59 391 74
60 413 59
61 355 11
62 332 54
63 141 12
64 453 91
65 209 51
66 173 99
67 173 60
68 458 16
69 104 54
70 240 67
71 315 58
72 345 68
73 158 74
74 241 46
75 292 33
76 343 92
77 126 41
78 217 20
79 183 96
80 239 71
81 131 90
82 157 28
83 345 85
84 229 96
85 145 28
86 306 79
87 251 79
88 497 10
89 499 17
90 166 65
91 361 14
92 398 29
93 404 54
94 455 74
95 302 26
96 400 98
97 181 69
98 455 19
99 449 60
100 433 65
1 9 537
2 93 1220
3 81 120
4 81 1049 1113 1096
5 28 375 1014 81 1875
6 42 1646
7 85 1412 1676 1184 759 1386
8 45 866 894
9 87 934 953 1347 994
10 22 686 665 1172
11 100 365 839 706 389 761
12 79 1120 1393 462 1727
13 13 735 230 304
14 23 577
15 37 772
16 16 1125 1138 595
17 27 1019 668 1665 632 1274
18 67 1658 1859 1451 767
19 88 686
20 86 742 1723 1567
21 10 1415 525 1895 1917
22 19 1856 1198 1276 602 1376
23 47 339
24 29 658
25 56 1162 832 1892
26 82 535 1906 1105 912
27 17 350 1709 189 145
28 10 1213 1515 1914 1854
29 30 1365 1447 1569 1296 548
30 80 435 614 903 161
31 85 1097
32 44 1791 1562 914 153
33 52 747 1360 942 426
34 27 1532 1163 690 499
35 21 1832
36 15 1316 175 1224
37 41 1778 661 1433
38 78 1147 454 868 802
39 73 1495 1615 1261
40 51 1304 1098 506 734
41 26 1858 1101 32
42 81 1364 679 1200 841
43 27 1225
44 99 1728 528 1416 995 680
45 44 1250 746 1355 1022 491
46 41 808 186 556
47 95 1138
48 75 1508 89 1468 1148
49 100 1482 857 1562
50 24 1197 320
51 80 41
52 97 267 1888
53 62 790 1746 585 1237
54 98 1823
55 36 1740 1148 253 1909
56 17 1310
57 66 162 864 1115
58 62 673
59 48 1649 962
60 96 1753
61 93 470 1964
62 4 1326 442 434 499
63 36 802 1053
64 32 1361
65 28 143 1348 108 1240 829
66 15 761 1059 1264 1308 446
67 64 1700 560 1819 856 635
68 79 802 1621 1530
69 79 366
70 26 588 704 1640 767 745
71 22 374 1496 254 1233
72 71 1035 1166 972 362 789
73 62 876 818
74 67 233 123 736 1404 509
75 67 1013 224 328 1839 1754
76 31 1003 1936 749 1203 1982
77 49 1624 623 657 1010
78 2 352 1671
79 8 287
80 100 1892
81 42 1728 1748
82 68 1018 416 1054 991
83 49 1100 1587 1438 1468 717
84 79 1774 178 798 1591 479
85 5 835
86 67 1640 1526 555 1670 193
87 98 1677 942 1100 39 218
88 69 1857 587 861 570
89 23 1651
90 74 440
91 35 1108 189 562
92 51 687 534 1195
93 3 1298 1563
94 30 1822 1424 1853
95 75 1389 1148 1156
96 2 1217
97 50 1308 1831 1188 336 1057
98 16 576 230 1009 1045
99 68 1806
100 96 902
101 15 1599 1279
102 12 368 1459
103 1 398
104 32 1643
105 69 793 1800 564
106 27 1362
107 72 399 1683 1359 206
108 32 48 1453
109 8 1661 1168 448 68 15
110 55 706
111 18 1937 1557 1954 72 1996
112 66 694 1158
113 58 993 985 1408
114 84 495 1578 801
115 53 998
116 85 946 831 130 609 634
117 8 533
118 96 1949 1092 1807 1013 247
119 98 1884 652 1353 554
120 35 1717 952 232 1593 108
121 80 838
122 59 983 937 1662 1857 718
123 53 36 1859 1634
124 38 88 74
125 34 1933 1142
126 9 1534 866 500
127 86 1714
128 70 974 1657
129 3 845 1875 868 487 1143
130 100 1273 1889 271 1455
131 64 1777 48 1872
132 83 1678 1960 1881
133 69 36 1574 865
134 79 851 426 1148
135 36 804 1609 695 1639 1577
136 17 960 902
137 80 129 882 671
138 54 1112 1670 186 544 1817
139 86 1987 1053 1086
140 47 503 319 1312 486
141 9 977 1533 1858 560
142 45 1176 530 1952 232
143 4 1867
144 26 27 1153 732 321 596
145 57 170 1723 244 847
146 37 604 506 1317 1617 1632
147 50 780 1921 38 473 1707
148 1 668 991 859 1856 1506
149 8 286 1987
150 52 862
151 37 75 834 254 1981 730
152 61 649 1415 591 1591
153 89 564
154 33 542
155 74 1884 655 266 586 445
156 82 446
157 85 1797 363 223 1004
158 85 1773 1703 1185 883
159 58 1284
160 9 419 1859
161 65 1971 1749 36
162 49 440 1567 750
163 46 1237 165 665 1159
164 29 1922 1498 1113
165 15 865 853 328 1018 887
166 40 1487 924
167 93 1524 1896 932 236
168 82 1227 1032 442 1643 940
169 99 1104 1645 801
170 60 955 1566
171 64 1431 1368 1762
172 41 777 1515 1028
173 59 852 1499
174 75 1188
175 93 771 1736 426 1962 1602
176 96 1639
177 19 1204
178 82 226 41
179 59 1728 1571
180 69 1682
181 80 64 823 1857
182 29 1008 1042 619
183 62 430
184 1 25 10
185 88 1844 17
186 34 1732 1712 157 1505
187 93 109 754 694
188 86 1345 1581 610 1685
189 13 194 427 1829
190 53 1346 985 567 1824 1568
191 82 885
192 67 960
193 23 685 1543
194 9 1721 1072 1078 1528 741
195 60 1153 706 1608 1804
196 24 849
197 50 331 552 67
198 45 1565 1614 557 1360
199 11 1293 1001 1270 1673 1125
200 78 1938
