500 2
1 1 293
2 2 426
3 1 390
4 1 392
5 1 841
6 2 37
7 2 47
8 1 425
9 1 934
10 1 797
11 2 16
12 2 667
13 2 987
14 1 11
15 1 153
16 1 938
17 1 303
18 1 111
19 1 120
20 2 95
21 2 309
22 1 450
23 1 255
24 2 307
25 1 203
26 2 100
27 2 226
28 2 90
29 2 380
30 1 268
31 1 279
32 1 60
33 1 710
34 2 666
35 2 369
36 1 38
37 2 920
38 2 898
39 1 950
40 2 499
41 1 360
42 1 382
43 2 481
44 2 279
45 1 756
46 2 464
47 2 644
48 2 730
49 1 90
50 2 194
51 2 381
52 1 566
53 1 367
54 2 21
55 2 653
56 2 278
57 1 321
58 1 371
59 2 605
60 1 240
61 2 829
62 1 940
63 1 564
64 2 153
65 1 736
66 1 404
67 1 380
68 1 999
69 2 525
70 2 466
71 2 211
72 2 414
73 2 728
74 1 696
75 1 639
76 1 980
77 1 877
78 1 855
79 2 454
80 2 925
81 2 624
82 1 242
83 2 679
84 1 14
85 1 242
86 2 475
87 2 833
88 1 419
89 2 73
90 2 459
91 2 507
92 2 648
93 2 799
94 1 741
95 2 324
96 2 142
97 1 205
98 1 873
99 2 721
100 2 418
101 2 176
102 2 37
103 1 532
104 1 954
105 1 466
106 2 969
107 1 617
108 2 359
109 1 636
110 2 373
111 2 767
112 1 176
113 2 565
114 2 763
115 2 489
116 1 101
117 1 722
118 1 251
119 1 511
120 2 161
121 2 601
122 1 807
123 2 212
124 1 977
125 1 321
126 1 334
127 2 616
128 2 868
129 2 746
130 2 821
131 1 122
132 1 544
133 2 279
134 2 933
135 2 553
136 2 351
137 1 331
138 1 989
139 1 88
140 2 517
141 2 419
142 1 83
143 2 901
144 2 880
145 1 35
146 1 18
147 1 258
148 1 705
149 1 916
150 2 666
151 2 379
152 2 370
153 1 759
154 2 551
155 2 261
156 1 847
157 1 587
158 2 626
159 1 157
160 1 91
161 2 439
162 2 255
163 2 282
164 2 785
165 2 822
166 1 205
167 1 222
168 1 68
169 1 143
170 1 525
171 1 900
172 1 919
173 1 217
174 1 143
175 2 738
176 2 263
177 2 926
178 1 667
179 2 905
180 2 230
181 2 780
182 2 434
183 2 272
184 2 974
185 1 880
186 1 801
187 1 835
188 2 890
189 1 32
190 2 995
191 1 171
192 2 736
193 1 551
194 2 857
195 2 758
196 2 357
197 2 931
198 2 29
199 2 224
200 1 376
201 2 996
202 1 437
203 1 816
204 1 673
205 2 298
206 2 426
207 1 747
208 2 478
209 2 582
210 1 590
211 2 499
212 1 903
213 2 819
214 1 18
215 2 553
216 2 572
217 1 732
218 1 497
219 1 10
220 1 386
221 1 780
222 1 958
223 1 590
224 1 909
225 1 888
226 2 812
227 1 599
228 2 944
229 2 375
230 2 215
231 2 115
232 2 694
233 2 574
234 1 587
235 2 238
236 1 934
237 2 82
238 2 180
239 1 734
240 2 922
241 1 363
242 1 853
243 2 506
244 2 251
245 1 829
246 2 942
247 2 165
248 2 254
249 1 311
250 2 580
251 2 167
252 1 393
253 2 531
254 1 934
255 1 406
256 2 408
257 1 134
258 1 299
259 2 663
260 2 419
261 2 690
262 2 175
263 1 904
264 1 820
265 1 107
266 1 748
267 2 507
268 2 31
269 2 122
270 1 364
271 2 986
272 2 863
273 2 37
274 2 863
275 2 858
276 2 24
277 1 128
278 1 499
279 1 67
280 1 76
281 1 17
282 1 887
283 1 243
284 1 803
285 2 224
286 2 845
287 2 867
288 2 919
289 1 885
290 2 175
291 1 96
292 1 655
293 2 514
294 2 824
295 1 163
296 1 393
297 2 757
298 1 248
299 2 770
300 1 581
301 2 99
302 2 200
303 2 843
304 1 660
305 1 854
306 2 497
307 2 104
308 1 745
309 2 556
310 2 926
311 2 602
312 1 132
313 1 912
314 1 974
315 2 720
316 1 180
317 2 232
318 1 179
319 2 388
320 1 677
321 1 384
322 2 985
323 2 426
324 2 384
325 2 905
326 1 34
327 1 477
328 1 722
329 2 978
330 2 34
331 2 709
332 1 620
333 1 477
334 2 402
335 1 930
336 2 590
337 1 592
338 1 666
339 1 444
340 1 864
341 2 413
342 2 355
343 1 508
344 2 146
345 1 217
346 1 143
347 1 833
348 2 212
349 2 963
350 1 964
351 2 101
352 2 100
353 1 355
354 2 755
355 1 565
356 1 325
357 2 895
358 1 998
359 1 653
360 2 495
361 1 445
362 1 695
363 1 255
364 2 435
365 1 25
366 2 341
367 1 29
368 1 629
369 2 104
370 2 496
371 2 143
372 2 916
373 2 557
374 2 636
375 1 610
376 2 173
377 1 501
378 2 190
379 2 617
380 1 930
381 2 616
382 1 285
383 2 864
384 1 401
385 2 658
386 2 147
387 2 224
388 1 400
389 2 816
390 2 824
391 2 181
392 2 700
393 2 125
394 1 638
395 2 647
396 2 577
397 1 897
398 1 536
399 1 821
400 2 400
401 2 390
402 1 976
403 2 430
404 1 927
405 1 914
406 1 386
407 2 672
408 2 768
409 1 132
410 2 303
411 2 199
412 1 242
413 1 149
414 2 356
415 2 286
416 2 849
417 1 199
418 1 125
419 1 983
420 1 255
421 1 916
422 2 934
423 1 302
424 2 823
425 1 321
426 2 767
427 2 481
428 1 407
429 2 453
430 2 870
431 1 571
432 2 653
433 2 696
434 2 966
435 2 945
436 2 902
437 1 767
438 1 627
439 2 265
440 2 123
441 2 498
442 2 264
443 2 528
444 1 990
445 2 241
446 2 101
447 2 209
448 2 357
449 2 134
450 2 461
451 2 878
452 1 997
453 2 668
454 2 870
455 2 181
456 2 928
457 2 85
458 1 579
459 1 227
460 1 504
461 1 201
462 1 951
463 2 376
464 1 84
465 2 952
466 2 626
467 2 323
468 2 579
469 1 458
470 2 688
471 2 752
472 2 730
473 2 674
474 2 343
475 2 869
476 1 226
477 2 526
478 1 664
479 2 706
480 1 225
481 1 459
482 2 746
483 2 859
484 1 59
485 2 680
486 2 428
487 2 117
488 1 503
489 1 629
490 1 679
491 2 893
492 1 136
493 1 246
494 2 664
495 2 912
496 1 418
497 2 738
498 1 556
499 1 384
500 1 656
1 354 52
2 475 50
1 2 332 432 454
2 2 192 428
3 1 6 282 247 53
4 1 151 162 106 166 355
5 1 480 262 31 406
6 1 160 429
7 2 351 418 169 179 477
8 1 411 346
9 1 234 391 249 34 167
10 1 337
11 1 224 294 400 440 404
12 1 286 190 193 278
13 1 265 413
14 2 38 74 353 426
15 1 410
16 1 259 321 111 177
17 1 278 32 499 87
18 2 281 10 380
19 2 124 284 401 408
20 2 149 447 181
21 2 304 256 8
22 2 136
23 1 282 227 116
24 2 334 326 354 129
25 2 441 321 343 190
26 1 88
27 1 454 300 205 490 94
28 2 120 190 417 64
29 2 212 318 321 373
30 1 39
31 1 146 173 75
32 1 174 295
33 2 488 443 93 180 298
34 2 326 336 327 6 389
35 2 370
36 2 45 421
37 2 176
38 1 464 500
39 2 103 80
40 1 396
41 1 390 375 377
42 1 295 71 423 389
43 2 242 435 96 21
44 2 271 217 332 65 118
45 1 420
46 2 28
47 2 51 8 489 299
48 2 251 118 180 264 476
49 2 98 222 337 62
50 1 24
51 1 67
52 1 54 364 132
53 2 462
54 1 291
55 2 163 92 407 325 479
56 1 106 433 467
57 1 260 337 468 298
58 1 18 179 291 204
59 2 157
60 1 479 45 92
61 1 279 468 473
62 1 313 319 268 115 105
63 1 500 23 334
64 2 468 94
65 2 349 141 53 294
66 2 413
67 2 20
68 2 393 378 158 39
69 1 306 449 141 421
70 1 232 19
71 1 368 69 300 26 217
72 1 10 499 172
73 1 410 103 271 139
74 1 450 327 386 347
75 2 404 72
76 2 7 179 198 6
77 2 52
78 2 232
79 2 246
80 2 107 372 486 472 72
81 2 288 429 11 183 200
82 2 50 337 460
83 1 237 91 128 289 75
84 1 291 10 232 345 356
85 2 192 358 482 40
86 1 104 432 244
87 1 341 63 424 412
88 2 65 499
89 1 9 383 289 315
90 1 31
91 2 12 432 285 76 198
92 1 479 269 327
93 2 260
94 1 41 318 245 277 167
95 2 42 392 212
96 1 367 265 189 139
97 1 320 250 37 238 127
98 2 89 122
99 2 340 416
100 2 463 271
101 2 112
102 2 164 223 347 137 255
103 1 197 249 137 477
104 2 292 356 480
105 2 117
106 1 104 5 309
107 2 152 404 8 236
108 2 202 311 176 309
109 1 299 131 55
110 2 297 278 91
111 2 186 211 345 40 171
112 2 117 407 193
113 1 386 320
114 2 356 336 159
115 2 74 311 159 437 364
116 2 116 6 36
117 2 5 453 404 386 82
118 2 287 106
119 1 27 287 269
120 2 322
121 1 216 328
122 2 301 454 180 214 205
123 1 169 280 472 110 461
124 2 193
125 2 119 491 311 243 353
126 2 178 202 325 67 330
127 1 386 320 81 381
128 1 82 183 127 260
129 2 293 421 269
130 1 315 442 448 485
131 1 329 222 165
132 1 286 51 411 74
133 2 287 110 152
134 1 164 359 327 126
135 2 50
136 1 246 271 341 133 185
137 1 355 60
138 2 257 36 328 408 170
139 2 373 8
140 2 209
141 1 128 99
142 1 45 330 321 357
143 1 228 302 77 13 366
144 1 8
145 2 195 495 257
146 2 59 417 160 41 141
147 2 397 401 125 491
148 1 291 340
149 1 200 133 264 69
150 2 287 461 14 356 376
151 1 492 281 443 252
152 1 212 248
153 2 174 76 119
154 1 109 73
155 2 259 4 192
156 1 428 490 150 91 226
157 2 110 258 128 220
158 1 427 117 142 94
159 2 200 208
160 1 459 61 342 359 223
161 2 94 374
162 1 129 152 371 4 308
163 1 311 383 474 442 92
164 2 179 27
165 2 150
166 2 247 119 54 191
167 2 193 47
168 1 366 150 231
169 1 132 300 204
170 2 331
171 1 316
172 1 44
173 2 17 218 201 472
174 1 139 485 326 492 409
175 1 282
176 2 475
177 2 431 413 485 161
178 1 374 303 443 3 416
179 2 485 287 107 112 367
180 2 290 65 351 425 160
181 1 489
182 1 324 20
183 1 102 374 310
184 1 212 325 397 481
185 1 210 482
186 1 421 277 200 260
187 2 99 429 381 423
188 2 101 18
189 1 12 158 152 201 186
190 1 110 174 159 149 416
191 2 252 440 279 59 170
192 2 369 45 377
193 2 74 31 197
194 1 32 152 327 451 48
195 1 233 272
196 2 259 248 146 39
197 1 410
198 1 7 482 117
199 2 259 126
200 1 198 1 337 312 315
201 1 259 30
202 1 494 160 339
203 2 30 477
204 2 105 445 107 204
205 1 423 107
206 2 93
207 2 332 208 189 333
208 2 340 436 420 263
209 2 93 374 393 229
210 1 362
211 2 74 23 392
212 1 106
213 2 205 24 439
214 2 164 356 325
215 1 303 412 452 397
216 2 484 231 426 411 4
217 1 98 150
218 1 435 485 139 216
219 2 14 293
220 2 279 194
221 1 252 377 458 282
222 2 245 264
223 2 187 190
224 2 260
225 2 180 414 470 138
226 1 497 177 154 250
227 1 356 30
228 1 156 191 53 109 81
229 2 13 288 168 103
230 2 465 238 134 163 463
231 1 318 412 456
232 2 327 276 189
233 1 447 89 172
234 2 390 430 156
235 2 174 46 232 137
236 2 152 467
237 1 336
238 2 117
239 2 104
240 1 415 127
241 2 481 283 213 46 253
242 2 3
243 1 101 373 462
244 1 469
245 1 470 333 437
246 2 147 233 230 170 100
247 1 39 351 272 306
248 2 203 36 109
249 2 223 77 78
250 1 373 484 111
251 2 225 138 93 77
252 1 490 83 390 45
253 1 117 346 148 172 22
254 2 7 481
255 2 459 211 456 344
256 1 286 251 252 412 80
257 2 30 231
258 1 476 225 73 365
259 2 377 134
260 1 430 81 476
261 2 403 270 277 313 386
262 1 482 364 197 230
263 1 478 66 29
264 1 442 131 305 322 29
265 2 358 22 486 50 25
266 1 374 370 2
267 2 315
268 2 54 265 197 235
269 1 437 330 96 484 87
270 1 493 436 192 288
271 1 473 385 173 410 464
272 2 212 369
273 2 256
274 2 195
275 2 94
276 1 134
277 2 291
278 2 34 149 64 27 424
279 1 98 133 109
280 2 295 35 432 413
281 2 245 305 384 486 311
282 2 9 180 184 7
283 2 433 493
284 2 106 422 234 81 465
285 2 192 107 45 117
286 2 426 329
287 1 110 188 477 168 120
288 1 106 192 376 445 179
289 2 140 100 311 4
290 2 452
291 2 483 188 363 236
292 1 197 450 30 278 471
293 2 290 184 267
294 1 392 290 105
295 2 64 461 119 208 238
296 2 58 346
297 2 139 252 318 379
298 1 462 163 7 146
299 2 184 164 413
300 2 422
301 1 313 325
302 2 99 276
303 1 245 470
304 1 109 327 321 133 179
305 2 171 408 409 235
306 2 273 266 129
307 1 204 481 425 79
308 1 293 346
309 1 242 218
310 1 134 214 382 204 347
311 2 464 204 231 259 164
312 2 5 82 178
313 1 336
314 2 441 279 426 152 140
315 1 448 449 265 62
316 2 326 157
317 1 137 486 305
318 1 443 383
319 2 56 382 184 159 348
320 1 302
321 2 165
322 1 250
323 1 370 69 340
324 2 474 8 289
325 1 376 280 129 337
326 1 48
327 2 1 345 121 290 40
328 1 58
329 1 336 167
330 1 89 179 285 401
331 2 92 278 32 109 476
332 2 297 59 367 4 283
333 2 483 372 424
334 1 416 157
335 1 289 469 425
336 2 305 12
337 1 450 127 286 31
338 1 405 385 348 204
339 2 118
340 1 102 316
341 1 147 423 402 276
342 1 465 99 41 315 281
343 1 362 143
344 1 490 110 440 42
345 1 346 343 130 325 17
346 2 26 182
347 1 488 384 163 418
348 2 173 322
349 1 489 332 122 133
350 2 374 475
351 1 185 361
352 1 29 491 426 446
353 2 142 286
354 1 77 234 199 128
355 2 70 303 6 328 79
356 1 57 33 472
357 2 423 202
358 2 17 372 434 387
359 1 152 136
360 2 255
361 2 92 325 341 218
362 2 186 367 371 438
363 1 363 175 397
364 2 199 118 372
365 1 181 444 255 398 237
366 1 2 161 402 227 241
367 2 61 283 111 213
368 2 98 366 225 441 169
369 2 383 182 91 424 181
370 1 57 315 156
371 2 497 361
372 2 7 219 222 302
373 1 184 414 334
374 2 324 398 494 105
375 2 477 359 335
376 2 236 334 56 448
377 2 482 26 126
378 1 485 93 444
379 1 479 209 24 382 259
380 1 197 318 240
381 1 388 309
382 1 299 172
383 1 4 469 34 165 344
384 2 353 96 19
385 1 111 263 82 66 294
386 2 106 148 170 85 133
387 2 312 216 163 36
388 1 282 184 20
389 1 25 358 362 249 331
390 1 131
391 1 5 119
392 2 419 291 403 459
393 1 37 281 95 85
394 1 159 272
395 1 28 323
396 1 393 240 46 212
397 1 275 361 413
398 2 432 176
399 1 412
400 2 146 173
401 2 250 162 297 353 337
402 2 370
403 1 51 85
404 2 95
405 1 180 485
406 2 96
407 1 159 77 305 123
408 1 11
409 1 388 186 309 370
410 1 57
411 1 415
412 2 7 438 415 203 42
413 2 298 262
414 2 257 448 322
415 1 36 47 199
416 2 163 245 472 266
417 2 350 125 361 230 111
418 2 96 50 71 113
419 2 89 490 254 130 402
420 2 275 312
421 2 492 133 365 412 196
422 2 139 428 110 389
423 2 240 218 303 187 455
424 2 435 112 480 239
425 2 427 4
426 2 306 443 54 25 59
427 1 147 395 261 466 72
428 2 347
429 1 129 380
430 1 164 476 478 421
431 2 74
432 1 19
433 1 226 482 274 304 54
434 1 131 198 319 499
435 2 113 72 297 176
436 2 366 396 351 317
437 1 351 467 42 131
438 1 275 307 260
439 1 276 225
440 1 53
441 2 57 127 194 46
442 2 207 362
443 2 288 248 204
444 1 301 302 244
445 2 492 202 186 5
446 2 346 92
447 2 203 89
448 2 45
449 2 115 90 26 55
450 2 283 125 47 311 300
451 1 179 407 476
452 1 216 361
453 2 483
454 2 393 141 161 280 444
455 2 160 94 10 93 8
456 1 34 464 412 345 208
457 2 196 239 77 62
458 2 488 352 152 69
459 2 386 394
460 1 279 463
461 1 98 484 32
462 2 434 87 22
463 2 305 25 233
464 2 474
465 1 10 84 392
466 2 242 412
467 2 121 347 327 386
468 1 196 57 303 150
469 2 167 128 358
470 2 185 60 71 103 116
471 1 469
472 2 163 162
473 1 487 32 223
474 1 363
475 1 69 159 51 37 440
476 1 242 351 429 469
477 2 131
478 1 347
479 1 74 276 272
480 1 186 487 153 68
481 2 455 464
482 2 365 58 219 375 447
483 1 92 101 222 111 65
484 1 50 186
485 2 149 403 268
486 1 462 286 20 215 426
487 2 246 183 320 111
488 1 30 165 406 42
489 2 102 443
490 1 222 434 326
491 2 129 293 451 209
492 1 104 111 118
493 1 227
494 2 412 61
495 2 219 393 188 297
496 2 313 284 425 278 270
497 2 100 46
498 1 41 245 178 203
499 2 118 35 375 308
500 1 419 303
501 1 440 298 70 284 340
502 2 259 321 45 358 34
503 2 492
504 2 33 422 107 444 157
505 2 199 313
506 1 290
507 2 153 111 279
508 1 218 251 228 49 392
509 1 418 141 244
510 2 277 173 347 461 64
511 1 290
512 1 178 368 240 381
513 1 274 315 454
514 1 112 41 274 30
515 2 51 290 94
516 1 213 85 75 343 348
517 1 84 281
518 2 452 483 193
519 1 245 134 231
520 2 184 223
521 1 60 28 481 163
522 2 6 371 492 215 183
523 1 333
524 1 416 77 116 106
525 1 19 441 211 96 349
526 2 436 185 22 470
527 2 439 147 438 331 55
528 2 379 431
529 1 243 165 3 300
530 1 450 430 316
531 1 174 320
532 1 422 85 267 231 32
533 2 415 351 494
534 2 489 205 263 35 447
535 2 179 421 350
536 2 108 227 221 499
537 1 84
538 2 14 420 390
539 2 13 101 270 95 339
540 1 22 112
541 1 65 201 151 106
542 2 79 420 296 25
543 2 54
544 2 407 136 291 403 147
545 2 94 301 161
546 2 185 52
547 1 289 85 122 223
548 1 246 160 328 38
549 1 72 450 463
550 2 443 361 207 218 397
551 2 495 222 362 188
552 2 456
553 1 101
554 2 145 44 366 487
555 2 339 489 443
556 2 49 29 293 172 352
557 2 16
558 1 485 2 189 5 297
559 2 127 422 352 161 31
560 1 243 169 200 222
561 2 293
562 1 332 139 487 423 152
563 2 309 116 175 276
564 2 218 75 495 414
565 2 26
566 2 281
567 2 257 340 417
568 2 364 360 473
569 1 450 310 452 305
570 2 185 252 337
571 2 213 369 205
572 1 317 370 168 253 265
573 2 105
574 2 300 320
575 1 308 375 275
576 2 187 361 32 152
577 2 145
578 2 250
579 2 220 87 126 155 167
580 2 290 93
581 2 346
582 1 391 96 375
583 2 325 328 216 379
584 1 432
585 2 16 311 496 453 332
586 1 24 432
587 1 189 123 292 159 448
588 1 432 483 48 206
589 1 148
590 1 236 183
591 1 364 390
592 2 164 469
593 2 215
594 1 162 289 358
595 2 422 193 189
596 1 52 392
597 1 51
598 1 227 75 462 396
599 1 259 169 122
600 2 177 209 438 130
601 2 366
602 1 312
603 2 23 361 215 1
604 2 419 266
605 1 394 60 9 255 191
606 1 102 398 246 404
607 1 82 64 496 338
608 1 112 247 133 145
609 1 70
610 1 413 412 195
611 1 344 53 218 470 246
612 2 378 62 27 264 379
613 2 393 153 450
614 2 185 272 273 200 312
615 2 62 264 74
616 1 63 5 375 356 387
617 1 427 199
618 1 142 202
619 2 47
620 1 51
621 2 226 11
622 1 179
623 2 206
624 2 32 464 20
625 1 436 116 483
626 1 476 132 299 489
627 2 342 191 316 326
628 2 84 125
629 1 372 494 202 178 222
630 1 470
631 2 148 345
632 1 59
633 1 498 444
634 1 447 237
635 2 375 125 323 478 176
636 1 310
637 1 217
638 2 430 470 363
639 2 436 22 375 357
640 1 3 47 238
641 1 416 441 117
642 1 111 256
643 2 217 186 317 448
644 1 95 224 375 325
645 2 240 312 364
646 2 393 499 179 221
647 2 300 204 274 194
648 1 101 404
649 1 328 410
650 2 174
651 1 317 443
652 2 182 61
653 2 404 267 218
654 1 168 432 395 373 444
655 2 359 369 11
656 2 442 79 294 193 210
657 2 404 252
658 2 25 194 493 276 43
659 2 499 115
660 2 209 316 460
661 2 326 354
662 1 347 496 385
663 2 125
664 2 463 98 359 246
665 2 231
666 1 240 434 311 364 189
667 1 457 311
668 2 254 78
669 1 82 69
670 2 390 139
671 1 250 294 341 304 260
672 1 101 238 413 440 320
673 2 265 126 223 451
674 2 497 212 403 365 346
675 1 326 130 382 60 13
676 1 151 458 19 22
677 1 493 166 53 394 119
678 1 258 340 462
679 1 476 171 86 424 340
680 1 308 456 290
681 1 17 341
682 1 443 335 240 374
683 2 302 89
684 1 30 24 182 491
685 1 151 477 138
686 1 21
687 2 186 138 468
688 2 258 449 197 437
689 1 2 348
690 1 337 450
691 2 7
692 2 417
693 1 330 209
694 2 232 406 294 92 272
695 2 63
696 1 88
697 1 227 237 69 236
698 1 168 53
699 2 117 302 491
700 1 301 366
701 2 226 84
702 2 144 438 271 66 28
703 2 13 278 148 267
704 2 139 389 36 118 441
705 1 42 147 476 397
706 2 180 482 427 442 125
707 1 229 345 184 424 390
708 1 461 92 365 35 444
709 1 3 200
710 2 109
711 1 89 289 128
712 2 440
713 1 294 116
714 2 97 385 397
715 1 282 77
716 2 285
717 2 72 134 147 356 488
718 2 330 125 308 174
719 1 326 413 237 11 356
720 1 50 63
721 2 220 392 398
722 1 456 187 44 262
723 2 308 173
724 2 304 451
725 2 247 99 167
726 1 351 116 1
727 2 176 9
728 2 500 439 315 20
729 2 75 410 464 418
730 1 232 335 74
731 2 467 124 223 41
732 1 211 305 72 481 22
733 2 354 113 131 350
734 2 373
735 1 489
736 2 275 489 6 499
737 2 76
738 1 473
739 1 195 200 64 240 458
740 1 105
741 1 153
742 2 21 16 482 161
743 2 2 496 481 314 357
744 2 393 125 78 488 108
745 2 145 412
746 2 267 193 250 232 240
747 2 182 446
748 2 301 152 156 168
749 2 11 35 181 119 51
750 1 359 265 357
751 2 95 176
752 1 309
753 2 368 134 434 15 29
754 1 348 323 61 338
755 1 197 356 483 363
756 2 195 416 123 218
757 2 235 343 419 404 395
758 1 162 282
759 2 109
760 1 426 315 469
761 1 136 206 478 176
762 1 11
763 2 402 102
764 2 103 232 114
765 1 285 196 82 159 24
766 2 430
767 1 236
768 1 387 399 409 498
769 1 226
770 2 442 328 308
771 2 64 319 118 201 101
772 1 279 311
773 2 241 6 380
774 2 225 82 260 375
775 2 260 323 42 359
776 1 359 137
777 1 93 256 479 293 153
778 1 314 447
779 1 203
780 1 415 48
781 1 211
782 2 460
783 1 118 132 446
784 1 292 446 108
785 2 302 483
786 1 306
787 2 52 351 330
788 2 353 80 44 189 398
789 1 359 333
790 2 119 118 248 294 435
791 1 296
792 2 424
793 1 71 126
794 2 434
795 1 249 405 388
796 2 216 212 61 73 98
797 1 193 428 117 215
798 2 76 187 236 472
799 2 414 91 474 444
800 1 90 392 369
801 2 255
802 1 129 390 91
803 1 279
804 1 467 10
805 2 277
806 1 437 301
807 2 50
808 1 488 451 395 71
809 1 55 108 460 273
810 2 323
811 1 482 55 267 92
812 2 98 403
813 2 358 115 167
814 1 481 385 364 341 112
815 1 89
816 1 249 357 412 213
817 2 466
818 1 373 344 354
819 1 257 438
820 1 314 416 52
821 1 22 326 67 217
822 1 372 442 248 460
823 1 150 357
824 1 348 396 281 387 104
825 2 48 255 55 323
826 2 323
827 2 439 128 386
828 2 371 100
829 1 315 275 453 3
830 2 122 152 377 211
831 2 218 358 252 437
832 2 115 210 122
833 2 35 177 82 346 319
834 1 250 268 9 230 307
835 1 122 145
836 1 65 14 299 99 237
837 1 447 216 17 335
838 1 197 81 38 413
839 1 188 330 377 80 252
840 1 194
841 2 476 121 206
842 2 310 213 467
843 1 480 296 77 92
844 2 355 303
845 1 421 262 433
846 1 436 367 290 82 469
847 2 389 90 153 66 163
848 2 298 461 228
849 1 135 429 15 455
850 2 359 489 58 302
851 2 174
852 2 255 475
853 1 4 43 188
854 1 195 431 20
855 2 16 368
856 1 24 417 5 359
857 1 111 136
858 2 200 133 187 170 100
859 1 98 312
860 2 107 156 279 445
861 2 451 75 418
862 2 124 302 410 291 420
863 1 452 220 377 231
864 1 411
865 2 451 117
866 2 409
867 2 9
868 1 153 344 404 24
869 2 43 245 205
870 2 390 117
871 1 149 367
872 2 231
873 2 434
874 2 117 231
875 1 306 316 446 461 403
876 1 393
877 2 178 63 460 229 430
878 1 470 118 397
879 2 205
880 1 242 434 171
881 2 348
882 2 306
883 2 165 258 124 478 139
884 2 164 348 292 22
885 2 320 6 381 300
886 1 399 449
887 1 204 348
888 1 127 435 497 172 28
889 1 427 188
890 1 44 6 208 59 110
891 1 110
892 2 119
893 1 497 16
894 2 463 399
895 1 23
896 2 286 463 89 164 417
897 1 306 458
898 2 216 279
899 1 350 181 217 28 56
900 2 224
901 2 401 478 111 198 271
902 1 177 300 311 191
903 2 416 64 56
904 1 28 358 132 434 7
905 1 362 272 305 219 81
906 2 299 278
907 2 199 341
908 2 14 415
909 1 196 164 338 486 171
910 2 304
911 2 303 213
912 1 238 177
913 1 413 47 5
914 2 112 429
915 2 380
916 1 470 275
917 2 488 127
918 1 372 185 171 355
919 2 265 488 399 393
920 2 247 230
921 1 386 165 16
922 2 300 389 121 474 183
923 1 229 54 159 292
924 1 366 200
925 2 172 141 110 8 265
926 1 104
927 2 290 70 197 498 150
928 2 441 352 210
929 1 357 253 239 114
930 2 260 138 119
931 1 275
932 2 223 243 496 232 435
933 1 291 351 211
934 2 438 174 351 61 11
935 2 328
936 2 49 128 312 25 338
937 1 421 238
938 2 296 217 468
939 2 104 254 441 139 191
940 2 94 7 297
941 1 145 270
942 1 475
943 1 273 339 279
944 1 209
945 1 449 420
946 1 22 2 148 427 123
947 1 213 136 330 349
948 2 153 258 32 112
949 1 274 71 244 272
950 2 31 386
951 2 133 454 186 352
952 2 295 58
953 1 10 354
954 1 291 437 277
955 2 241 305 67 167
956 1 96 9 172 400 350
957 2 16 388 351
958 1 127
959 1 112 385 2 120
960 2 47 57 382
961 1 329 124 110 449
962 1 463
963 1 398 256
964 1 228 123
965 1 431 308 119 331
966 1 56 303 281 37
967 1 419 400 498 487
968 1 348
969 2 176 93 66 76 283
970 2 266
971 1 165 375 305 347 235
972 2 104 72 129 186 65
973 2 319 41 214 48 233
974 1 218 160 482 294 17
975 2 115 112 342 67 384
976 2 33 422 353
977 2 478
978 1 53 411 487 371
979 2 309 163 482
980 1 88 76 31
981 1 339 84 255 351
982 2 250 165 86 90 185
983 1 374 220 458 470
984 1 239 189
985 1 353 283
986 2 190 295 227
987 1 420 4 283
988 1 355 161 175 207
989 2 359 289 110 366 302
990 2 83 249 14 31
991 1 153 230 444 255 199
992 2 446 253 484 288 129
993 1 117 204 324
994 2 270 127 464 200
995 2 496 155 93
996 2 32 413
997 2 248
998 1 334
999 1 34 485 126
1000 1 110 357 483 187
1001 1 480 448 286 460
1002 2 196 251 69 153 38
1003 1 157
1004 2 500 379 356 337
1005 1 476 137 84
1006 1 264 25 482 300 331
1007 2 396
1008 1 460 205 321 293 31
1009 2 446 227 147 233
1010 2 297 34 287 464 453
1011 1 172 10 104
1012 1 488 206 134 137
1013 1 246 322 442 22 56
1014 2 144 351 355 63 306
1015 2 366 493 345
1016 1 84 364 116
1017 2 254 496
1018 1 32 178 291
1019 2 450 298 340
1020 1 36
1021 2 61
1022 1 339 54 141
1023 2 239 36 65
1024 2 120
1025 2 368 54 75
1026 1 465 400 183
1027 2 396 288
1028 2 407 218 436 175 383
1029 2 112 368
1030 2 218 191 75 249
1031 2 487 365
1032 1 223 334 469
1033 1 213 269 378 78
1034 2 465 182
1035 2 143 495 32 183 34
1036 1 391 291
1037 2 293 222 190 88
1038 1 45 201 351 238
1039 1 127 2 451
1040 1 13 320 221 436
1041 2 178 239 381 347
1042 2 187
1043 1 151 106 463
1044 2 387 82 327 164
1045 2 257
1046 2 283 118
1047 1 119 225 194 473 73
1048 2 463
1049 2 10
1050 1 338 188 10 353
1051 2 236 442
1052 1 378
1053 1 318 26 129 271
1054 1 214 343 91 133 294
1055 1 149
1056 1 342 409
1057 1 444 386 439 232 31
1058 2 312 11 275
1059 2 482 201
1060 2 431 327 472 212
1061 2 178 444 292
1062 1 413 158 25 419 229
1063 2 184 190 99
1064 1 19 180
1065 1 388 307 113 59 134
1066 1 10
1067 2 335
1068 2 431 447 497 147 157
1069 2 414 197 103 149 289
1070 2 171 345 285 356 140
1071 2 75 142
1072 1 282
1073 1 373 176 58 355 144
1074 1 106
1075 1 500 207
1076 1 394
1077 1 215 51
1078 2 15 228 37 126
1079 1 169 59 474
1080 1 69 475
1081 2 225 253 328 413 435
1082 2 153 41 2 347
1083 2 488
1084 1 466 47
1085 1 289 8 119
1086 2 43 10 12
1087 1 34
1088 1 155 335 459
1089 1 342 438 293 66 426
1090 1 472 371 336
1091 1 304 360 121
1092 2 91 286
1093 1 313 489
1094 1 467 250 375 295
1095 2 426 347
1096 1 188 450 321 292
1097 2 443 370 362 485
1098 2 460 193 302 210 409
1099 2 262 141
1100 1 98 321
1101 1 452 477 66
1102 2 122 80 336 33 263
1103 2 239 172 91 464 164
1104 1 251 95 163
1105 1 14 275 6 31 368
1106 1 261 154
1107 2 14 368
1108 2 212 370 124 385
1109 1 300 141 458 406 186
1110 1 407
1111 1 144 163
1112 1 139 309 150 68 281
1113 1 215 203 111 243
1114 2 329 282 333 155 48
1115 1 493 391 393 149 85
1116 2 260 27 368
1117 2 291 451
1118 1 410 203 229 233 88
1119 1 10 317 489
1120 2 37 94 350 278
1121 2 322 79 373 491 198
1122 2 417 400 309 493
1123 1 185 169 341 210 425
1124 2 34 442 425 465
1125 1 189 171
1126 2 7 372 66
1127 2 243
1128 2 372
1129 1 208 331 468 414 234
1130 1 351 469
1131 1 456 239 174 69 370
1132 2 279 277 36
1133 2 283 267 230 146 34
1134 2 53 276 478 334 306
1135 2 54 226
1136 2 447 248 236
1137 2 65 273 175
1138 1 12 309 431
1139 2 22 101 4
1140 1 398 165 66
1141 2 256
1142 2 143 71 313 486 409
1143 2 379 401 417
1144 1 320 112 384 73
1145 2 37 385 280 437 133
1146 1 228 466 8 85
1147 2 490 473 279 394
1148 2 287 457 164
1149 2 101
1150 2 348
1151 2 271 294 192 57
1152 1 483 316 117
1153 2 97 43 99 397 371
1154 1 482 385 285 420
1155 2 105 423 258 407 148
1156 1 136 237 470 59
1157 2 367 148 154 305 14
1158 1 112 399 310 306
1159 2 421
1160 2 158 264 132
1161 1 456 481
1162 2 101
1163 1 165 130 41
1164 2 209 163 284 38 180
1165 2 353 467 102 250
1166 2 315 20 152 287
1167 1 132 78 89
1168 1 344 461 293 93
1169 1 419
1170 1 406
1171 1 302
1172 2 351 485 346
1173 1 99 199 42 136 452
1174 1 102
1175 1 129 158
1176 1 410 335 398
1177 2 349
1178 2 135 228 392 129
1179 1 435 19 402 55 175
1180 2 44
1181 2 445 112 366 296
1182 1 204
1183 1 293 161 489 412
1184 1 251 293 313 203 143
1185 1 288 117 158 51 83
1186 2 13 254 438 55
1187 1 444 97 107 78
1188 1 129 26 92 274
1189 2 169 354 157 5
1190 2 433
1191 1 431 465 404
1192 1 464 449
1193 1 352 481 435 494
1194 1 142 64 438 397 291
1195 2 233 372 285 194
1196 2 198 135 326
1197 2 48 417 142 86 88
1198 2 85
1199 1 314 377
1200 1 157 151
1201 1 411 104
1202 2 150 246 444 198 76
1203 2 472 315 280 209 494
1204 2 443
1205 1 233 9 313 405 204
1206 2 273
1207 1 230 431 226
1208 2 229 10 471 337
1209 2 32 25 347
1210 1 120 328
1211 1 295 68 164 497 239
1212 2 336 255 456
1213 2 117
1214 1 215 264 220 24
1215 2 86 15 229
1216 2 14 227 118 216
1217 1 407 177
1218 1 300 36
1219 2 361 40 78
1220 2 377 150 3 225
1221 1 328 56
1222 2 191 16 129 314 482
1223 1 187 111
1224 2 310 187
1225 2 266 56 239 349 51
1226 1 443 229 304 40
1227 1 19 348
1228 1 146
1229 1 342
1230 1 263
1231 2 198 245 394 229 78
1232 2 456 23 99 1
1233 2 45 310 31 147
1234 2 486 269
1235 2 299 224
1236 1 31
1237 2 403
1238 2 46 79
1239 1 112 150
1240 2 262
1241 2 140 146
1242 2 369 175 32 135
1243 1 383 143 70 276
1244 2 463 373 152
1245 1 245 37 222 442
1246 2 260
1247 2 68
1248 1 215
1249 1 253 209
1250 1 319 46 299
1251 2 7 152
1252 2 76 88 11
1253 1 360 21 459
1254 2 410 252 251 429
1255 1 273
1256 2 471 359
1257 2 386
1258 1 374 273 20 439 461
1259 2 351 221 142 305 414
1260 2 79 335 302 254 52
1261 1 234 385
1262 1 471 402 472 284
1263 1 488 183
1264 1 399 99 475 199
1265 1 433 295 418 184
1266 1 194 171 354 352
1267 1 197
1268 1 290 252 346 400
1269 2 55 336
1270 2 371 153 410 396 277
1271 1 371 443
1272 2 289
1273 2 66 481 453
1274 1 170 344 255 348 352
1275 1 156 33 381 453
1276 1 491 469 42
1277 2 253 181 320 375 410
1278 2 493 288 342 350
1279 1 239 230 341 293
1280 2 354 368 438
1281 2 491 42
1282 2 397
1283 1 57 445 419 250
1284 2 372 353 128 31 291
1285 2 367 419 168
1286 1 14 383 349 190
1287 1 396 202 84 461 107
1288 2 269 225 262 123 19
1289 1 57 341
1290 1 213 466 4
1291 2 178 86 231 162 301
1292 2 327 48 419 452 105
1293 2 25 162 386
1294 2 90 159 22 236 385
1295 1 38 449 295
1296 2 457 379 488 81 301
1297 2 243 256
1298 2 335 248 471 334 444
1299 2 148 491
1300 1 255 114 73 119
1301 2 302
1302 1 243 309 169
1303 2 159 340 135 421
1304 1 289
1305 1 216 191 452
1306 1 400 451 72 476 66
1307 2 474 83
1308 1 62 408 253 410
1309 2 390 480 132 36
1310 1 397 46 499 76
1311 1 326 15
1312 1 370
1313 1 378 484 264
1314 1 164 99 209 166
1315 1 479 38 458
1316 2 105 212
1317 1 337 444 440 233 469
1318 1 157 122 252 365 56
1319 1 269 301
1320 1 475 317
1321 1 200
1322 1 7 177 297 331 56
1323 1 104 489 99
1324 2 204 266 394 20 185
1325 1 207 92 239 54
1326 2 466
1327 1 50 397
1328 2 249 83 375 222
1329 1 200 331 432
1330 2 489 476
1331 1 86 6
1332 2 300 134 396
1333 1 309 168 321
1334 1 9 87
1335 2 482 469
1336 1 116 378
1337 2 316
1338 2 152 244 123
1339 2 316
1340 1 108 374 20 305
1341 2 343
1342 2 315 406
1343 1 163
1344 2 153
1345 2 437 260
1346 1 141 37 413
1347 1 70 469
1348 1 97 119 468
1349 1 482
1350 2 212
1351 1 462 434 387
1352 2 378 404 12
1353 2 30 142 388 345 322
1354 2 93
1355 1 451 330
1356 1 370
1357 2 379 435 237 445
1358 1 269
1359 1 278 387
1360 1 11 305 178
1361 1 485 496 398 446
1362 1 311 198 417 8 107
1363 2 316 258
1364 2 296
1365 1 398 14 389
1366 1 483
1367 2 193 153
1368 2 460 187 317 2
1369 2 133 357 183
1370 2 102 313 9
1371 1 169 435 380
1372 1 16 353 50
1373 2 204 316 439 101 419
1374 1 114 484
1375 2 250 22 204
1376 2 435 465 286 242
1377 1 146 45 13 303 83
1378 2 238 365 281 139
1379 1 500 423 257 291
1380 2 82 62 113
1381 1 288 490 161 111 60
1382 2 381 341 6 162
1383 2 111 485 61 110
1384 1 479 203
1385 1 453 342
1386 2 220 76 260 119 342
1387 2 105 151 129 317
1388 1 470 425 202
1389 2 314 266
1390 2 223 89 101 83 160
1391 2 362 436
1392 1 129
1393 1 12 222
1394 1 163 141 264 170
1395 1 467 241
1396 2 387 62 261 453
1397 2 228 372 177 69
1398 2 192 432 101
1399 1 150 165 256 294
1400 1 500
1401 1 173
1402 1 259 13 407
1403 1 9 80
1404 1 432
1405 1 78 364 81 370 8
1406 1 271 456 95 241 146
1407 1 286 317 248
1408 2 79 254
1409 2 169 54 94
1410 2 465 301 404 159
1411 1 252 425 215 60 162
1412 1 127 56 75 362 65
1413 2 363 20 15 485 464
1414 2 464 232
1415 2 464
1416 1 68
1417 2 374 135 116 179
1418 1 89 20 294
1419 1 201 434
1420 2 105 117
1421 2 85 475
1422 2 169
1423 2 444 274 6 102 379
1424 1 108 370
1425 2 323 418 9
1426 1 135 376
1427 1 30 215 463 260
1428 2 136 74 108
1429 1 470 417 114 269 297
1430 2 471
1431 1 441
1432 1 243 285 128 273
1433 1 355 213 326 458
1434 1 409 362 408 40
1435 2 63 469 445 426 296
1436 1 63 4 65 318 160
1437 1 337 178 105 329
1438 2 256 448
1439 2 294 9 1
1440 1 484 243 361 416 251
1441 1 116 52 181 144 262
1442 1 236
1443 1 490 396 237 30
1444 2 463 378 347
1445 2 305 109 140
1446 1 228 74 16 190
1447 2 318 76 65 355
1448 2 13
1449 1 414
1450 1 247
1451 1 311 115
1452 1 316 470 251 142
1453 2 219 139
1454 2 142 395 47 376
1455 1 102 33 130
1456 2 311 266 224 151
1457 1 224 253 217 301 28
1458 2 495
1459 2 75 490 176 336 5
1460 2 448
1461 1 74
1462 1 320 59
1463 2 275
1464 2 243 19
1465 1 30
1466 2 303
1467 2 452 214 195 159
1468 2 62 170 309 454
1469 1 412 360 460 324
1470 2 338 67 479
1471 2 103 403 315 61
1472 2 413 5 312 500 247
1473 2 138 171 120
1474 1 151 76 365 203 314
1475 1 435 259 49
1476 2 219
1477 2 76 282 456
1478 2 204 476 180 341
1479 2 359 247 346 281 316
1480 2 243 436
1481 2 87 458
1482 2 89 21
1483 2 290 72 113 434 186
1484 1 75 149 288
1485 1 270 76 284 470
1486 2 244 229
1487 1 65 339 71 119
1488 1 121 317
1489 1 202 456
1490 2 98 22 314 276 165
1491 2 308 19 124
1492 2 94 200 445 266
1493 1 335 337
1494 1 488
1495 1 161 408
1496 2 468 37 87 300 362
1497 2 251 127 442 257 177
1498 1 163 243 256 348
1499 2 189 402 465
1500 2 467 179 119 142 349
1501 2 444 84 195 171
1502 2 485 175
1503 1 350 330 119
1504 2 121 221 472
1505 2 303
1506 1 321
1507 1 460 287 498 110
1508 2 72
1509 1 298 106 11 312
1510 2 310
1511 2 226 115 263 348
1512 1 316 303 358 357
1513 2 452 110
1514 2 128
1515 1 95 366 7 208 459
1516 2 123 178 362 417
1517 2 374
1518 1 298 153 372 102 270
1519 1 169 170 218 14
1520 1 359 418 377 232 105
1521 1 73 490 118 455
1522 2 150
1523 2 445 432
1524 2 333 442 358
1525 2 126 72
1526 2 458 346
1527 2 396 151 313 58
1528 1 312 177 291 151 188
1529 1 262 173 471 424
1530 2 253
1531 2 413 495 416
1532 1 19 27 390
1533 1 93
1534 1 419
1535 2 337 25
1536 2 430 489 199 356
1537 1 238 152 70 218 224
1538 2 353 119 397 390
1539 1 75 491 472
1540 2 198
1541 2 104 101 382
1542 1 146 295
1543 1 426
1544 2 498 413 277 313
1545 2 30 402 142
1546 2 133 298
1547 1 445 20 444 281
1548 2 59 383 405 285 368
1549 1 135 23 286
1550 1 118
1551 2 235 41 39
1552 1 144
1553 1 432 365
1554 1 32 235 7 174
1555 1 487 315 485
1556 1 183 88 185
1557 2 282 296 490 215
1558 2 211 138 405 312 179
1559 2 472 492 110 42
1560 2 243
1561 1 49 422 320 173 76
1562 1 388
1563 2 51
1564 2 496 207 435 57 386
1565 1 299 222 52
1566 1 166 391 137
1567 1 148 44 428 226 291
1568 2 343 189
1569 2 9 114 400
1570 2 335 484 26 160 137
1571 2 175 347 24 163 60
1572 2 425 398 180 399 194
1573 2 340 73 289 265 176
1574 2 264 155 77 101 462
1575 1 174
1576 2 164 173 60 409 268
1577 2 291
1578 2 3
1579 2 479
1580 2 283
1581 2 203 185 53
1582 1 466 258
1583 2 447 170 258 399
1584 1 302 332 316 22
1585 1 479 449 228 474 209
1586 1 453 455 138 51 409
1587 2 415 256 356
1588 2 100 344
1589 2 317 366
1590 2 183
1591 1 464
1592 1 25
1593 2 108 107 218 203
1594 2 259 180 352 480
1595 1 395 99 26 206
1596 2 387 208
1597 1 245 81 100
1598 1 377 131 232 148
1599 2 391 168 460
1600 1 41 263 75
1601 2 115 7 181 194 271
1602 1 462 150 214
1603 1 436
1604 2 273 192 80
1605 2 414 192 465 169
1606 2 109 416
1607 2 197 195 153 460
1608 2 385 79 189 442
1609 1 71 34 255
1610 1 210 154 290 110
1611 2 320
1612 1 77 2
1613 2 167
1614 1 37 329
1615 1 222
1616 1 228 172 481
1617 1 365 24 445 44 422
1618 1 240
1619 1 318
1620 2 407 97 217
1621 2 49
1622 1 458 126 464
1623 2 483 147
1624 2 84 296 133 28
1625 1 425 474 436 318
1626 2 65 359 192 347 311
1627 1 71
1628 1 388
1629 1 191 420 86
1630 1 236 42 369 197 321
1631 1 427 82 393 47 110
1632 1 337
1633 2 201 424 352 109
1634 1 425 355
1635 1 282
1636 2 300 184 371
1637 1 290 317 139 230 417
1638 2 352 263 81 207
1639 1 447 170 211 383
1640 1 401
1641 2 314 9 464 229
1642 1 122
1643 1 333 33
1644 2 172
1645 1 282
1646 2 56
1647 2 476 383 432 83 227
1648 1 422 240
1649 2 60 32 288
1650 1 188 254 115
1651 1 163
1652 1 230
1653 2 114 479 20 439
1654 1 444 114 360 113
1655 2 84 35
1656 1 39 265 330 73
1657 2 45 397 197 202
1658 2 487 403 392 389 133
1659 2 161 32 277 390 45
1660 2 381 306 317
1661 1 162
1662 1 454 481 357
1663 2 435 35 94
1664 2 180 354 450 75
1665 2 327 18 424 6
1666 2 343 221 324
1667 2 400 167 446 343
1668 2 455 211
1669 1 471 223
1670 2 240 18 253 304
1671 2 353 283 462 139
1672 1 200
1673 1 472 31 495
1674 1 261
1675 1 74
1676 1 204 173 72 359
1677 1 64 177 320 275 13
1678 1 268
1679 1 5 431 206
1680 2 382 460 46 230 67
1681 1 117
1682 2 284 19
1683 2 393
1684 2 322 406 163 105 31
1685 2 74
1686 1 492 69 489 500 326
1687 1 324 435
1688 1 467 310 405 58 358
1689 1 293 211 132 359
1690 1 399 186 216 429
1691 1 241 244 361 451 61
1692 2 428
1693 1 348 365 195
1694 2 3 472
1695 1 201
1696 1 108 435 9 265 475
1697 1 19 132 471
1698 1 115 24 141 386 66
1699 2 141 458
1700 2 11 248 199
1701 2 356 30 189 332 228
1702 2 443
1703 2 293 38 130
1704 2 25
1705 1 349 244 385 314 30
1706 1 365 326 251 369 320
1707 1 415 152 7 385 97
1708 1 192 24 312 235 5
1709 1 340 17 430 485 218
1710 1 155 385 148 301
1711 1 140 391 182 218
1712 1 365 176 37
1713 2 173 247 36 220
1714 1 15 439 186 337
1715 1 364 498 72 208 75
1716 2 144 123 107 464 444
1717 1 11
1718 2 300 483 270
1719 1 50
1720 1 467 13 200 329 122
1721 2 461
1722 2 247 387 240
1723 2 58
1724 2 332
1725 1 343 171 337
1726 2 153
1727 2 284
1728 2 36 314 454
1729 1 228
1730 1 160
1731 1 407 62 340 131 493
1732 1 167
1733 1 192 354 428 472 77
1734 1 34 80 325 327
1735 1 60 68 430
1736 1 67 335 421
1737 1 311
1738 1 333 500 57 267
1739 2 175 2
1740 2 222
1741 2 11 235 452 303
1742 1 483 173 72
1743 1 61
1744 2 253 173 152 88 304
1745 1 405 115 251 126 10
1746 1 315 124
1747 1 487 420 462 489
1748 1 464 433 106
1749 1 89 445
1750 1 73
1751 1 143 28 169
1752 2 238 439 306
1753 1 472
1754 1 5 367 393
1755 2 137 32 36
1756 1 165 462 222 286 2
1757 2 403
1758 2 213
1759 1 19 217 364 347
1760 2 406 132
1761 2 6 264
1762 1 77 308 257
1763 2 463
1764 2 96 288 254 179
1765 1 147 441 78 334 239
1766 1 149 492 322 410 308
1767 1 232 340
1768 2 321
1769 1 114 159 481 474 293
1770 1 478
1771 1 207 271 312
1772 1 165 263 269
1773 1 217 30 126 242 478
1774 2 220 270 254 304 213
1775 2 13 165
1776 2 252 270 480 1
1777 1 273 331
1778 1 247 384 301 258
1779 1 307 231 93 39 198
1780 2 258 280 429 204 385
1781 2 48 228 143 460 138
1782 1 138 424 327
1783 2 495
1784 1 9 155
1785 2 92 199
1786 2 87 143
1787 1 69 484 101 22 362
1788 2 112
1789 2 112
1790 1 43
1791 2 58 145
1792 2 278
1793 2 412 141
1794 1 256 407
1795 2 103 378 18 316 443
1796 2 217 51 110
1797 1 113
1798 1 361 258
1799 2 206
1800 2 277 387 30 418
1801 1 199 182
1802 2 43 72 115
1803 1 269 450 140
1804 2 295 348
1805 2 493 155
1806 1 92 372
1807 1 461
1808 1 154 427
1809 2 256 83 488 94 283
1810 1 108 328
1811 2 186
1812 1 115 227 369 171 378
1813 2 236
1814 1 424
1815 2 316 356 423
1816 2 400 455 289
1817 2 94 156 176
1818 2 283 459 247
1819 2 432 163
1820 2 368
1821 1 500 147 312 151 360
1822 2 396 487 76 454 349
1823 1 29 51 171 46
1824 2 460
1825 2 101 400 321 268 253
1826 1 57 470 484
1827 2 278 288 56
1828 1 135
1829 2 283 391 107
1830 1 311 85 365 380
1831 2 308 44 176
1832 2 277 119 384 145 373
1833 1 246 427 334 303 211
1834 1 406
1835 1 424 100 149 64
1836 1 135 387 497
1837 2 468 37 111
1838 2 68 362 221
1839 1 11 65
1840 1 10
1841 2 240 391
1842 2 472 203 467 265 52
1843 2 65 383 63
1844 1 128
1845 1 112 96 104 115 496
1846 2 381 14 31
1847 2 280 260 181 103 118
1848 2 365 60
1849 1 103 478 56 123 425
1850 1 209 232 470 267
1851 2 244
1852 2 228 56 114 208
1853 1 218 425 189 29 367
1854 2 365 406 205 335
1855 1 297 176 264
1856 1 204 484 374
1857 1 487 375 336 33
1858 2 23 434 402 207 199
1859 1 72 118 175 197
1860 2 382 351 144
1861 2 246 133 446
1862 1 81
1863 2 92 211
1864 1 412 24
1865 2 238 349 477
1866 1 160 498 101 453
1867 2 41 100
1868 2 27 20 77 413
1869 1 171 160 451 146
1870 2 303
1871 2 500 199
1872 2 62 292 33
1873 1 410
1874 1 490 352 467 341
1875 2 284 320 288 107
1876 2 357 386 249 109 53
1877 2 184
1878 2 497 470
1879 1 402 346 415 437 200
1880 1 262 155
1881 2 403
1882 2 94 200 25
1883 2 126 209 457 405
1884 1 69 270
1885 1 382 84 124 4 173
1886 2 330 293 96
1887 1 302 333 199
1888 1 166 457 292
1889 1 450 343 460 456 448
1890 2 268
1891 2 403
1892 2 175 421 403 265
1893 1 112 430 72 76 230
1894 1 291 180
1895 2 406 424 390 369
1896 2 99 381 102
1897 1 331
1898 2 286 321 229
1899 1 11 304 374 228
1900 1 497 341 460 95 71
1901 2 474 361 10 288 276
1902 1 19
1903 2 488 202 86
1904 2 364
1905 2 18 128
1906 1 5 265 47
1907 1 89 160 308
1908 2 464 206 484 359 58
1909 2 210 230 221 122
1910 2 354
1911 1 225 411 247 372
1912 1 17 492 85 208
1913 1 29 137 378 380
1914 1 332 318 176
1915 1 298 318
1916 1 353 352
1917 1 435 329 395 201 339
1918 1 494 264 192
1919 2 317 140
1920 1 220 180 80
1921 2 69
1922 2 316 39 368 254
1923 2 302
1924 1 35 403
1925 2 18 24
1926 1 178 63 271 100
1927 1 17 359 102 494 398
1928 1 88 459 334
1929 1 497 380 420 467 389
1930 1 76 22 409
1931 1 286 200
1932 2 305 408 473 199
1933 2 142 279 10 165 268
1934 1 16
1935 1 300 243 256 453
1936 2 386 440 94 61
1937 2 117 324 497
1938 2 85 138 408 273
1939 1 315 113 42 207 18
1940 1 109 319
1941 1 413 392
1942 1 143 163 204
1943 2 169
1944 1 44 52 10 327
1945 2 243 2 280 461
1946 2 142 303 302 262
1947 1 151 346
1948 2 141 164 23 130
1949 1 436 212 357
1950 2 242 325
1951 2 84 97
1952 2 333 276
1953 2 486
1954 2 178 164 162 41 413
1955 2 55 488
1956 1 61 341 214
1957 1 329 132 17
1958 2 408
1959 1 9 391 485
1960 2 11
1961 1 439
1962 2 73 304
1963 1 153 241 220 127 91
1964 2 495 46 494
1965 1 228 354
1966 2 43 81 163 176
1967 2 3 441 276
1968 1 239
1969 1 35 343 281 167
1970 2 298 240 463 263 203
1971 2 38 262
1972 2 454 62 368 448 153
1973 1 68
1974 1 225 176 277
1975 1 403
1976 2 419 357
1977 2 411 142
1978 2 98
1979 1 477 489 2 147
1980 2 95 82
1981 2 59
1982 1 500 92 51 103 191
1983 1 349 469 327 40
1984 1 30 1
1985 2 346 454
1986 1 114 408 375
1987 2 152 427 435 70
1988 1 334 186
1989 1 438 160 49 4 305
1990 2 135 440 353 319
1991 1 76 146 265 173 477
1992 2 176 340 228 334 444
1993 2 196 289
1994 1 111 250 56 392 192
1995 1 192 91 276 206 318
1996 1 156 287 40 285
1997 2 12 31
1998 1 165 394
1999 2 101 166 68 71
2000 2 488 213 79 120 411
2001 1 262 480
2002 1 270 361
2003 1 382
2004 2 93 137
2005 2 365 72 449 456 186
2006 1 169 404
2007 1 317 260
2008 2 416 11 19
2009 2 159
2010 2 162
2011 2 262 38 13
2012 2 84 379 477 194
2013 2 444
2014 2 171 196 204 316 53
2015 2 366 7 338 111
2016 2 14 363
2017 2 253
2018 1 291
2019 1 450 269 241 371
2020 1 209 244 311 448 475
2021 2 315 270 460 321
2022 2 70 94 151 275 457
2023 2 432
2024 2 6 357
2025 1 204 79
2026 2 225
2027 1 158 306
2028 2 399 372 375
2029 2 494 363
2030 2 278 386 17 93
2031 2 183 447 335 479
2032 2 427 449 492 165 78
2033 2 104
2034 2 394 95 356
2035 1 162 307 242 126 166
2036 2 245 137 223
2037 1 356 48 70
2038 2 400 21 233
2039 1 497 186 202 462 3
2040 1 465
2041 2 217 26 436
2042 2 150
2043 2 314 384 3 177 11
2044 1 338 365 472 241
2045 1 55 203
2046 1 368 396 387 482
2047 1 336
2048 2 47 138 167 27
2049 2 466 228 272 158 11
2050 2 157 95
2051 2 113 301 275
2052 2 73 453 16
2053 1 9 451 355 200
2054 1 156 244 180 243 15
2055 2 31 57 162 357
2056 2 267 343 407 23
2057 2 282 448
2058 2 366 460 457
2059 2 332 352 139 5 411
2060 1 417
2061 2 52 134 378
2062 2 233
2063 2 424 10 16
2064 1 431 229 375 89 300
2065 2 11 440
2066 1 1 338 153 129 209
2067 1 106 210 127 284
2068 1 305 347 454 7
2069 1 356 450 420 427
2070 2 329
2071 1 383 102 202 464
2072 2 9
2073 2 69 71
2074 2 471 198
2075 2 160
2076 2 88
2077 1 17 391 289 250 278
2078 1 94 303
2079 1 195 318
2080 1 465 310 205
2081 2 423 264 487 435
2082 1 428 116
2083 1 14 319 470 444 375
2084 2 426 138 392 342 499
2085 1 448 432 360
2086 2 38 413
2087 2 126 348 214 315
2088 1 388 137 382 134 47
2089 1 405 412
2090 1 316 191 305
2091 1 18 282
2092 2 359 223
2093 2 294 155 92 350
2094 2 235 325 79
2095 2 435 297 479 426 124
2096 2 250 16 309 178
2097 2 146 478 470 167 449
2098 1 309 154 322 403 491
2099 1 65 236 380 113 205
2100 2 152
2101 1 186 441 248 82 479
2102 1 185 239 171 157
2103 1 118 222
2104 2 447 162 64
2105 1 296 482
2106 1 365
2107 2 163 85 424 218
2108 2 175 181 156
2109 1 257 337 15 405
2110 1 191 63 58 229
2111 2 163 296 381 238
2112 2 258 216 66
2113 2 196
2114 2 68
2115 1 350 242
2116 2 334 58
2117 2 417 55 284 280 106
2118 2 372 377 232
2119 1 256 160 409 208
2120 2 103
2121 1 60 290
2122 1 7 143 13 264 111
2123 1 348 262
2124 2 389 402 239 244
2125 2 44 171 196 396 229
2126 2 3 72 116 233 203
2127 1 404
2128 1 349 15
2129 2 50 362 470
2130 2 82 259
2131 2 373 474 354 226
2132 1 128 6
2133 2 40
2134 1 491 116 15 350
2135 1 380 208 315 260 446
2136 2 161 377
2137 1 192
2138 2 174 473
2139 2 494 247 51 255 253
2140 1 298
2141 2 437 12
2142 2 238 457 273 400 341
2143 1 451 327 117 245 311
2144 1 450
2145 2 318 357
2146 1 376 108 208
2147 2 335 278
2148 2 123 347 38 335
2149 1 446
2150 1 74
2151 2 59 241 317 409 279
2152 1 375 86 145 155 244
2153 1 331 58 264 108
2154 1 24
2155 1 354 442 466
2156 2 413 279 377
2157 2 488 395 492
2158 1 292
2159 1 469 182 199 263 163
2160 1 21
2161 1 263 404 284 79 71
2162 2 386 443 266
2163 2 457 488 425
2164 1 257 237 175 31 262
2165 1 203
2166 2 38 367 106 129 171
2167 2 180
2168 2 138 188 452 473
2169 2 93 114 310 348
2170 1 155 494 356 360
2171 1 153 455
2172 2 229 12 278 365
2173 2 22 216 287
2174 2 264 476
2175 2 213 294 449 98 420
2176 1 446 68 324
2177 1 471 47 450 31 296
2178 2 448 124 459 433
2179 1 73 99 413
2180 1 72
2181 2 68 177
2182 2 207 116 256
2183 1 314 152 384 288
2184 1 183 209 397 461 169
2185 1 378 297 43 138
2186 2 107 164 71 499
2187 1 319 174 449 257 372
2188 1 144 156 297 332 409
2189 1 225 436 473 388 155
2190 2 482 328 288
2191 1 382 301 101 393 445
2192 2 19 416 59
2193 2 81 433 385 222 36
2194 2 233 254 339
2195 2 437 453 111 257
2196 2 310
2197 2 393 208
2198 1 383
2199 2 315 280 237
2200 2 109 434 104 400
2201 1 26 45 407 369
2202 2 386 202
2203 2 141 237 131 218
2204 1 257 350 395 197 489
2205 1 330 454 477
2206 2 446 115 425 266 211
2207 1 468
2208 1 492
2209 2 382
2210 1 496 241 430 239 157
2211 2 475 245 74
2212 1 313 175
2213 1 308 452 482 63
2214 2 153 124 382 405 238
2215 1 416 457 48
2216 1 107 72 48 208 294
2217 1 70 44 122
2218 1 486 151 34
2219 1 155 299 493
2220 1 122 481 72
2221 1 37 485 168 196 157
2222 2 392 230 20 491 47
2223 2 409 473 214
2224 2 203 220 206
2225 2 208
2226 2 369
2227 2 97 436 44 398
2228 1 29
2229 2 340 185
2230 1 427 429 24
2231 1 217 150
2232 2 460
2233 1 251 69 442 126
2234 1 40 418 345 327
2235 2 93 270
2236 1 407
2237 1 344 483 395
2238 1 418 398
2239 1 204 476 278 317
2240 2 444 102 306 331
2241 2 308 497 147 479
2242 1 443 81 86
2243 1 30 144 162 149
2244 2 186
2245 2 281
2246 1 322
2247 2 186 404 231 78
2248 1 225
2249 1 470
2250 1 276 208 324 319 259
2251 2 136
2252 2 19 240 432
2253 2 96 318 133 259 130
2254 2 114 389 275 323
2255 2 459 4 203 100 372
2256 1 102 424
2257 2 112 23 392
2258 2 357
2259 2 60 74 233
2260 2 143 431 481 266 114
2261 2 490 170 137 163 41
2262 1 378 299 362 191 414
2263 1 328 15 146
2264 1 299
2265 2 278 235 432 195
2266 2 95 81
2267 1 122 406 367 209 458
2268 2 185
2269 1 210 342 195
2270 1 238 197 226
2271 1 317
2272 1 168
2273 1 34 238 13 105
2274 1 256 278
2275 2 71 265 449 413
2276 1 366 313 358
2277 2 197 10 262 361 215
2278 2 80 234 373
2279 1 303 193 207 69
2280 2 414 406 445
2281 1 324 216
2282 1 172
2283 1 493 355
2284 2 158
2285 2 192 348
2286 2 17 426 390
2287 2 283 202
2288 1 386 52 314
2289 2 348
2290 1 435
2291 1 5 14 190
2292 1 93 138
2293 2 404
2294 1 317 458 56
2295 1 344 252 177 295
2296 1 22
2297 1 157 464 346 308
2298 1 484 409 149 68
2299 2 50 181 473 87 177
2300 1 386 442 121
2301 2 131 398
2302 2 178 56
2303 2 41 230
2304 2 70 444 73 500 190
2305 1 89 376 174 249
2306 2 239 220
2307 1 53 341 61
2308 1 406 12 419
2309 1 237 141 374
2310 2 190
2311 2 102 365 84 411 412
2312 1 351 489 464 225 367
2313 2 147 102
2314 2 306 34 194
2315 2 169 435 114
2316 2 310 414 387 426 447
2317 1 64 1 71
2318 1 39
2319 2 23 34 143
2320 1 19 101 144 462 273
2321 1 321 388
2322 1 329 68 172 164
2323 1 404 263
2324 1 74 103 472 443
2325 1 131 207
2326 2 200 95 100 170
2327 1 170 468 180
2328 1 311 18 435 169 99
2329 2 9 384 377 322 435
2330 1 11 42 281 317 312
2331 1 199 313
2332 2 119
2333 1 480 22
2334 2 224 93
2335 1 152 35 275 391 349
2336 2 402 311 166
2337 1 369
2338 2 379 465 249 17
2339 1 71 483 133 316 19
2340 1 211 57 280 53
2341 2 2 487
2342 2 386 262 423 497 22
2343 2 413 459 42 297 207
2344 1 266 77
2345 2 464 14
2346 1 347 331 379
2347 1 151 280 452
2348 2 205 300 176 390
2349 2 424 488 56 493 265
2350 1 96
2351 2 415 304 160
2352 2 210
2353 2 191 102 490 213
2354 2 459 1 11 77 76
2355 1 144 220
2356 1 446 290 455 67 106
2357 1 262 192
2358 1 289 132 497 393 209
2359 1 65 414
2360 2 360 146 338 127 414
2361 1 61 246 443
2362 1 366 104 77
2363 1 379 276 363 41
2364 1 386 86
2365 1 33 184 86
2366 1 108 128 64 262
2367 2 381 432 453 494
2368 1 264 299
2369 1 251 201 454 436
2370 2 325 369 116
2371 1 340 330 383 378 87
2372 2 389
2373 2 337 75
2374 1 379
2375 1 366 427
2376 1 489 442 341 122
2377 1 416 7
2378 2 356 27
2379 2 50
2380 2 47 56 200
2381 2 7 179
2382 2 428 68 492
2383 1 373 416
2384 2 32 109 377
2385 1 38
2386 2 205 296 222 268 452
2387 2 51 471 122
2388 2 304
2389 1 379 94 228
2390 1 212 467 180 306 182
2391 1 459 308 268
2392 1 491 142 106 238
2393 1 303 74 259 165
2394 1 131 145 284
2395 1 403 459 3 173 244
2396 1 109 395 188
2397 1 393 154 378 357 187
2398 2 389 440 342 448
2399 2 277 82 32 481 382
2400 2 199 246 87 382
2401 2 340 301 453
2402 1 97 473 45 81 16
2403 2 450 217
2404 2 274 484 33 493
2405 2 414 49 266 301
2406 2 103
2407 1 447 135 393
2408 1 198 309 52 365
2409 1 145
2410 1 315 354 353 274 500
2411 2 66 232 306
2412 2 366 298 177 472
2413 1 472 124
2414 2 131 75 115 128
2415 2 150 320 24 31
2416 2 170 89 239 495 350
2417 2 393 133
2418 1 247 330 31
2419 2 182 74 143
2420 1 152
2421 1 267 330
2422 2 12
2423 1 466 209
2424 2 69 284
2425 2 79 288 66 152 366
2426 2 70 443 73 278 140
2427 2 422 221 498 260 38
2428 1 37 476
2429 1 208 330 135
2430 2 287
2431 2 191 255
2432 2 199 407 260 429 43
2433 1 496 129 193 414
2434 1 241 303 228
2435 2 456 113 315 190 477
2436 1 338
2437 1 69 244 77 298 23
2438 1 363 354 331
2439 2 3 398 230 155 135
2440 2 16 356 427 431
2441 2 194
2442 2 235 377 66 186 353
2443 2 254 172 341 283 18
2444 1 190 305 149
2445 2 334
2446 2 247 485 465
2447 1 345
2448 1 402 98 331 360
2449 2 461 70 137 196 183
2450 2 365
2451 1 481
2452 2 85 130 308 402 109
2453 1 281 404
2454 2 195 105
2455 1 311 491 488 24 340
2456 1 313 158 42
2457 1 162 303 218 301
2458 2 213 242 10 181 448
2459 2 491 351
2460 1 296 46 149 358
2461 2 460 500 453 414 260
2462 2 35 60 421 455
2463 1 104 204 284 220
2464 2 14 332 311 147
2465 2 152 470 256
2466 2 90 492
2467 1 490 43
2468 2 208 221 327
2469 1 424
2470 2 468 300 269
2471 1 457 46
2472 1 130 59 120
2473 2 319 103
2474 2 408 16 386 144
2475 1 171 278 306
2476 2 281 155 149 171 495
2477 1 479 106 480
2478 1 477 18 293 165
2479 2 273
2480 1 392 40 60 465 336
2481 1 322 205 360 390 450
2482 2 9 346 56 201 369
2483 2 492
2484 2 382 415 79 176
2485 1 316 281 340
2486 2 346 39
2487 2 22 127 442 129
2488 1 270 243 325
2489 2 367 75
2490 2 262 137 198
2491 2 359
2492 1 316 229
2493 1 95 211 104 491
2494 2 336 439 300 190 171
2495 1 223 339 224 347
2496 2 162 94
2497 2 435 41
2498 2 153 326
2499 1 499 6
2500 1 41 470
2501 2 77 307 349 384
2502 1 16 170 186 409 342
2503 1 451
2504 1 282
2505 2 464 337
2506 2 237 192
2507 1 130 454
2508 2 446 377 203
2509 1 172 16
2510 1 369
2511 1 309 57 289 405 261
2512 1 175 174
2513 1 323 52 93 310 181
2514 2 394 385 30
2515 1 410 270 398 255 126
2516 2 73 148 268 31 322
2517 1 154 9
2518 1 275 65
2519 2 148 372 308 337
2520 2 353
2521 1 476 206 335 347 212
2522 1 361 377 446 186
2523 1 124 370 319
2524 1 485 177 190 384
2525 1 343 263
2526 1 224 116 48
2527 2 150
2528 2 219
2529 2 500
2530 1 69
2531 1 277 94
2532 1 140
2533 2 457 206
2534 2 76
2535 1 440 286 240 69
2536 1 275 356 44 202
2537 1 244
2538 2 150 66 462 258
2539 1 332 69
2540 1 324 341 226 131 111
2541 1 297 321 103 141 251
2542 2 104 266 126
2543 1 175 487 32
2544 2 221 294 499 353
2545 2 101 211 413 178 213
2546 1 247 137
2547 1 497 236 131
2548 1 349 317 37
2549 1 470 242
2550 1 196 455
2551 1 98 327 361 313 393
2552 2 425 484 438
2553 2 298 294 52
2554 2 386 114 35 62
2555 2 498
2556 1 218 333
2557 1 266 258
2558 1 360 10 21 155 499
2559 1 229 177 20
2560 1 239
2561 2 437 180 349 92 286
2562 2 355
2563 1 210 177 452 355
2564 1 263
2565 2 122 233 138 225
2566 1 295
2567 2 496 467 224 213 217
2568 1 163 454
2569 2 101
2570 2 255 429 332
2571 1 363 449
2572 1 347 150
2573 2 393 31
2574 1 498 274
2575 1 244 432 142 271
2576 1 274 254 101 125 30
2577 2 178 35 235
2578 2 374 280 432
2579 1 354 95 428 275 374
2580 2 403 117 100 429
2581 2 5 164
2582 2 373 296 454 356 68
2583 2 79
2584 1 166 95 475 211 500
2585 1 289 246
2586 2 399 392
2587 2 311 330 421 457 132
2588 1 351 393 473 127 164
2589 2 147 454 191 62 412
2590 1 5 250 361
2591 2 427 68
2592 2 151
2593 2 19 392 396
2594 2 383 175 387 362
2595 2 262 171 249
2596 1 263
2597 2 142 17 425
2598 1 181 201 130 453
2599 2 390
2600 1 19 275 363
2601 2 240 265
2602 1 35 358 159
2603 1 103 79 164 259
2604 2 470 377
2605 1 17 270 64
2606 1 158 451 160
2607 1 173
2608 2 35
2609 1 142 32 81 135 41
2610 2 216 327 73 214
2611 2 225 53
2612 2 213
2613 2 431 141 354 71
2614 1 266 92
2615 1 141
2616 2 263 330 249
2617 2 445
2618 1 251
2619 2 322 177 434 30
2620 2 276 286 210
2621 1 239 227 333
2622 2 100
2623 1 437 432 209 417 299
2624 1 149 412 269 254
2625 2 16 300
2626 2 281
2627 2 461
2628 2 268 334 24
2629 2 167 266 396 47 61
2630 1 345 8 21 4
2631 1 54
2632 1 247 336 463
2633 2 51 279 314
2634 1 146 178 263 323
2635 1 158 59 267
2636 2 122 252 242
2637 2 240 41
2638 2 388 422 352 67 440
2639 2 430 352 237 248
2640 1 169 451 57
2641 1 171 44 372
2642 1 365 427 198 225
2643 2 260 69
2644 1 145 128 404 470 314
2645 1 381 105 228 317 178
2646 1 36 32 282
2647 2 494 455 75
2648 1 246
2649 2 325 445 271 302
2650 2 46 250
2651 2 4 281
2652 1 442 120 475
2653 2 4 484 77
2654 2 21 497 73
2655 1 47
2656 1 291 92
2657 1 365 489 133
2658 2 386
2659 2 205 252 449 83 86
2660 2 496 483
2661 1 445
2662 1 235 236
2663 2 169 427
2664 2 70 363 448
2665 2 321 72 111 186
2666 1 71 216 291 310 393
2667 2 316 472 485
2668 2 309 25 341
2669 2 132
2670 1 377 167
2671 2 479 269
2672 1 98 114 192
2673 2 464 127 216
2674 2 23 430 236
2675 2 206
2676 2 173 373
2677 2 359
2678 2 166
2679 2 27 123
2680 1 171 440 274 175
2681 2 246 174
2682 2 398 12 406
2683 1 107 352 342
2684 1 363 31 77 224
2685 2 233
2686 1 91
2687 2 263 436 346 383
2688 1 457 318 336 259 376
2689 1 87 498 496 311 53
2690 1 51
2691 2 330 295
2692 2 194 158 24 310 216
2693 1 77 50 176 11
2694 2 242 124 260 335 286
2695 1 225
2696 1 90
2697 1 227 427 54 441 275
2698 2 265 338 430 311 372
2699 2 173 36 337 494 86
2700 1 214 268 420
2701 1 186 60 215 149
2702 2 114 204
2703 1 479 215
2704 1 397
2705 1 303 498 387
2706 1 371 280 103 182
2707 2 198
2708 2 63
2709 1 401 167 409 59
2710 1 497 460
2711 1 454 329 256
2712 2 131 321 430 419 96
2713 2 472 138
2714 1 63 231 81 381
2715 1 162 455 131 492 192
2716 1 227 313 411 156 364
2717 1 163 92
2718 1 121 99 82 18
2719 1 327 474 479 258 65
2720 2 154
2721 2 56 23 314 9 347
2722 2 347 451
2723 1 492 500 118 96
2724 2 177
2725 1 93 461 12 225
2726 1 216
2727 2 6 397 498 175
2728 2 331 218 126
2729 1 221 423 454 134
2730 2 292 120 344
2731 1 364 218
2732 1 371 319
2733 1 316 343
2734 1 364 236
2735 1 309 10 498
2736 1 315 260
2737 1 354 368
2738 2 450
2739 2 442 97 280 484 455
2740 1 273 252 369
2741 2 271 157 56 65 348
2742 1 401 251 448 438
2743 1 14 297 32 222
2744 2 62 296 412 134 406
2745 2 119 106 63 467 156
2746 2 298 314 149 415
2747 2 104 47
2748 1 194 126
2749 1 366 226 60 36 323
2750 2 6 365 326 264
2751 1 34 481 375
2752 1 366 34 369
2753 1 461 161 33 296
2754 2 3 177 73 438 234
2755 1 100 60
2756 2 64 263 50
2757 2 487
2758 2 133 35
2759 1 201 412
2760 2 322 499 498
2761 2 198
2762 1 91 119 298
2763 1 482 259 258 302
2764 1 298 278 363
2765 1 230
2766 2 176
2767 2 479 119 494 125
2768 2 334 430 425
2769 1 419 483 337
2770 1 472 352 28 299 130
2771 1 317
2772 2 308 125 437
2773 2 4
2774 1 424 2 242 199
2775 2 373 400 141 217 71
2776 2 231 52 37
2777 1 224 181 371
2778 2 113 427 391 58
2779 2 476 358 43 484
2780 2 289 63 386
2781 1 78 331 340 451 62
2782 1 214 315 485 301 7
2783 2 331
2784 2 5 456 348 210 237
2785 1 300 1 435 341 436
2786 2 256 431 169 271
2787 1 259 37 217 411
2788 1 476 64
2789 2 33 476 464
2790 1 171 290 305
2791 1 51 23 250 461
2792 1 231 288 324 475 33
2793 2 136
2794 1 495 266
2795 2 356 424 373
2796 1 486 352 180
2797 1 286 69 131 170
2798 1 311 160 51 346
2799 1 311 384
2800 2 49 233
2801 1 268 490 337
2802 2 292
2803 2 97 51 125 36 255
2804 1 152 36 314
2805 2 375 404 197
2806 2 176
2807 2 122 21
2808 2 327 67 481
2809 2 288 420 255
2810 1 383
2811 2 136 166
2812 2 257 292 117
2813 1 377 174 494
2814 1 190
2815 2 233 260 84 193 415
2816 2 280 40
2817 1 407 305
2818 1 491 191 201 80 60
2819 1 130
2820 2 262
2821 1 451
2822 1 498 490 372
2823 2 406
2824 2 293 141 274 162
2825 1 375 401
2826 1 137 115
2827 1 309 346
2828 2 279 495
2829 1 114
2830 2 309
2831 1 474
2832 1 192 239
2833 2 339 74
2834 2 176 411 442
2835 2 275 468 83 163
2836 1 226 150 196 177 388
2837 1 325
2838 2 104
2839 2 317 92
2840 1 498 204 56 8 72
2841 1 62 94 319
2842 2 177 337 491 493 79
2843 1 292 344 483 420
2844 2 167 124 36 180 31
2845 2 371 62 456
2846 2 474 369 28 434 450
2847 2 304 234 339 151
2848 2 28
2849 2 139
2850 1 287 57 497 216 123
2851 1 330 272 370
2852 1 347 397
2853 2 424 382
2854 2 269 150
2855 1 318 123
2856 2 191 273 435 442 81
2857 1 301 4 471 161 373
2858 2 272 55 215 428 104
2859 2 215 124
2860 1 189 476 6
2861 2 367 453 390 317
2862 1 442 282
2863 2 253 418 345 234
2864 2 42 440 434 490
2865 2 470 192
2866 1 423
2867 1 396 329 445
2868 2 239
2869 2 44 173 420 323 174
2870 1 25 133
2871 1 317 429 112 310
2872 2 15 247 198 221
2873 2 44 347 290 38
2874 2 96 173 392
2875 1 4 445 351
2876 2 191 278
2877 2 91 471 12 458 159
2878 1 383 183 92
2879 2 246 121 315 87 436
2880 1 59 96 253 270
2881 2 422 178
2882 1 70 186 197 423 326
2883 1 343 116 108
2884 2 118 405
2885 1 342
2886 2 338 29 342 154 115
2887 1 26 220 50
2888 2 484 433
2889 2 209 242 74 49
2890 2 407 259 247 494
2891 1 478 322 82 307
2892 1 60 245 79 302
2893 1 50 126
2894 2 116 388
2895 1 267
2896 1 179
2897 2 374 77 425
2898 1 11
2899 1 470 251
2900 2 168
2901 2 136 294 246 400 82
2902 2 411
2903 1 458 294
2904 2 208 8
2905 1 128 209 146 119
2906 2 172 276 152 3
2907 1 85 295 344
2908 1 114 220 123 301 369
2909 2 201 416
2910 1 433
2911 1 268 278 427
2912 2 485 449 373 311 352
2913 2 239
2914 1 127 309 270 224 328
2915 1 484 125 51
2916 1 359 170 197
2917 1 288 218 451 147
2918 1 319 418 143
2919 2 152 309 453 380
2920 2 387
2921 1 290 132 300 256
2922 1 483 368 310 456 174
2923 1 497 59 493 293
2924 2 51 135 476 341 297
2925 2 117 381 468 211 462
2926 2 183 346 341 168
2927 2 395 55 495 339 31
2928 1 185
2929 2 50 432 228 128 193
2930 1 393
2931 2 80
2932 1 336
2933 2 197 321 170 425 434
2934 1 365 474 342 237 327
2935 2 243 48
2936 2 389 301 62 97 467
2937 2 458 283 249 189 385
2938 2 310 125 180
2939 1 29 44 254 124
2940 2 373 134 387
2941 2 363
2942 2 325
2943 2 35 345 453 319
2944 2 146
2945 1 387 157 70 439
2946 2 467 182 473 18
2947 1 370 110 10 337
2948 2 265 332 280
2949 2 473 9 320 61 40
2950 2 329 420 55 219
2951 2 81 113
2952 1 356
2953 1 413 46 142 406 125
2954 2 324 16 158
2955 2 153 375 155 93
2956 1 366
2957 2 19 99 40 54
2958 1 8 30 161 274 239
2959 1 473 135 273 1 258
2960 1 174 234 70
2961 1 341
2962 2 193 85 291
2963 2 469 61
2964 2 270 410 42 164 101
2965 2 454 205
2966 1 55 216 249
2967 1 345
2968 1 397 59
2969 1 174 205 472 459 397
2970 2 298 48 343 24
2971 1 306 459 113
2972 1 26 108 376 377 268
2973 2 430
2974 2 381 325 341 445
2975 1 342 298 479
2976 2 121 207 471 262 176
2977 1 150
2978 1 370 325
2979 2 235
2980 2 422
2981 1 347 253
2982 2 438
2983 2 154 398 392 352
2984 2 15 174 486 132
2985 2 440 316 84
2986 2 490 373 118 462
2987 1 230 306 21 153 23
2988 2 235 460
2989 1 84 97 460 161
2990 2 360 498 253 198 155
2991 2 419
2992 2 212 359 58 91
2993 1 417 365 337 102 288
2994 2 254 97 423
2995 2 425 270 72
2996 2 15 179 453
2997 2 22 138 119 399
2998 1 480
2999 2 211
3000 2 278 357 397 253
3001 2 473 121 445 416 235
3002 1 360 398 207 313
3003 2 303 379 140 241
3004 2 326 315 25
3005 2 351 357 297 264
3006 1 146 28 49 44
3007 2 52 332
3008 1 387 411
3009 2 293 330
3010 2 269
3011 2 290 314
3012 2 325
3013 2 296 295 274 423
3014 2 124 2 163 102
3015 2 25 314 164
3016 1 240
3017 2 392 449
3018 2 109 310
3019 2 259 272 122 97
3020 2 328 184 188 383
3021 2 285 227 202 170 295
3022 1 319
3023 2 31 324
3024 2 441 154 464 345
3025 2 152 134 377 75
3026 1 159 207 351
3027 2 30 26 203
3028 2 382 191 344 203 493
3029 2 44 449 170 28
3030 1 458 351 59 124 337
3031 1 14 54
3032 1 329 286 306
3033 2 57 457
3034 1 102 229 218 355 379
3035 2 186 335 246
3036 2 144
3037 2 227
3038 2 465 164 88
3039 2 446 195 364 280
3040 2 260 250
3041 2 106 142
3042 1 177
3043 1 168
3044 2 104 44
3045 1 436 282 410 303
3046 2 458 115 160 172 232
3047 1 43 168
3048 2 109 75
3049 2 71 37 92 469
3050 2 20 233 252 203 365
3051 2 26 438 423 107
3052 1 124 308 117 488 50
3053 2 245 401 210 152 405
3054 2 444 276 335 372
3055 1 45 355
3056 2 154 125 181 490 495
3057 2 161 351
3058 1 444 216 100 330 383
3059 1 389 426
3060 1 284
3061 1 51 374
3062 1 486 61
3063 2 246 480 475 227
3064 1 261 91 59 374 97
3065 1 470 431 31 326 126
3066 2 306 288 187
3067 1 100 415
3068 1 86
3069 2 296 1 356 270
3070 1 278
3071 2 234 438 322
3072 2 469
3073 2 107
3074 1 499 357 396
3075 2 401
3076 2 92
3077 2 163 250 295 85 290
3078 1 5 95 163 291
3079 2 231
3080 1 115
3081 1 455 259
3082 2 388 4 192
3083 2 459 310 97 392
3084 2 24 139 429 453 20
3085 1 241 329
3086 1 345 106
3087 1 383 426 149 494 122
3088 1 304 238 201 428
3089 1 457 248 496 375
3090 2 86 147 181
3091 2 470 410 460
3092 2 71 55 49 164
3093 1 251 443
3094 2 189 454 39 88
3095 2 460 439
3096 2 4 426
3097 1 251 47 434
3098 2 138 261 397
3099 2 346 197 407 206 199
3100 1 40 391
3101 1 418 25 371
3102 2 264 463
3103 2 137
3104 1 20
3105 1 168 200 32 458
3106 1 222
3107 1 28 217 6 70
3108 2 37 472 126 227 119
3109 2 461
3110 1 301 136 326
3111 2 182 254 355
3112 2 205 392
3113 2 357 118 275
3114 2 73 419
3115 1 454 69 132 141
3116 1 162
3117 1 451 349
3118 2 412 263 365 274
3119 1 205 376 459
3120 2 253 373 438 405
3121 1 454
3122 2 58 82 136 57
3123 1 133
3124 1 389 438 290 426
3125 1 128
3126 1 85
3127 1 261 310 336
3128 1 412 493
3129 2 265 91
3130 1 108 136 366 254 464
3131 1 93
3132 1 388 453 279 180
3133 2 433 87 189 249
3134 1 428 456 53 467
3135 1 93 348
3136 2 180 290 108 392
3137 1 481
3138 1 482 212
3139 2 42
3140 1 330 357 126 255 425
3141 2 402
3142 1 236 431 471 154
3143 1 314 21 129 351 246
3144 1 308 280 93 100
3145 2 464 316 367 210
3146 2 81 433 171 351
3147 2 325 64
3148 2 25 375
3149 1 39 456 211 81 93
3150 2 383
3151 2 201 270 134
3152 1 495 100
3153 2 92
3154 1 104
3155 2 193 102 456 476 237
3156 1 426
3157 1 449 302 153 382
3158 2 163 184 322 305
3159 2 62 350 114
3160 1 219 72 337 322
3161 2 278 499
3162 2 132 121 303 133 350
3163 2 38
3164 1 326 247 488 275
3165 1 132 158 2
3166 1 93 229 498
3167 1 439 327 252 386
3168 2 137
3169 2 63 412 255
3170 1 384 414 311
3171 1 316 204
3172 2 65
3173 2 130 30 167 447
3174 2 319 488 47 248 310
3175 1 34 128 436
3176 2 468 426 327 81 370
3177 2 371 96 348
3178 1 481
3179 2 388 28 434 392
3180 2 170 267
3181 1 318 448 293 154 67
3182 1 428 211 500 107
3183 2 493 22
3184 2 175 382 431
3185 1 321
3186 2 441 157 328
3187 1 178
3188 1 420 423 314 353
3189 2 313
3190 1 316 9 426 391 167
3191 2 171 88
3192 2 204 146
3193 1 188 308 468
3194 2 345 241
3195 2 332 49
3196 1 21 400 430 63
3197 1 373 235 226 282 411
3198 2 71 40 104
3199 2 272 135 258
3200 2 102 129 486 321
3201 2 151 239
3202 2 328 426 130 384 305
3203 1 164
3204 2 160 23 239 189
3205 1 287 148 365
3206 2 472
3207 1 245 500
3208 2 230 114 484 195
3209 1 469 288
3210 2 311 334 429
3211 1 169 365 291
3212 2 402 320 228
3213 1 156 155 278 406
3214 1 350 458 153 486 440
3215 2 426 261 298 409 320
3216 2 482 179 471 342 352
3217 2 416 434
3218 1 275 493 396 404 106
3219 2 136 463 282 105 74
3220 1 180 450 311
3221 1 40 499
3222 1 124 189 97 40 465
3223 2 428 244 149 84 226
3224 1 200 69 59 30
3225 1 353 241 439
3226 2 225 258 77 125
3227 2 38 132
3228 2 387 276 9 377 83
3229 1 201 398 228 361 440
3230 1 186
3231 1 90
3232 2 42
3233 1 134
3234 1 110 267 317
3235 1 58 153 192 416
3236 1 202 313 54 276 213
3237 1 15
3238 2 99 379 197
3239 2 106
3240 2 323 180 439 269 31
3241 2 158 60 375 400
3242 2 380 2 303 51
3243 2 259 34 186
3244 2 83 310 76
3245 2 203 498 151 328 449
3246 2 487 452 415
3247 2 122 38 391
3248 1 360 194 18 284
3249 1 211 10 345 164
3250 2 9
3251 2 397 411
3252 2 460
3253 1 54 146 173 313 134
3254 1 418 449 493 227
3255 1 108 340
3256 1 293 155 136 442 332
3257 1 217 298 222 202 102
3258 1 298
3259 2 304 380 443 161 325
3260 2 475 392 410
3261 1 171 183 321
3262 2 338 114 296 324 476
3263 1 359 198
3264 2 394 365 5 264 253
3265 1 255
3266 2 209
3267 2 466 168
3268 1 162 74 94 221
3269 2 117 8 316 451 47
3270 2 207 133
3271 1 257 386 79
3272 1 192
3273 2 257 290 376
3274 2 117 319
3275 2 306 85
3276 2 379 143 5 374
3277 1 192 270 165 39 329
3278 2 211 208 493 110
3279 2 54 247 216 489 393
3280 1 145 66 68 349 47
3281 2 285 121 235 154
3282 1 366 330
3283 1 261 182 254 301 251
3284 2 53 131 247 90 338
3285 1 227 398 97 269
3286 1 221 213
3287 2 197 256 63 106
3288 2 391 177 337 426 256
3289 2 445 266 267 45
3290 2 77 45
3291 1 205 314
3292 1 450 210 271 439 260
3293 2 417 346 455 262 426
3294 1 295 109 184
3295 1 171 254
3296 2 479 334 363 211
3297 2 158
3298 2 47 280 446 96
3299 1 114 416
3300 1 254 215 197 376
3301 2 397 10 349 199 361
3302 2 187 106
3303 2 392 5
3304 2 490 448
3305 2 436
3306 2 7 162 224 239 297
3307 1 215 435 142
3308 2 234
3309 1 240 196 267 112
3310 1 14 39 130 451
3311 1 162
3312 1 371 98 235 66 434
3313 2 78 123 276 387
3314 1 354
3315 2 82 414
3316 2 70 381 392 438
3317 1 191 414 488
3318 2 125 384 172
3319 2 392 301
3320 1 333
3321 2 429
3322 2 16 320
3323 1 331 403 77 62
3324 1 349 80
3325 1 259 346 154 95
3326 2 219
3327 2 352 327 17 362 196
3328 2 221 18
3329 2 271
3330 2 160 319 374 392 243
3331 1 466 37
3332 1 41 494 207
3333 1 142
3334 2 276 17 44 167 271
3335 1 155 87 460 161 9
3336 1 346
3337 1 367 388 132 430
3338 2 304 78 66 374 44
3339 1 233 203 293 153
3340 2 232
3341 1 283 33 250 307
3342 1 15 415 288 488 98
3343 1 70 381 445 327 247
3344 1 24 189 106 7 324
3345 2 198 244 132
3346 1 188 173 318
3347 1 232 277
3348 2 150 179 493
3349 1 241 221
3350 1 179 493 398 326
3351 1 192 73 51
3352 2 139 311 309
3353 1 315
3354 1 262 272 444 337 340
3355 2 3 434 262 443
3356 1 407 34
3357 2 140 124
3358 2 484 450 468
3359 2 419 363 199
3360 2 1 434 286 464 452
3361 1 469
3362 2 275
3363 2 268
3364 2 182
3365 2 431 168
3366 2 190 163
3367 2 276 170 452 26 166
3368 1 403 450
3369 2 38 147 278 35 242
3370 2 255 446 102 394
3371 1 83 125
3372 2 359 127 254 173
3373 1 64 424 109 358
3374 2 365 282 15 79 481
3375 1 456 378 202
3376 1 167 461
3377 1 390 375
3378 2 148 64 260 173 152
3379 1 278 350 75
3380 1 369
3381 1 286 369 33 346 430
3382 1 206 495 198 39 354
3383 1 136 382 416
3384 1 117 233
3385 1 159 168 284 132
3386 2 484 127 483
3387 1 390
3388 2 22 254 25 60
3389 2 215 128
3390 2 339 323
3391 2 165 61
3392 2 142 208
3393 2 253 394
3394 2 123 37 151 231 197
3395 2 40
3396 1 420 469
3397 1 11 167 257 133 164
3398 1 158
3399 2 64 445
3400 1 112 83 138 298 218
3401 1 136 88 100
3402 1 38 424 229
3403 1 279 310 423 478
3404 1 243 124 149 244
3405 1 304
3406 2 37 305 236
3407 1 140 489 483 469 120
3408 2 139 445 217 485
3409 1 339 152 430 486 334
3410 2 6
3411 2 405 101 109
3412 2 296
3413 1 219 388 334
3414 1 243
3415 2 92 149 354
3416 2 475 427 20
3417 2 165
3418 1 102 10 239 429 294
3419 2 94 354 200
3420 2 220 325 264 122
3421 2 359
3422 1 22 104 293 228
3423 1 156 346 8 3 221
3424 1 301
3425 2 14 134
3426 2 219
3427 1 179 127
3428 1 119
3429 1 301 64 282 4
3430 1 420 160 474
3431 2 94 166 261
3432 1 2
3433 1 123 437 225 234 82
3434 2 381 21 96 463 148
3435 1 375 96
3436 1 390
3437 1 126 93 72 406
3438 1 24 113 445 377 56
3439 1 62 467 3 114
3440 1 67 74 433
3441 2 461
3442 1 331 289
3443 1 401
3444 2 340
3445 1 404 73
3446 2 229 287 415 324
3447 1 141 377 290 69
3448 1 42 416 167
3449 1 93 378
3450 2 154
3451 2 327 181
3452 2 38 50
3453 1 81 345
3454 1 317
3455 1 109
3456 2 456 264 287 104
3457 1 111 150 375 32
3458 1 26 228 16
3459 1 228 414 453 456
3460 2 499 131 168 419 189
3461 1 88 105
3462 1 271 241
3463 2 206
3464 1 268 72 345
3465 2 10 431
3466 2 263 315 214 69 370
3467 2 71 296 77 7
3468 1 87 156 313 97 498
3469 1 26 344 393 206 10
3470 2 148 291 104 97
3471 1 273 233
3472 2 81
3473 1 459 69
3474 1 178 386 236
3475 1 309
3476 2 181
3477 1 154 484
3478 1 401 395 386
3479 1 257 32 68 141 132
3480 1 234
3481 2 86
3482 2 54 198
3483 2 160 236 230
3484 2 376 233 406 441 141
3485 1 13 296 463 29 417
3486 1 412 93 488 383
3487 2 454 73 294 486
3488 1 374 113
3489 1 34 136 348 488 69
3490 2 196 396 287
3491 1 78 163 286 276 389
3492 1 129 392 417
3493 2 226 42 87 194
3494 1 385 124 53 34 203
3495 2 72 116 344 305 234
3496 1 419 183 328
3497 2 391 89 74
3498 2 332 392 399 27
3499 2 440 77 46 190 356
3500 1 315
3501 2 140 25 500 249 322
3502 2 446 284 231 228
3503 2 443 437
3504 1 149 293 141 118 323
3505 1 21 281 473
3506 1 148 329 397
3507 2 55 158 45 251
3508 2 58 49 70 407 186
3509 2 130 100 288 457 299
3510 1 362 364 395 500
3511 2 183 277 442 43
3512 2 472 168
3513 1 314 25 414 319
3514 2 107 186 412 474
3515 2 137 92 200 441 459
3516 1 90 469 239
3517 2 148 437 287 151 128
3518 1 339 391 25 111 448
3519 2 355
3520 2 180
3521 1 352
3522 2 330 440 312
3523 1 40
3524 1 384
3525 2 216 54 117 135
3526 1 431 382 408 358 114
3527 2 193 1 389 446 26
3528 2 445 461 347 32 341
3529 1 36 35 63 75
3530 2 80
3531 1 153 375
3532 2 123 319 188 65
3533 2 465 37 61 478 462
3534 2 461 75 282 346 380
3535 1 425 77 143 14 219
3536 2 161 452 323 69
3537 2 411
3538 2 283 323 327
3539 1 186 253 375 23
3540 1 361 109 20 471
3541 2 103 235 349 259 202
3542 2 396 226 314 387
3543 1 303
3544 2 257
3545 2 6 8
3546 1 294 389 64 425
3547 1 291 419
3548 2 40 78 378 337
3549 2 213 71
3550 1 392 334 287 82 164
3551 1 127 85 275 228
3552 2 398 488 483
3553 2 155
3554 1 433 80
3555 1 43 148
3556 2 163 442
3557 2 122 192 77 222 369
3558 2 256 79 401
3559 2 195 493 346 52 14
3560 1 485 56
3561 1 414
3562 1 97 227
3563 2 184
3564 2 256 357 266 390
3565 2 440 81 398 163
3566 1 143
3567 1 378 237 275 408
3568 1 499 176 192 68
3569 1 395 169 95 207
3570 2 477 346
3571 1 80 312 185
3572 2 70 241 395 496
3573 2 205 103 71 385
3574 1 329 131 128 255 38
3575 1 107 413
3576 2 284 417 382 345
3577 2 111 209 380
3578 1 459
3579 1 133
3580 2 340 47
3581 2 10 175 8 193
3582 2 25
3583 1 144 53 146
3584 2 123 279 118 294
3585 2 293
3586 2 182 331 139 335 429
3587 2 78 339 338 313 210
3588 2 496 349 405 439 413
3589 1 398
3590 1 6 35 427
3591 1 69 295 332 145 151
3592 2 135 335 274 237
3593 2 281 270 431 79
3594 2 59 460 389 228
3595 2 132 163 424 317 3
3596 2 324 242 199 63
3597 1 487
3598 1 411 260 240
3599 1 400 13 499
3600 1 218 493
3601 2 180 235
3602 2 393 37
3603 1 231
3604 2 348 457 465
3605 2 176 274 365
3606 2 33 390 349 160 14
3607 1 57
3608 1 396 114 222 118 379
3609 2 276
3610 2 40 372 58 333
3611 1 145 75
3612 1 439 84 269 406
3613 2 67
3614 2 200 385 441
3615 1 179 182 296 494 387
3616 1 322 443
3617 1 447 313 49 428
3618 1 126 493 403 114
3619 2 95 299 9 391
3620 1 209 105 410 388 306
3621 2 410 446 402 326
3622 2 495 45 110 472
3623 2 424 451
3624 1 494 161 458 363 405
3625 2 214 498 435 467
3626 1 154 99 422 374
3627 2 41 31 64 93 14
3628 2 125
3629 2 190 174
3630 2 215
3631 2 135 7 26
3632 1 174
3633 2 235 207 281
3634 1 35
3635 1 26 335 66
3636 2 101 321 430 169
3637 2 22
3638 1 328 193
3639 2 263 387 446
3640 1 236 377 221
3641 2 103 475
3642 2 142 227
3643 2 374 193 117 360 121
3644 1 342 468 100
3645 1 377 343 290
3646 2 373 157 327 358
3647 2 217 430
3648 1 112 156
3649 1 263
3650 2 81 282
3651 1 235 348 335 301
3652 2 314 459 122
3653 1 375 93 228 322 492
3654 1 26
3655 1 187 28 480 195
3656 2 324
3657 1 27 403 159 392
3658 2 67 495
3659 1 443 213 79 199
3660 2 115 482 322 470
3661 2 177 356 110
3662 2 254 395 464
3663 1 35
3664 1 312 191 471
3665 2 403 467 493
3666 2 17 46 202 91
3667 2 183 352
3668 1 265
3669 1 186 19 213 253
3670 1 460 248 480
3671 2 305 170
3672 1 323 245 89 481 442
3673 2 251 155 159 176
3674 1 55 179 238 406
3675 1 226 133 475
3676 2 380 413
3677 2 159 497
3678 2 341
3679 2 313 465 205 90
3680 1 72
3681 2 220 246 260 364 396
3682 1 143 2
3683 2 65 446 41 400
3684 1 289 9 187 491 192
3685 1 25
3686 2 202 111 126 78 259
3687 1 224 387
3688 2 318 290 321 248 17
3689 2 118 395
3690 2 30 194 90 137
3691 2 443 38 170 379
3692 2 347
3693 1 413
3694 1 500 452 288 61
3695 1 386 14 284 299
3696 2 97 21 194 65
3697 1 137
3698 1 442 427 24 117
3699 2 59
3700 1 290
3701 1 290 207 313
3702 1 326 72 158
3703 1 207 320 411
3704 1 418 97 61
3705 1 42 351 470 124
3706 2 91 331 212 190 134
3707 1 52 468
3708 1 443 374 433 53 346
3709 2 498 483 119
3710 2 482 112
3711 1 274 216
3712 2 221
3713 2 28 210 72 156 116
3714 1 136 331 102 249 48
3715 2 357 460 114 498 66
3716 2 175 101 156 173
3717 2 220 497 148 286
3718 1 46 65
3719 1 370 193 93 46
3720 2 185
3721 2 391 226 173 238
3722 2 120 43 18 176
3723 1 346 263 51 191 32
3724 1 243 244 230
3725 2 373 258 350 177 289
3726 2 101 56 39
3727 2 206 315 87 387
3728 1 243
3729 1 47 350 91 482 264
3730 1 219
3731 1 260 86 13 306 249
3732 1 241
3733 2 12 310 20 362 3
3734 1 291
3735 1 57 180 246
3736 1 493 324 53
3737 2 176 77 381 439 252
3738 2 375
3739 2 337 227 27
3740 2 161
3741 1 366
3742 2 425 170
3743 1 5
3744 2 129 99 10
3745 1 61 391 223
3746 1 195 173
3747 2 193
3748 2 452 308 284 5 161
3749 1 352 447
3750 1 217 462 182 73
3751 1 27 306 3 127 401
3752 2 59 44
3753 2 20 300 154 305
3754 1 412
3755 2 359
3756 2 95 396
3757 2 238 500
3758 2 282 142 83
3759 1 63 44 243 431 460
3760 1 408 396 418 75
3761 1 80 147
3762 1 82 42 69
3763 1 327 300 72
3764 2 251 295 116
3765 2 216 125 240
3766 2 28
3767 2 9 486
3768 2 219
3769 1 286 353
3770 2 367 187 400
3771 2 3 74 380
3772 2 193 35
3773 1 416
3774 2 464 241 58 35
3775 1 273 262 486 398
3776 1 11
3777 1 464 499 54 210
3778 1 311 86 473
3779 2 272 175 447 78
3780 2 91 234 233 73 183
3781 1 83 364 75 391
3782 1 27 295 324 203 223
3783 2 120 6
3784 1 332 237 7 198
3785 1 126 431 212
3786 2 38 444 67 165 137
3787 1 144 267 455
3788 2 375 412
3789 2 447 11 355 126 271
3790 1 357 52 396
3791 1 329
3792 1 166 468 115 400
3793 2 406 369 378
3794 1 462 182
3795 1 357
3796 1 339 165 271
3797 2 386 111
3798 1 138 123 394
3799 2 145
3800 2 55
3801 1 17 473 224
3802 2 333 334 315 446 500
3803 2 196 454
3804 2 200 161 162 123
3805 1 236 58 234
3806 2 375 180 85 480 215
3807 2 66
3808 1 262 130
3809 2 442
3810 1 360 18 353 266 258
3811 2 289 169
3812 1 452 247 244 354 470
3813 1 164 412 189 462 12
3814 1 403 420 483 285
3815 1 382 242
3816 2 170 105
3817 1 232 234 330 340
3818 1 193 375 144
3819 1 444 377
3820 1 288 471 419 451 80
3821 1 46 271 72
3822 1 214 455 378 364 126
3823 2 456
3824 2 117 245 72 1 127
3825 2 368
3826 2 158 75
3827 1 60 121 282 458 143
3828 2 57 269 208
3829 1 298 20 127 258 437
3830 1 331 254 58
3831 2 229 365 18 297 80
3832 2 450 186 133 286 280
3833 1 214 464 174 381 163
3834 1 342 174
3835 2 403
3836 2 352 313
3837 2 340 107 144 52 124
3838 2 169 233 369
3839 1 451
3840 1 411 327 268 251
3841 2 303 115
3842 1 318 450 61 210
3843 1 44 87 474 450 287
3844 1 11 31 445
3845 2 234 334
3846 2 396 321 446
3847 2 393
3848 1 474 486 455 331
3849 1 12 383 330 379
3850 2 264 157 153 186
3851 2 32
3852 1 32 330
3853 2 379 259 143
3854 1 402
3855 1 209 267 384 383 171
3856 1 424 72 367 438 13
3857 2 327 253 328 365
3858 1 280 323 1 221
3859 2 259 368 424 331 6
3860 1 171 500
3861 2 387 31 324 292
3862 1 59 414 82
3863 2 227 143 115 454
3864 1 81 439 158 259
3865 1 82
3866 1 269 337 407 106 419
3867 2 99 381
3868 2 245 197 26 99 139
3869 2 2 302
3870 1 143
3871 1 82 310 200 384
3872 1 356 67
3873 2 331
3874 2 265
3875 2 492
3876 2 251 68 335 21 61
3877 1 39
3878 1 454 148
3879 1 252 113 111 193
3880 2 280 238
3881 2 412 35
3882 2 201 419 284 168
3883 2 474 194 421 37
3884 2 56
3885 1 480 367 402
3886 1 314 447 415
3887 2 281 494 173 210 337
3888 1 298 403 149
3889 1 181 189 69 92 465
3890 2 229 322 23 390 12
3891 1 24 362 402
3892 1 381 21 246 133 118
3893 2 192 379 365 316 202
3894 1 158 246 442 247
3895 1 151 473 317 82 486
3896 2 297 44 116
3897 2 267 152 447
3898 1 287
3899 2 446 301 234 376
3900 2 378 101 78 346
3901 1 81 438 114
3902 2 352 423
3903 2 144
3904 1 116 37 92
3905 2 55
3906 1 303 66
3907 2 181 62
3908 1 287 258 21
3909 2 428
3910 2 54 81 384 195
3911 1 130 79 468 370
3912 1 34 186 478 4 288
3913 2 178 340 156 484 125
3914 2 147 437
3915 2 256
3916 1 328 208 48 317 479
3917 1 125 434
3918 1 435
3919 2 6 79 211 182 42
3920 1 392 176 341
3921 2 255 2 4
3922 1 88
3923 1 250 138 236
3924 2 54 78 266
3925 2 409 153 113 439
3926 1 151 460 187 306 358
3927 2 49 23 336
3928 2 172 423
3929 1 162 274 51
3930 1 196 210 30 89 335
3931 2 257 67
3932 2 500 155 33 150
3933 1 94 124 13 433 286
3934 1 449 11 453 330 59
3935 1 435 371 225 419 175
3936 2 337 210 221 259
3937 1 288 202
3938 1 79 315 73
3939 2 398 318 62
3940 1 82 440 117 416 104
3941 2 11 162
3942 2 151 121
3943 2 448 49 48
3944 2 182 257 325
3945 1 373 34 198
3946 1 357 390 342 33
3947 1 353
3948 1 486
3949 2 441 357
3950 1 313 332 94
3951 1 399 166 370 148 256
3952 2 302 109 254 474
3953 1 136
3954 2 453 132
3955 1 271 451 274
3956 1 295 55 372 88
3957 1 29 395 404 263
3958 2 472 285 223
3959 1 498 335 469
3960 1 212 170 385 105 169
3961 1 380 203 364 307
3962 1 452 318 38 54 96
3963 2 360
3964 1 289 180 391 357
3965 1 466 244
3966 2 195 336 109 338 248
3967 2 226 343 125 170 40
3968 1 246 371 294
3969 1 178 24 378 90 364
3970 2 41 72 383
3971 1 281 42 446 459
3972 1 165 206
3973 1 276 180 316
3974 2 492 373 124
3975 1 141 357 202 406
3976 1 327 403 166
3977 2 9 221 188
3978 1 429 2
3979 2 331 43 462 16 24
3980 1 194 62 385 475
3981 1 294 431 440
3982 1 320 438
3983 1 415 355
3984 2 462 122 71 79 250
3985 1 257 110 94 315 357
3986 1 421 230 330 229
3987 1 412
3988 2 365 48 323
3989 2 40 324
3990 1 328 314 195 499
3991 2 215 304 257 205
3992 1 4 262 281 189
3993 1 1 358 61
3994 2 265 358 3 387 56
3995 2 279 240 51
3996 2 339
3997 1 59 128 85 253 15
3998 2 325 135 51 124 341
3999 1 326
4000 2 62 149 8
4001 1 409 115 318 131 236
4002 2 277 90 111 30 120
4003 2 195
4004 1 304 142 78
4005 1 195 425 357
4006 2 321 104
4007 1 27 323 223 111
4008 2 479 124
4009 2 118 450
4010 2 117 168 170 234 342
4011 2 428 28 342 288 46
4012 1 97
4013 2 50
4014 2 279 335
4015 1 49
4016 2 427 329 75 115
4017 1 52 328 155 142 229
4018 2 284 315 161
4019 2 466 124 324
4020 2 350 310 308 109
4021 1 371 407 90
4022 2 151 204 17 108 201
4023 2 77 374
4024 2 328
4025 1 395 452
4026 2 56 277 339 183
4027 2 458 235 284 449
4028 1 228 52 260 171 468
4029 1 213
4030 2 67
4031 1 101
4032 1 495
4033 2 428 98 307 391 54
4034 1 198 138 439
4035 1 261 61 32
4036 1 39 206
4037 1 286 390 365 189 483
4038 1 16 78 440 107 365
4039 1 418 8
4040 1 399 498 81
4041 2 389 153 247
4042 1 483
4043 1 242 248 438 386 478
4044 2 367 11 482 51 385
4045 2 29
4046 1 215 68 457 58 407
4047 1 303 132 66 117 87
4048 1 387 488
4049 1 411 54 441 42 365
4050 1 390 84 86
4051 1 260 162 196
4052 2 326 59 91 109
4053 1 437 80 167
4054 1 249
4055 2 301 356
4056 2 231 411
4057 1 217 40
4058 1 42 145 372
4059 2 498 342 388
4060 1 360 394 12 23
4061 1 442
4062 2 109 58 466 479 173
4063 1 460 474 162 163 246
4064 1 429 7 257 201 460
4065 2 266 362 195 93 232
4066 2 429
4067 2 289 313 252
4068 2 43 300 479 193
4069 1 123 489 82 429
4070 1 76
4071 2 165
4072 2 65
4073 2 108 392 411
4074 2 256 52
4075 2 161 439 290
4076 1 415 129 189
4077 2 227 173 331
4078 2 384 128 78
4079 1 200 302 157 288 359
4080 2 171 427 159 183
4081 2 491
4082 2 473 257 263 402
4083 2 459 107 401
4084 2 426 146
4085 1 149 69 283 375
4086 1 95 165 76
4087 1 60 415 135 212
4088 1 87 374 242 76 148
4089 1 111 98 69 448 185
4090 1 267 390 136
4091 1 426 411 10 392
4092 1 455
4093 2 74 116 459 423
4094 2 131 177 9 335
4095 1 405 88 382 270 300
4096 1 404 204 354
4097 2 441 385 487 161 387
4098 2 113 98
4099 2 500 173 302 4
4100 2 118 487
4101 2 492 194
4102 2 61 346 23
4103 1 345 479 255 79
4104 2 302 86
4105 1 498 340 96 332 77
4106 2 6 11 34
4107 2 413 289
4108 2 312 287 426 446
4109 2 413 19 215 98
4110 1 477 38
4111 1 84 245 325
4112 1 448 139
4113 1 267 418 93 339 137
4114 2 55 14 130
4115 1 161
4116 2 257 189
4117 2 118 124 319
4118 1 379 56 314 273
4119 2 405
4120 1 197
4121 1 466
4122 1 350 52 42
4123 1 480 154 460 17 409
4124 2 439
4125 2 267 195 415 422 434
4126 2 470 499
4127 1 156 301 195 321 401
4128 2 172 331 291
4129 2 47 467 374
4130 2 70
4131 2 403 376 190
4132 2 222 175 3 349 63
4133 1 459 283
4134 1 476 150 356 218 246
4135 2 65 334 196 407 482
4136 1 65 352 100 498 171
4137 2 282 451 74 52 272
4138 1 472 303 231 271 477
4139 1 344
4140 1 407 338
4141 1 48 303 232 405
4142 2 171 367 448
4143 2 233 7 23 125 436
4144 2 392
4145 1 129 17 422
4146 1 216 466 243 217 91
4147 2 89
4148 1 205
4149 1 49 383 352 182
4150 1 252 438 240
4151 1 18 377
4152 2 249 11 434
4153 2 39 332 103 263
4154 1 305 151 95
4155 2 208
4156 1 139
4157 2 472 269
4158 2 403 238 31 21 452
4159 1 498 356
4160 1 76 61
4161 1 331
4162 2 154 8 175 500 63
4163 1 308 227 346
4164 2 35 38 251 450
4165 2 304 14 361
4166 1 65 264 303
4167 1 284 251
4168 2 53
4169 2 366 69
4170 1 363 350 189 452 294
4171 2 215 451 253 201 308
4172 1 451
4173 1 499 321
4174 1 82 53 85
4175 2 271 334 311 139 280
4176 2 469 18 380
4177 1 337 113
4178 1 294 227 35 408
4179 2 259 44
4180 2 246 459 31 100
4181 2 60 64 7
4182 2 246 405 261 162 244
4183 2 462 482 243 427 6
4184 2 284 399 232
4185 2 106 112
4186 1 483
4187 2 324 332 247
4188 1 81
4189 1 32 495 351 411 260
4190 1 121 298
4191 1 430 248
4192 1 8 340 276 46 404
4193 2 419
4194 1 281 186 396 287
4195 2 251 131 273 60
4196 1 172 209 285 106
4197 2 336
4198 2 120 482 322 380
4199 2 288 31 235 191 237
4200 1 170
4201 2 206 233 415 92 417
4202 2 248 166 40
4203 2 58
4204 1 341
4205 2 324 336 485 84
4206 1 362 304 392
4207 2 160 486 435
4208 1 444 368 412 77 20
4209 2 356
4210 1 343
4211 2 345 236 385 363 443
4212 2 477 474 355
4213 1 46 168 64 411
4214 1 119 157 188
4215 1 124
4216 1 203 397 197
4217 1 289 135
4218 1 481
4219 1 85 43
4220 2 283 124 150
4221 1 335 315 411
4222 1 428
4223 2 60 339 488 405 229
4224 1 230 427 458 20 313
4225 1 163
4226 1 89 311 384 81
4227 2 224 99 245
4228 1 458 345 126 427 378
4229 2 156 473 408
4230 2 86 261 473 176
4231 2 10 247 179 281
4232 2 443 340
4233 2 91
4234 1 262
4235 2 362
4236 1 241
4237 1 58 216
4238 1 187 87
4239 2 82 136
4240 2 312
4241 2 292 335 300 73 331
4242 2 1
4243 1 17 443 244 489 80
4244 1 39 176 15
4245 1 301 216 457 125 200
4246 1 454 210 174 322 248
4247 1 489 445 454 243 316
4248 2 238 392 163
4249 2 469
4250 1 238 37
4251 1 180
4252 1 283 160 185
4253 2 195
4254 1 23 172 81 361
4255 1 415 345 424 76 52
4256 2 36 266
4257 2 71 295 299 410 422
4258 2 97
4259 1 383 425
4260 1 49 118 455
4261 2 152 129 493
4262 2 348 469 323 238
4263 2 60 46 468 463 215
4264 2 436
4265 1 329 215 199
4266 2 323 64 273 446
4267 1 275
4268 2 197 128 279
4269 2 236 167 43 252 73
4270 1 450 182 258 470 273
4271 1 382 253
4272 1 104 330 90 42 166
4273 2 236 482
4274 1 269
4275 2 436
4276 1 380
4277 2 277
4278 2 487 165 5 28
4279 2 194 255 309 316
4280 2 431
4281 1 486 307 157 267 226
4282 1 362 483 439
4283 2 29 252 128 363
4284 1 112 41 173 139
4285 2 431 129 302 412 345
4286 1 310 20
4287 1 51 379 460 264 58
4288 2 401 67 151 491
4289 2 473
4290 2 402 128 109 21 3
4291 2 267 459 49
4292 2 489 399 273 306 172
4293 1 190 443 428 373
4294 1 429
4295 1 311
4296 2 337
4297 2 276 289 456
4298 2 324 10 363 259 317
4299 2 187 247
4300 1 426 121 382
4301 2 57 17 58 223
4302 2 264 217 245 208 434
4303 1 397 332 497 47
4304 1 405 8 208 498 172
4305 1 232 246 473 470
4306 1 328 230
4307 1 447
4308 1 298 392 491 112 328
4309 1 331 34 473 397 250
4310 1 341 181
4311 1 275 62 129
4312 1 285 317 148 259
4313 2 366 169 163 305
4314 1 219 175 122 58 459
4315 2 156 245 209
4316 2 333 234 126 161 379
4317 2 153 388 344
4318 2 42 407 73
4319 1 148 152 1 490
4320 1 481 217 323 194
4321 2 460 170
4322 1 258 148
4323 1 338
4324 1 470 436 378 70
4325 2 340 270 93 99 157
4326 2 344 475 193
4327 2 361 165 431 454 220
4328 2 463
4329 1 434 449 460 276 500
4330 1 403 387 406
4331 2 475 198
4332 1 304 268 78
4333 1 4 149 300 179 127
4334 1 219 206 386
4335 2 133
4336 2 66
4337 2 44
4338 1 338 277
4339 1 209 42 142
4340 1 168 63 213
4341 2 322 70 110 257
4342 1 278 366 480
4343 1 250 399 217 258 499
4344 2 247
4345 1 436 444 260 235
4346 1 260
4347 2 458 25 63 455 302
4348 2 36 357 171 385 154
4349 2 430 144
4350 2 262 122 303 218
4351 1 457
4352 1 358 97 169 302 231
4353 1 434 317 61
4354 2 131
4355 1 245 352 341 23 313
4356 1 397 363 134 370 55
4357 1 129 29
4358 1 393 26 167 337
4359 2 88
4360 2 479 109 445 481 370
4361 1 134 99
4362 2 459
4363 2 83 394
4364 1 11 53
4365 1 338 227 142
4366 1 467 256 160 468 158
4367 1 359 201 436 79 64
4368 2 274 264 8 346 314
4369 2 202
4370 1 171
4371 1 88 282
4372 2 460
4373 1 296 477
4374 2 420 306
4375 1 407 56 289
4376 2 380 28
4377 1 153 438
4378 2 451 310
4379 1 109
4380 2 439 280 319 189
4381 2 99 304 227 129 36
4382 1 168 484 52 257 447
4383 1 206 289 385 102 451
4384 1 53 357
4385 1 177 436 201
4386 2 325 465 289 81 199
4387 1 272 347
4388 1 206 421 480 86 307
4389 2 385 461 60
4390 2 353 227 87 197 384
4391 1 398 348
4392 2 269 141
4393 2 6
4394 2 210 231 343
4395 1 157 456 434 261
4396 2 257 194 421 230
4397 2 2
4398 1 258
4399 2 471 75 205 290
4400 1 429 95 436 494
4401 1 471
4402 2 287 39 270 350 337
4403 1 438 326 411 480
4404 1 497 266 46 300 468
4405 1 429 330 460
4406 1 261
4407 2 69
4408 1 257 89
4409 2 15 318
4410 2 50 239 448
4411 1 111 29
4412 2 132
4413 1 104 17 45
4414 2 428 157 124 232 14
4415 2 107 137 38
4416 2 247
4417 2 194 403 206 439
4418 1 411 456 45
4419 2 180 450 350
4420 1 415 81
4421 2 298 408
4422 2 387 358 106 403 86
4423 2 166 334 437 444
4424 1 417 41 179 445 267
4425 1 166 10 347 236 19
4426 2 20
4427 1 141 430 119
4428 2 25
4429 2 466 363 320 275 8
4430 2 246 143 49 90
4431 1 136 95 73
4432 2 247 239 109
4433 1 203 55 279
4434 1 7 148 27 494 220
4435 1 305 478 121 308 222
4436 2 488 6 466 162
4437 1 397 48 60
4438 2 349 95 261 352 161
4439 1 140 131 265 419 285
4440 1 133 400 386
4441 1 231 198
4442 1 215 112 362 40 455
4443 1 472 227 216 307 332
4444 2 217
4445 2 449 401
4446 1 195 339 160
4447 2 489
4448 2 247
4449 1 25
4450 2 370 259 252 481
4451 1 490 433 455
4452 1 38 425
4453 1 338
4454 2 5 57 26 403 307
4455 1 127 476 21
4456 2 74 185
4457 1 24
4458 2 281 331 329 56 57
4459 1 297 48 395 122
4460 1 264 486 26
4461 2 299
4462 1 201 158 291 226
4463 1 265 176 317 23
4464 2 466
4465 1 269 450
4466 1 415
4467 2 105
4468 2 277 493
4469 2 409 346 426 350
4470 1 423 77 341
4471 2 173 215 129 299
4472 2 362 8 272 228 312
4473 2 159 7 389 148
4474 2 85 344 347
4475 2 266
4476 1 496 45 223 72
4477 2 329 174 367
4478 2 167 343 401
4479 1 42
4480 1 147 342 2 286
4481 1 215
4482 2 456 474
4483 1 424
4484 1 457 421 197
4485 1 73 472 174 83 276
4486 2 384 173 11 49
4487 2 171 391 163 399
4488 2 498 35 243 99 407
4489 1 272 35 464 106 301
4490 2 439 154
4491 1 222 71 62 393
4492 1 75 44
4493 1 376 99 283 450
4494 1 210 461 23 173
4495 1 192 211 279 282 42
4496 2 478
4497 1 458 263 303
4498 1 362 397 110 239
4499 2 324 5 306 401 330
4500 2 11 65 199 23 48
4501 1 182
4502 2 63 298 432
4503 1 157
4504 1 190 276
4505 1 98 484 363
4506 1 38
4507 2 356 42 118 339
4508 2 472 236 202 148 63
4509 1 277
4510 2 318 185 113 13
4511 2 426 457 298 445 320
4512 2 328
4513 1 327 98 431
4514 2 103 329 261
4515 1 120 165
4516 2 500 269
4517 1 280 262 440 32
4518 2 360 412
4519 1 65 352 336 44
4520 2 484 121 408 474
4521 2 372 264 233 15
4522 1 193
4523 2 89 435
4524 2 492 66 376
4525 2 393 337 34 178 235
4526 2 322 107
4527 2 325 142 228 326
4528 2 56 200
4529 2 154 440 133 195
4530 1 435 482 336 59
4531 2 413 379 399
4532 1 244 259
4533 1 288 53
4534 1 20 329 123 332 105
4535 1 437 166 12
4536 2 263 366 101 245
4537 1 420 224 369 45
4538 2 288 401 117
4539 2 108 196 491 219
4540 1 354 158 44
4541 2 29 181 13 411
4542 1 145 410
4543 1 343 379
4544 1 170
4545 2 142 148 101 254
4546 2 226 370 486
4547 2 408 16
4548 2 487 39 76 4 213
4549 2 432
4550 1 342 132 313 52 82
4551 1 334 128
4552 2 404 494 349
4553 1 5 427 282 216
4554 1 78 487
4555 2 479 497 293 148 312
4556 1 495 292 225 34
4557 2 5 92 252 201 469
4558 1 410 239 6 8
4559 1 335
4560 2 176 98 366
4561 2 118 66 270
4562 1 305 281 233
4563 1 414 107 216 246
4564 1 35 109 494
4565 2 31 240
4566 1 409 191 89 442
4567 2 128 171
4568 1 426
4569 2 274 497 299 286 366
4570 2 31 230 116
4571 2 475 378 104 485
4572 1 147
4573 1 38 303 498
4574 2 277 68 283 378
4575 1 100 322
4576 2 484
4577 1 334 279 425
4578 1 299 192
4579 1 191 238
4580 1 224
4581 2 345
4582 2 477 302 124
4583 1 437
4584 2 232 116 210 489
4585 1 405 171 452
4586 1 479 310
4587 1 86 143 426 284 88
4588 1 486 453 455 30 367
4589 2 161 354 330
4590 1 372 367 383 187 439
4591 1 6 341 271 156 124
4592 1 394 311 373 499
4593 1 233 167
4594 2 232 278 310
4595 1 306 456 404 407 231
4596 2 78 54 354
4597 2 469 415 444 184
4598 1 460 98
4599 1 155 219 272 416 456
4600 2 336 445 360 247
4601 1 134 172
4602 2 329 305 472 247
4603 2 269 211
4604 1 208 330
4605 2 283 297 463 478 188
4606 2 145 122 172 251 322
4607 2 77
4608 2 199 165 293 42 447
4609 2 364 372 381 250 218
4610 2 25 498 107
4611 2 224 152 49 317
4612 2 371 58 81
4613 1 272 365 45 92
4614 2 177 484 155 493 116
4615 2 102 145 34
4616 1 468 494 143 36
4617 2 479 113
4618 1 370 342 387 325 371
4619 2 430 139 294
4620 2 297 497 293
4621 2 223 488 243 453 152
4622 1 324
4623 1 160
4624 2 99 13 144
4625 1 4 357 124 214 449
4626 1 301 158 208
4627 1 368 270 444
4628 2 134 469 433
4629 2 242 315
4630 1 222 154 376 177 69
4631 1 470
4632 2 255 489
4633 2 243 313 54 257
4634 1 162 404 216 147
4635 2 374 386
4636 2 348 339
4637 2 172 411 441 379 36
4638 1 27 345 102 2 419
4639 2 135 260 137
4640 1 83
4641 1 355 21 352
4642 2 174 41 75
4643 2 217 303 300 161 485
4644 2 287
4645 1 349 499
4646 1 264 112
4647 2 240
4648 2 316 100 429 431
4649 1 160 54 375 344
4650 1 464 77 421 114 169
4651 2 131 361 224 306 351
4652 1 70
4653 2 442 429
4654 1 473 286 349 261
4655 1 106 169 217 432
4656 1 263 391
4657 2 147 158 299 291
4658 2 101
4659 2 89
4660 2 116 106
4661 2 177 328 472 161
4662 2 171 449 127 474 342
4663 2 285 240 28 225
4664 2 498 475
4665 2 485
4666 2 150 71 115 455 249
4667 1 491 69 203
4668 1 81 86 344 90 309
4669 1 445
4670 2 44 409
4671 2 350 445
4672 1 367 52 497 361 325
4673 2 54 480 69 242 123
4674 1 162 25 359
4675 1 322 500 189 393 4
4676 2 51
4677 1 359 464 392 57
4678 2 64 277
4679 1 341 155
4680 2 331 479
4681 1 15 235
4682 1 281 396 397 372 195
4683 2 308 43 488 21 36
4684 1 37 240
4685 2 95 105
4686 2 468 147 84 259
4687 1 257
4688 2 61 12 224
4689 2 293 341 432
4690 2 456 197 275 362 308
4691 2 287 442 277 242
4692 2 404
4693 2 443 81 286
4694 1 330 228 46
4695 2 205
4696 1 106 136 282 30
4697 2 183 195 160 293
4698 2 164
4699 1 306 58 186 465
4700 1 363 459 164 44 174
4701 1 412 254
4702 1 65
4703 1 292 402 211 300
4704 2 262 300 54
4705 1 345 267
4706 1 416 384 200 473
4707 1 221 261 361 172 388
4708 1 50
4709 1 159 171
4710 1 13 401 321 298 136
4711 1 450 116 331 61
4712 1 184 105 332 246
4713 2 222 404 483
4714 1 120
4715 1 481
4716 1 279 366
4717 1 239
4718 1 112
4719 1 335 15 247 481 39
4720 2 255 97 188
4721 2 46 127 93
4722 1 51 139 174 497
4723 1 207 73
4724 2 229 455
4725 2 119 56 248
4726 1 18 42 380
4727 1 484
4728 2 27 215
4729 1 129 146 480
4730 1 441 156 337 144 384
4731 2 143 200 173
4732 2 342 135 156 40 333
4733 2 361 445 369
4734 2 291 68
4735 2 441 452 474 391
4736 1 387 483 472 485
4737 1 162
4738 1 320
4739 1 187 39 228
4740 1 2 308 428 404
4741 2 456
4742 1 110 195 349
4743 1 334 13
4744 2 138
4745 1 369 421 452 53 351
4746 1 97 111
4747 2 6
4748 2 105 442 227
4749 1 263
4750 2 341 146 437
4751 2 28 67 12 41 222
4752 2 314 442
4753 2 278
4754 2 388 154 301
4755 2 436 125
4756 1 85 307 201 424
4757 2 212 454 150 243 39
4758 1 179 372 331 211 72
4759 2 340 147 372 215
4760 2 23
4761 1 283
4762 1 92
4763 2 379 202 340 231
4764 2 4 321
4765 2 168 354
4766 2 491 464
4767 1 479 370
4768 2 124 322
4769 2 328 355 6
4770 1 303 340
4771 1 91
4772 1 416
4773 2 109 465
4774 1 194 388 327
4775 1 285 14 88 213
4776 1 155 170
4777 1 313
4778 2 184 241 193
4779 1 373 366 305 128 288
4780 1 412
4781 1 343 273 126 114 421
4782 1 186 254 384
4783 1 271 176
4784 2 410 119
4785 2 36
4786 1 51 26 56 170 387
4787 2 260 225 387
4788 2 102 362 444 100 209
4789 2 431 287 120 176 430
4790 2 225 366 27
4791 1 65
4792 2 316 22 377 351
4793 1 445 439 403 289 272
4794 1 68
4795 1 85
4796 2 416 490
4797 1 500 346
4798 2 19
4799 1 118 481 98 471 389
4800 2 398
4801 1 224 343 274 61 149
4802 2 317 434 119 171
4803 1 430 153
4804 1 142 182
4805 1 379 126
4806 1 211
4807 1 151
4808 1 24
4809 1 429 301
4810 2 318 58 29 270 63
4811 1 488
4812 2 292 245 65 120 151
4813 1 132 404 249
4814 2 83 194 123
4815 1 166 383
4816 1 2 326 383 429 320
4817 2 331
4818 1 458 231 291
4819 2 282 132 115 430
4820 2 117 448 421
4821 1 292 345 495 10 476
4822 1 128 426 154 495 140
4823 2 302 211 170 445 400
4824 2 452
4825 1 31 309 441 423
4826 2 63
4827 1 49 357
4828 2 392 256 8 55
4829 1 41
4830 2 379 451
4831 1 264 425 119
4832 1 5 478 21 426 178
4833 1 32
4834 1 2 29 426
4835 2 262 131 409 326 376
4836 2 401 61 310 142
4837 1 242 202 352 253
4838 1 85 253 105 436
4839 1 195 130 361
4840 1 347 420
4841 2 207 23 163 10 160
4842 2 496
4843 1 49 175 21
4844 1 221 239 471
4845 1 87 39 237 200
4846 2 159 149 114
4847 1 2 6 499
4848 1 8 103 52 108
4849 1 352 373 47 155
4850 1 364 241 288 229
4851 1 80 458 347
4852 2 97 499 198 14 468
4853 2 463 425
4854 2 281 310 477 492
4855 2 465 231 90
4856 1 27
4857 2 407 363 255
4858 1 482 277 409 222
4859 2 370 380 480 125
4860 2 72
4861 1 408 455 276
4862 1 301 113
4863 1 290
4864 2 337 489
4865 1 33 476 239
4866 2 146
4867 1 362 2 38 314
4868 2 29 96 438 377
4869 1 452
4870 2 109 389
4871 2 462 81 222
4872 2 32 293 268
4873 2 315 51
4874 2 481 433 159 19
4875 1 212 30 31 325
4876 2 114 450 409
4877 1 246 393
4878 1 272
4879 2 225
4880 1 38
4881 1 82 118 129 343
4882 1 105
4883 1 10 42 33 243 322
4884 1 219 29 276 472
4885 2 236
4886 1 381 56 140 369 428
4887 1 346
4888 1 107 155 335 60 446
4889 1 456
4890 1 429 239 257
4891 2 168
4892 2 471 201 423 146
4893 1 460 352 479
4894 2 94
4895 1 250 421
4896 2 335
4897 1 406 129 291 201
4898 1 160 225 233 394
4899 1 306 370 46
4900 1 97
4901 2 150
4902 2 66 361 218
4903 1 146 82 88
4904 2 489
4905 2 148 356
4906 1 19 141 296
4907 2 371 136
4908 2 201
4909 1 46
4910 2 495 313 407
4911 1 456
4912 1 70 143 8 302
4913 2 62 218 331
4914 2 336
4915 2 470
4916 2 30 77 151
4917 2 419 57 173
4918 2 242
4919 2 55 78 390 154 356
4920 1 144 234
4921 1 451
4922 2 7
4923 1 84 290
4924 1 120 352 47 341
4925 1 438 386
4926 2 473 404 306
4927 1 321
4928 1 56 61 16
4929 1 252
4930 1 117 185 109 478
4931 2 170 452 362 268
4932 1 487 256
4933 2 136 14
4934 1 168 220
4935 1 234
4936 1 246 389 420 130 177
4937 2 384 232 34
4938 1 308 295 360 353 480
4939 2 53 7 217 408
4940 2 100 229 436 487
4941 2 166
4942 2 269
4943 2 192 311 354 255 122
4944 2 33 135 27
4945 1 463 83 174 14
4946 1 18
4947 2 417 143 40 286
4948 2 291 17 340 492
4949 1 211 113 412
4950 1 110 331 37 483 172
4951 1 169 470
4952 1 206
4953 2 421 219 345 106
4954 2 82 80 465 109 242
4955 1 51 177 263 292 498
4956 2 337
4957 2 120 118 12 200
4958 2 162 206 338 227 231
4959 1 339 179 138
4960 1 67 430 356
4961 2 80 463 389
4962 1 419 129 177 8
4963 1 275 247 84 226
4964 1 457 343
4965 1 299
4966 2 207 246 193
4967 2 243 266 157
4968 2 42 408 448
4969 1 347 282 54
4970 2 26 90 291
4971 1 277 77 80 64 44
4972 2 210 185 102
4973 1 131 336 42 67 187
4974 1 339
4975 1 302 44 214 141
4976 2 298
4977 1 41
4978 2 367 159
4979 2 209
4980 1 61 45
4981 2 240
4982 1 278 204 457 317
4983 1 305 162 208
4984 2 301 235 493 18
4985 1 434 499 121 104 342
4986 1 87 48 4
4987 2 238 30 375 423
4988 1 308 142 264 498
4989 2 359 19 165
4990 1 418 55 209 468 240
4991 2 387 438 268
4992 1 31 484 448
4993 2 146
4994 1 332 120 393
4995 1 77 257 393 325 365
4996 1 140 59 274 457
4997 1 10 109 11 49 364
4998 2 5 9 350 423
4999 2 409 419
5000 2 269
