101 2
1 1 359
2 2 426
3 2 895
4 2 300
5 1 50
6 2 51
7 2 20
8 1 236
9 2 127
10 2 927
11 1 111
12 1 867
13 1 106
14 2 218
15 1 609
16 2 963
17 2 850
18 2 573
19 1 145
20 1 960
21 1 459
22 1 950
23 1 405
24 1 63
25 1 377
26 2 747
27 1 235
28 1 777
29 1 671
30 2 939
31 1 752
32 1 987
33 1 60
34 2 498
35 2 350
36 2 628
37 1 617
38 1 262
39 1 543
40 1 909
41 2 240
42 1 985
43 2 627
44 1 117
45 1 851
46 1 440
47 2 344
48 2 890
49 1 327
50 2 853
51 2 423
52 1 270
53 1 393
54 2 43
55 1 465
56 1 450
57 2 698
58 1 429
59 2 332
60 1 304
61 2 359
62 1 181
63 1 503
64 2 916
65 2 66
66 2 51
67 1 865
68 1 770
69 1 576
70 2 349
71 1 684
72 2 372
73 1 415
74 2 959
75 2 293
76 1 269
77 1 441
78 2 944
79 2 540
80 2 499
81 2 908
82 1 621
83 2 832
84 1 835
85 1 373
86 2 904
87 1 696
88 2 677
89 2 587
90 1 371
91 1 15
92 1 159
93 2 622
94 1 487
95 2 884
96 2 574
97 1 836
98 2 752
99 1 389
100 2 809
101 1 535
1 382 86
2 405 91
1 1 34
2 1 33 70 16
3 1 57
4 1 2
5 2 100 7 101 77
6 2 72
7 2 48 57
8 1 89 88 7 44
9 2 70 31
10 2 41
11 2 81 83 51 86
12 1 31 21 101 23
13 2 67
14 2 19 34 91
15 1 93 89
16 1 40 4 58 47 62
17 1 54
18 1 11 52 67 69
19 1 24 80 81 88 68
20 2 16
21 2 33 7 70
22 2 63 57 71 56
23 1 65 4 24
24 1 89
25 1 36 100 60
26 1 3 46 48 24
27 1 28
28 1 9 12
29 1 65 87
30 1 100 17
31 1 16
32 2 67 61
33 1 63 76 40 27 51
34 2 48 86
35 1 57 50 7 38
36 2 84 90 27 7 70
37 1 16
38 1 71
39 1 29 28 64 92
40 2 98 6 62
41 2 70 17 72 96 67
42 1 80
43 2 95
44 2 38 88 94 62
45 2 43 2 9 7 30
46 1 5 86
47 1 83 80 58
48 1 11 53 67 38 100
49 2 27 43 52 65
50 2 51 1 41 72 93
51 2 52 56
52 2 2 86
53 1 100 63 89 93
54 1 98 77 45 23
55 1 44 3 67
56 2 56 1 101 6
57 1 54
58 1 97 46 73 5
59 1 68 71 67
60 2 20 22 52
61 1 32 68 30 95
62 1 81
63 2 84 36 32 51
64 2 99 13 91 100
65 2 8 57
66 2 62 22 19
67 1 68 27 59 4 77
68 1 91
69 1 31
70 2 96
71 1 24
72 2 86
73 1 78 2 96 18 39
74 2 50 34
75 2 43 8 74 83 36
76 1 10 48
77 2 96 81
78 1 56 46 72 51
79 1 22 12 59 67 15
80 2 50 91 23
81 1 67 70 91 16 72
82 1 83 10 45 53 25
83 1 87 36 37 50
84 1 42 10
85 2 72 66 26 96
86 2 82
87 1 3 47 56 39 76
88 2 49 4 61 16 54
89 2 63 72 89 29
90 2 1 82 25
91 1 51 12
92 2 12 62 89 48 51
93 2 86 90 77
94 1 87
95 2 70 99
96 1 47 3 22
97 2 32
98 2 2
99 1 39 10
100 1 96 49 62
101 1 1 23 33 37 61
102 1 18 14
103 2 41
104 1 74 14 96 41
105 2 73 74
106 2 25 65 26 94 59
107 2 36 52
108 1 4 93 92 27
109 1 6 14 46 37 89
110 1 47 42
111 2 6 73 50
112 1 66 61 63 75 76
113 1 16 76
114 2 55 48
115 2 36 66 18 53 86
116 2 84 24
117 2 86 92
118 2 11 6 44
119 2 81 69 3
120 1 80 73 99 22 65
121 1 75 85 59 94 33
122 1 35 96 21 49 42
123 1 9 26 30 31
124 2 93 44 96 53 15
125 1 62 92 53 96 43
126 1 17 55 28 57 71
127 2 13 21 72 76 78
128 1 2 20
129 2 33 72 32
130 1 33 53
131 2 23 36
132 2 52 2 89 24
133 2 52 89 36 3
134 1 65 5 83
135 2 33
136 2 70 44
137 1 51 76 71 42 25
138 2 15 69 70
139 2 42 83
140 1 44 78 91
141 1 69 20 3 9
142 2 76 2
143 1 75 35
144 2 100
145 1 76
146 2 12 77 68
147 2 57
148 1 82 96
149 1 47 40 98 4 101
150 2 49 29 13 6
151 1 3
152 1 75 11 45 47 87
153 1 60 92 63
154 2 84 1 67 54
155 2 33 71 90 34 24
156 1 52 37 62 78 69
157 2 17 62
158 2 88 95 78
159 1 90 73 26 17
160 2 11 22 87 95
161 1 43 25 82 31 2
162 2 35
163 1 11 81 49 46 35
164 2 35
165 2 28 97
166 1 57
167 1 23 84
168 2 43
169 1 24 85 57 27
170 2 35 25 58 67 99
171 1 33 9 64 74 80
172 1 71 44 75 39 101
173 2 55 63
174 1 4
175 2 90 44 10
176 2 1 34 63
177 2 38 80 55
178 1 49 7 38 32
179 1 7 85 16
180 2 64 88 20 81 34
181 1 48 100 8 20 71
182 2 82 63
183 2 42 90 22 61 26
184 2 7
185 1 17 71 39
186 2 17 98 27
187 2 65 47 53 76
188 1 39 69
189 2 71 55 87 56
190 2 4 54 74
191 2 47
192 1 38 75 80 16
193 1 64 100 66 84 67
194 2 97 18 76 82 77
195 1 101 35
196 2 48 51 3 71
197 1 2 30 51
198 1 84 10 70 77
199 1 44 1
200 1 77 54 4 29 70
201 1 89 58
202 1 50
203 1 16 43
204 1 98 14 19
205 1 30
206 2 46 90 61
207 1 14 73 70 30
208 1 59 73 40 67
209 2 22
210 2 70 46 76 69
211 1 27 51
212 2 81 70
213 1 28
214 1 72 61 2
215 2 29 26 43 57
216 1 70 28 1 13 32
217 1 40 94
218 1 53 4
219 2 86 64 32 88 55
220 1 82 3 76 41 66
221 1 4 12
222 1 73 74 100 42 14
223 2 97 88 73 39 18
224 1 55 82 43 18
225 1 57 88
226 2 95 49 35
227 1 69 26 40 25 20
228 1 68 82 59
229 1 60 32 39 56
230 1 27 87 88 24
231 1 75 7 61 65
232 1 84 5
233 1 1 57
234 1 96 61 37
235 2 44 31
236 2 58
237 2 48 34 100 69
238 2 52
239 2 62 64 4 16
240 1 41 39 5 56
241 1 22 89 15 100
242 1 51
243 2 48 65 79
244 2 26 64 83
245 2 94 29
246 2 2 40
247 2 17 97 20 100 93
248 2 96 64 13 11 99
249 1 32 81 24
250 1 86 33 77 66 78
251 1 94 26
252 2 23 87 100
253 1 46 37 9
254 2 26 55 43 100 7
255 1 76 56
256 1 82 86
257 1 39 95
258 1 8
259 2 17 5 28 89
260 1 24
261 1 9 48 75
262 1 82 88 47 41
263 2 88 49 6 92
264 2 90 48 95 63 39
265 2 10
266 1 80 61 38 19 56
267 2 57
268 2 37 56 9 12 10
269 1 59 25
270 1 53 38 60
271 1 83 45 40 98 64
272 2 62 45
273 1 1
274 1 13 26 54 34 45
275 2 80 81
276 1 87 52
277 1 6 101 60
278 2 75
279 1 100
280 1 45 83
281 2 7 3
282 1 85
283 2 68 7 82 58 100
284 1 65 66 21
285 1 32
286 2 96
287 1 2 101
288 2 1
289 2 75 4
290 1 74 35 27 54
291 1 82 15 22 65
292 2 86
293 2 82 73 40
294 2 31 96 89
295 2 30
296 1 44 2 70 92 22
297 1 2 65
298 1 43 72 75
299 1 76 35
300 2 55 38 47 65 15
301 2 85 95 77
302 2 81 33 9
303 2 3 23 44 2 11
304 2 52 74 64 21 12
305 1 11 78 17 19 46
306 1 78 13 28 25 72
307 2 26 78
308 1 4
309 1 42 24 67 89 74
310 2 54
311 2 93 81
312 2 26 29
313 1 71
314 1 71 12
315 2 11
316 1 41 21 13
317 2 48 45
318 1 11 25 34 28 62
319 2 53 18 29 64 14
320 2 8 83 34 57
321 1 53 4 68
322 2 64 52 28 89
323 1 2 23 72 5 67
324 2 11 50 80
325 2 34 77 28 79 101
326 2 16 43 33
327 1 18 101 65 70
328 1 52 6 26 89
329 2 8 84
330 2 10 44 65 55 54
331 2 35
332 2 39
333 2 33 24
334 1 7
335 2 58 6 19
336 1 79 56 37 12
337 1 89 37 47
338 1 18 10 19 61
339 2 11 3 41 68
340 1 10 13 99
341 1 64
342 2 64
343 2 30 81 43 68
344 2 66
345 1 24
346 2 12 10 69 57
347 2 62 41
348 2 2 46
349 1 67 63 37 8 64
350 1 26 56
351 2 73
352 2 89 94 9 86 1
353 1 5 70
354 1 49 50 18 73 37
355 2 1 89 52
356 2 57 85 65
357 1 80 18 40 95
358 1 21 76 12 65 91
359 1 72 87 94 88 42
360 2 85
361 2 58 49 15 101 23
362 2 28 22
363 2 13 21 77
364 1 80 51 54 75
365 2 85 32 50
366 2 37
367 2 40 88 44
368 2 48 77
369 2 81 42 30
370 2 53 3 25 52 41
371 2 100
372 2 32 76 72
373 2 19 15 10
374 1 66 20 61 1
375 1 85 95 72 28
376 1 25 76
377 2 43
378 1 2
379 2 77 34 24 57
380 1 95 101 98
381 1 31
382 2 50 44
383 2 41
384 1 3
385 1 34
386 2 81 90
387 1 95 101
388 2 55 3 11 25
389 1 49 84 37 30
390 2 54
391 2 22
392 1 64 51
393 1 100
394 2 23 10 46 19 38
395 1 44 16 77
396 2 21 16 94 82
397 2 32
398 1 30 14 4 43
399 2 33 61 97
400 1 14 19 23
401 1 69
402 1 59 94 25 19 62
403 1 76 8 90 10
404 2 69 2
405 2 65 75 20
406 1 98 33 36 26 42
407 2 100 38 90 80 31
408 1 101 63 9 42 34
409 1 20 88 8
410 1 53 30 15 4 80
411 2 95 65 60 51 80
412 2 2 19
413 2 92
414 1 88 100
415 2 30 52 86 24 29
416 2 22 16 76 70
417 1 46 37 85
418 2 74 35 90 91 84
419 1 1 80
420 1 54 21 66 68
421 1 5 22 80 2 89
422 1 31 58 59
423 1 81 25 17 33
424 2 76 53 42
425 1 37
426 2 45 59 6 21
427 1 27 7 89 87 88
428 2 5 91 13
429 2 72 37 26 35 23
430 1 3 94 35 68 24
431 2 6 25 12 49 5
432 1 59 48 29
433 1 72 79 95 44
434 1 40 96 1 80
435 1 62 38
436 1 19
437 2 49 13 21
438 1 32 45 53 5
439 2 32 8 14 15
440 2 77
441 1 67 8 60 51 33
442 1 96 67 29 54 94
443 1 10
444 2 70 28 74 61
445 2 26
446 2 73 97 101
447 1 15 1
448 1 12
449 2 1 83
450 1 58 5
451 2 7 61 77 12
452 1 1
453 2 88 2 49
454 1 14 89
455 1 39 94 8
456 2 24
457 2 91
458 1 79 41 96 80 56
459 2 22 27
460 1 41
461 1 21 13 87 39 9
462 2 53 6 67 5
463 2 11 53 71 8 63
464 1 87 19 80
465 1 95 69 89
466 1 75 11
467 1 60 62 93
468 1 36 63
469 1 62
470 2 73 11
471 1 73 7 13
472 2 20 29 89
473 1 96 49
474 1 93 44
475 1 38 3 87 22 34
476 1 48 53 88 21
477 1 83
478 1 58 46 71 33 27
479 2 7 13 94
480 1 90
481 2 79 94 36 56 48
482 1 49 9 7
483 1 15
484 2 60 33 67 6
485 2 53 57 59 1
486 2 21 89 6 73 45
487 1 63 6 95 40 51
488 1 84
489 2 92 46 50 17 32
490 2 62 51 101
491 1 10 18
492 1 94 71 16
493 1 13 76 96 72 50
494 1 49 62
495 1 61 90
496 1 63 57 2 45 98
497 2 20 74
498 1 71
499 2 20 13 65
500 1 26 85 51
501 1 77 83
502 2 2 14 81 36 25
503 2 56
504 2 41 6 92 65 7
505 1 45 18
506 2 58 35 11 44
507 2 38
508 2 61 36
509 2 29 38 64 50 27
510 2 76
511 2 72 73 37
512 2 95 71 4 22
513 1 49 75 32 48
514 2 19 27
515 2 71
516 1 89
517 1 85 63 94
518 1 42 5 52
519 2 35 68 24
520 2 7
521 2 88 47
522 2 41
523 1 38 93 90 56 46
524 1 44 22 88 74 2
525 2 94 67
526 2 59 53 87 57
527 1 40 42 78 96
528 1 63 59 53 60 69
529 2 3 25 40
530 2 85 66 95 28 78
531 2 37 96 63 49 101
532 1 60 67
533 2 8
534 2 91 89 35 62
535 2 47 22 17
536 1 51 91 84 10
537 2 7 29
538 2 24 77 28
539 1 73 75
540 2 31
541 1 22 41 9
542 2 93 88 74
543 1 78 29
544 2 13 24
545 2 34 41 53 84 80
546 2 69 92 99 70
547 2 79 54 37
548 1 20 44 11 2
549 1 94
550 2 66 63 70 15 2
551 1 57 85 79
552 1 101 9 6 88 55
553 2 57
554 2 94
555 1 21
556 2 80
557 2 82 15 36 32
558 1 44 9 59 17 98
559 2 91 55 92 32
560 2 97 91 77 40
561 2 64 45 62 15
562 1 68 62 82 24
563 2 50 21 53 72
564 1 81 27
565 1 90 40 50
566 1 87 53
567 1 71 19 10 59 26
568 2 32 30 49
569 1 11 56 16 4 57
570 1 23
571 2 50 64
572 1 26 73 45 44 39
573 1 56
574 1 51
575 2 62 26
576 2 49 14 71 16
577 1 99 59 100 1
578 2 54 99 82 90
579 2 90 39
580 1 99
581 2 9 7 19 25 32
582 2 9 52 75 51
583 1 51 17 71
584 2 66 26 10 93 48
585 1 41 62
586 1 89 99 83
587 2 8
588 2 25 52
589 1 39 1 89 35 91
590 2 49 23
591 1 37
592 1 43 77 68 5
593 2 59 41
594 1 92 28
595 1 33 27 29 19 85
596 1 69 25
597 2 31 45
598 2 26 60 47 29 68
599 2 11 41 60
600 1 61 77 22
601 2 62 75 12
602 2 42
603 2 92 73 10
604 2 23 50 69 48 57
605 1 17 56 55
606 2 62 15 51 17 65
607 2 57 5
608 2 100
609 1 28 43
610 1 100 21 41
611 1 54
612 1 24 15 12 64
613 1 39 91 28 29
614 2 32 87 28 3
615 1 88 46 9 39 60
616 1 36 9 100
617 1 81 19 101
618 2 35 72 90 77 28
619 2 16 13
620 2 84 40
621 2 77 8 58
622 2 3 29
623 2 92
624 1 11 17
625 1 93 61 34 4 53
626 1 21 1 43 73 54
627 1 36 63
628 2 78 74 77 12
629 1 16 38
630 2 75
631 1 47 62 81 95
632 1 12 39 29 91 36
633 2 101 94 44 20
634 2 67 53 75
635 2 51 97
636 1 55 45
637 1 12 79
638 2 28 66 43
639 1 91 84 86
640 1 38 3 77 89
641 1 70 50 40 100 62
642 1 93 100 30
643 2 50 49 39 90 66
644 1 34 14 72 53 17
645 1 70 99 45 17 78
646 2 22 6 71 62 80
647 2 50 97 31 65
648 1 64 44
649 2 24 40 82
650 2 29
651 1 11 36
652 1 86 49 8
653 2 28 70 92 63
654 2 72 61 37
655 2 73 10 63
656 1 22 51
657 1 53 65
658 1 79 68 12 28 72
659 2 3 26 70
660 1 26 65 18
661 1 43 34 13 27 85
662 2 12
663 1 31 35 29 28
664 2 15 28 97 16 22
665 2 84 16 48 44
666 1 60
667 1 54 100 77
668 1 76
669 2 61 49 36 35 90
670 2 100 1 11
671 2 34 100
672 2 80
673 1 56
674 1 22 78 35 39 82
675 1 9 87 91 74 16
676 2 87 53 8 85 43
677 2 97
678 1 50
679 1 80 34
680 2 19 32 23 99
681 2 13
682 2 67
683 2 53 77
684 1 53 10
685 1 26 93 62 56
686 1 23 24 79
687 1 2 83 58
688 2 69 12 80 84 19
689 2 35
690 2 83 1 85 88 86
691 1 43 11 14
692 1 54
693 2 92 23 73 100 54
694 1 76
695 1 100 59 17 8 45
696 2 18 2 51
697 1 66
698 1 85 23 47 20
699 1 57
700 1 46 77 10
701 1 71
702 2 84
703 1 16
704 2 18 76 100 7 65
705 2 32 2 36
706 2 69 52 59 17 6
707 1 19 18 78
708 2 30 77 11
709 1 52 31 20
710 1 97 44 75
711 2 60 89 36 35 65
712 1 21 49
713 1 95
714 1 57
715 1 87 99 11 38
716 1 53
717 1 56
718 2 64 100 6
719 1 87
720 1 42 55 60
721 1 79 16 86 80
722 2 27 13 78
723 1 39 25
724 2 27
725 2 23
726 2 5 25
727 2 96 73 43
728 2 60 22 100 2
729 1 65
730 2 82 59 79
731 1 9 1 13 88
732 2 66 51
733 2 95 67
734 1 7 65 89
735 1 31 83 32
736 1 9 13
737 2 45
738 1 93
739 1 43
740 1 51 54 71 88 63
741 1 11 71 7
742 2 4 27
743 2 48
744 1 23 52 9 101 59
745 1 85
746 2 96
747 2 10
748 2 11 43
749 1 27 33 19 49 82
750 2 78 93 85 39
751 2 25 13 19 100
752 1 1 21
753 1 57 59
754 1 72 90 56 44 1
755 1 36 91 28
756 2 99 66
757 2 60 44 41 93
758 1 25
759 2 82 66 26 28
760 2 96 30 76 19
761 2 21 96
762 1 35 73
763 2 11 46 57 83 72
764 2 78 56 70 19 86
765 2 59 36 30 39
766 1 19 92 88 45 5
767 1 89 53 5
768 1 54 6
769 2 67
770 2 98 19 20
771 2 50 61 32
772 1 21 76 9 45
773 1 33 21 68
774 2 7 4 5 32
775 2 87 88
776 1 45 15 49
777 2 56
778 1 101 67
779 2 55 1 88
780 2 31 26 50
781 2 48 6 80
782 2 83 97 75 92
783 1 98 2
784 2 90
785 2 1 23 41 47 20
786 2 87
787 2 46 79 50 43 69
788 1 23 15 42 30 88
789 1 15 34 72 96
790 1 44
791 2 41
792 2 24
793 2 69 86 1 34 77
794 2 57 82 22 94 83
795 1 56 24 34
796 2 18 86
797 2 49
798 1 24 31 7
799 1 8 22 101 27 43
800 2 80 61 77 75
801 1 8 73 16
802 1 86
803 1 99 57 34 30
804 1 12 49 38 14
805 2 26 78 64
806 2 60 88 80 64 1
807 2 77
808 1 9
809 2 50 16
810 2 48
811 2 35 18 101 27
812 1 78 63 24 74 52
813 2 62 5 34 98 9
814 1 15 61 94 22 73
815 2 19
816 2 61
817 1 67 34 66 19 11
818 1 80 54 7 57 9
819 2 38 40
820 1 62 1 36 10 48
821 1 36
822 2 6 64 72 12
823 1 3 100 79 82 77
824 1 29 41
825 1 86
826 1 40 35
827 1 44 98 9 14
828 1 54 57 58 53
829 1 14 30 36 77 46
830 1 63 44
831 1 68 91 46
832 1 63 46
833 1 34
834 2 94 57 54
835 2 59 21 90 100 95
836 2 85 24 16 95 35
837 2 29 49
838 2 91
839 1 12 64 77 45 21
840 1 69
841 1 98 32 37
842 2 9
843 1 72 85 91
844 1 47 95 28 56 84
845 1 19
846 1 90 64 48 84 51
847 2 86 3
848 1 71
849 2 11
850 2 92 11 46
851 1 6 39
852 1 22
853 1 67 95 32 66 37
854 2 32 89
855 1 31 101 73 17
856 2 67 56 73 2 45
857 1 27 40 66 46
858 1 46 78 94 33
859 1 71
860 1 89 97 85 12 30
861 2 72 24 80
862 2 32 39
863 1 64 97 33 42 87
864 1 85 22 24
865 1 10 99 53 57
866 1 97 20 68 55
867 1 98
868 1 88 25 54 29 24
869 1 99 69 6 50
870 1 2 73
871 1 85 22 39
872 1 87 24
873 2 99 21 61 76 75
874 2 55 34 36 15 10
875 1 62 87
876 1 27 67 31 59 64
877 1 21
878 2 35
879 2 44
880 1 7 65 100 71
881 1 25 87 62
882 1 61
883 2 6 19
884 1 80 17 89
885 2 25 61
886 1 9
887 2 97 51 86 27
888 2 81 35
889 2 72 69 38 73 91
890 2 33 88
891 1 2
892 2 1 62 11 64
893 2 100 35 30
894 1 68
895 1 59 16 55
896 1 75 65 45 66
897 1 82 35
898 2 95
899 1 89 12 58
900 2 84 4 70 83
901 1 42
902 1 69 63 99 2 49
903 2 64 82 15 73 35
904 1 48 72 69 59 84
905 2 7
906 1 39
907 2 30 1 70 92 12
908 1 47 30 63
909 1 35 59 96
910 1 12 39 9 43 89
911 2 5 29 90
912 2 37 33 89 55 95
913 2 96 64 5 55 61
914 2 20 50
915 1 73 47 2 4 76
916 1 30 63 66 72 46
917 2 27 23 58 85 24
918 2 75 6 37 20 76
919 1 40 10 87
920 2 22 92 31 18
921 1 29 38 100
922 1 84 73 98 18 34
923 2 84 51 75 20 97
924 1 12 36 4
925 2 18 22 76 84
926 2 2
927 1 58 24 96
928 1 91 96
929 1 89 3
930 2 13 86 42 37
931 2 73 3
932 2 42 63 58 78 84
933 2 76 48 100 44 90
934 1 5
935 1 84 96
936 2 39
937 2 35 90 8 56 98
938 1 47 61
939 2 92 21 79 56
940 1 60 18 68 29
941 2 31 53
942 2 56 97 20 99
943 1 76 38 70 59 16
944 1 84 5 91 76
945 1 64 6 8 37
946 2 101
947 2 55
948 1 80
949 1 2 72
950 1 80 95
951 2 11 45
952 1 77
953 1 98
954 1 86 92 7 11
955 2 46 34 85
956 1 64 22
957 1 53 55
958 1 6 84 92 93
959 1 67 61 94 8
960 1 41
961 2 9
962 2 50
963 1 65 33 52 83
964 2 87 34 98 53 48
965 2 74 33 47 99 89
966 2 35 86 68 28
967 1 83 81 31 50
968 1 36 33 88 75 59
969 1 71 78 62 4 21
970 1 58 20 78 98 26
971 1 10 4
972 2 87
973 1 51 22 45 34 76
974 1 1
975 2 100
976 1 100
977 2 71 22
978 2 21 66 81 65
979 2 56 28
980 2 57 15 45 85 101
981 2 49
982 1 70 66 87 1
983 1 51 38
984 2 101
985 2 84 16 73 41
986 1 84 35 10 32 1
987 1 76 101
988 2 8 97 11 62
989 1 13
990 2 40
991 1 31 54 30 9 26
992 1 43
993 2 48 64 23 55
994 1 68
995 1 55 56 52 32
996 1 11
997 2 95 43 3
998 2 16 19 70
999 2 16 58 73
1000 1 93
1001 1 30 52 82 17
1002 1 41 99
1003 2 57 15 92 101
1004 1 35 34 16 66
1005 2 1
1006 2 51 76 91
1007 2 34 95 56
1008 1 76
1009 1 29 18 30 98
1010 1 64
1011 2 13 9 81
1012 2 69 58 25 5 63
1013 2 31 77 39 84 21
1014 1 86 33
1015 2 27 42 79
1016 2 79 20 35
1017 1 50 69 5 6 52
1018 1 31 2
1019 1 2 40 59
1020 2 15 70 38 25 66
1021 2 15
1022 1 44 40 14 84
1023 1 49 48 3 18
1024 1 39 27
1025 2 40 25
1026 1 81 12 49 96
1027 2 30
1028 1 101 28
1029 1 75 89 88
1030 1 59 50 83 74 20
1031 1 83 69
1032 2 2 20 31
1033 2 99
1034 2 8 4 16
1035 2 40 48
1036 1 95
1037 2 27 28 13 98 50
1038 2 73 36 70
1039 1 71 81 44
1040 2 68 32 31 85 6
1041 2 54 39 74
1042 1 95
1043 1 81 82
1044 1 12 43 52
1045 2 49
1046 2 98 28 6 34 76
1047 1 59 89 82
1048 1 79 21 60 14
1049 2 62 61 28 50
1050 1 32
1051 2 37 82 10 42
1052 2 59 84 12
1053 1 83 81 71
1054 1 56 2
1055 1 52 95 99 18
1056 2 60
1057 1 45
1058 2 86 36 39 2
1059 2 98 2 89 92 85
1060 2 46
1061 2 83
1062 1 48 38 89 7 99
1063 1 84
1064 1 62 75 39
1065 2 49 30 53 79 29
1066 2 10 64 87 59
1067 2 52 12 64
1068 2 67 48 86 79
1069 1 74 75
1070 2 75
1071 1 26 49 94 86 40
1072 2 93 17
1073 1 99 41
1074 2 63 73 19 56
1075 1 37 86 31 96 101
1076 1 28 73 79 13 52
1077 1 44 24
1078 2 63 19
1079 1 28 99 44 36 30
1080 2 70 37 8 47 100
1081 2 80 68 11 66 65
1082 2 62 87 55 16 65
1083 2 80 45 86 37 36
1084 1 99 66 12 76 15
1085 2 78 7 99 68
1086 2 72 31 14
1087 2 25 77 78 83 44
1088 2 99 2 95 64 40
1089 1 6
1090 1 36
1091 1 40
1092 2 85
1093 1 43
1094 2 83
1095 1 1 28 8 25 84
1096 1 51
1097 2 33 51 70 50 38
1098 2 50 13
1099 1 48 15 46
1100 1 90 38 6
1101 2 66 42
1102 1 65
1103 1 51 78 5 92
1104 2 68 37 46 11 87
1105 1 60 38 37 79 88
1106 1 20 83 7 31
1107 1 29 96 65 92 2
1108 1 93 18 35 22
1109 2 23
1110 1 81
1111 1 7 72 16 94
1112 1 100 74
1113 1 38
1114 1 41
1115 1 10
1116 2 46 55 84
1117 2 66
1118 1 71 22 97 29 21
1119 1 96 17
1120 2 19 63 37
1121 2 25 80 7 68 12
1122 1 17 22 41
1123 1 83 16 63
1124 2 62
1125 2 38 31 36 3 9
1126 2 24 79
1127 1 28 20 31
1128 1 41 101 47 66
1129 2 74 99
1130 1 93 28 89
1131 2 51 2 18
1132 1 2 16
1133 2 76 50
1134 2 76
1135 2 101 75 47
1136 2 70 17 10 4 65
1137 1 15 13
1138 1 55 56
1139 1 44
1140 2 99 98 76 66
1141 1 31 69 32 22
1142 1 20 98 86 69 41
1143 2 7 19
1144 2 71 77
1145 2 9 14 40 3
1146 2 46 99 94 35
1147 2 13 92
1148 1 98 14 33 69 79
1149 2 35 53 27 19 69
1150 1 101
1151 1 95 81 28 22 55
1152 1 26
1153 1 26 7 25
1154 2 82 68 59 86 85
1155 1 21 101 48
1156 1 101 18 46 41
1157 1 91 88
1158 2 24
1159 1 97 10 80 94
1160 2 90 86 7
1161 1 81 14 27 86 61
1162 1 43 75
1163 2 38 80 19
1164 1 72 10 12 61
1165 2 43 68 39
1166 2 66 91 13
1167 1 58 95
1168 2 48 21 82
1169 2 22 13 38 2 88
1170 2 81 96 61 75
1171 2 82 74 30
1172 2 94 72 100 40 37
1173 1 14 99 54 41
1174 2 52 74 91
1175 2 49 12 84 10
1176 2 92 90 54 47
1177 1 55 100 96 12 16
1178 1 12 93 26 15 1
1179 2 81
1180 1 50 23 32 73 52
1181 2 77 32 72
1182 1 48 32 92 20 27
1183 1 84 74 75 42 52
1184 2 73 16 81 76 65
1185 1 65 76 6 79
1186 1 97 62
1187 2 61 36 63 58
1188 2 58 31 83 35
1189 2 63 92 78 84 71
1190 1 67 91
1191 1 6 55 43 62
1192 1 79 44 60 17 26
1193 2 15 99 37 83
1194 1 35 59
1195 2 51 29 14
1196 2 13 46 15 23 20
1197 1 56 4 75 79
1198 1 97 43
1199 2 33 2 27 46
1200 1 40 88 89 100
1201 1 98 67
1202 1 31 24 11 65
1203 2 2 29 53
1204 1 18 12 34 44 72
1205 1 5 4 93
1206 1 92
1207 1 33 9
1208 1 5 91 69 41
1209 2 63 5 71
1210 1 6 79 45
1211 2 90 101 75 7 39
1212 2 9 16 52
1213 1 5
1214 1 96 27 29 7
1215 1 97 46 17 58 8
1216 1 42 67 80 45 87
1217 1 1 75 40 87
1218 1 27
1219 1 81 61 24 59 2
1220 1 75 24
1221 2 93 99 63
1222 1 53 58 20
1223 1 62 94 76
1224 2 44 63
1225 1 19 67 77
1226 1 87
1227 1 98 96 87 15
1228 2 7 22 75 2 82
1229 1 101
1230 1 98
1231 1 88 62 21 6
1232 2 47 29 18 96
1233 2 39 68 74 95
1234 2 19 85 90 62
1235 1 86
1236 2 85 18 38
1237 2 101 2 78 58
1238 1 86
1239 1 55
1240 1 42 45 23 27
1241 1 19 53 38 1 57
1242 2 97 8 54
1243 2 72 9 56
1244 1 63 57 99
1245 1 98 99 81 13
1246 1 13 3
1247 2 38 76
1248 2 92 50 25
1249 2 3 95 87 68 76
1250 1 30 46 85 99
1251 1 89 67
1252 1 18 77 7
1253 2 20 1 52
1254 1 94 17
1255 2 69
1256 1 41
1257 1 85 8 42 101
1258 1 71 56 16 22 74
1259 1 13
1260 2 94 79 78 23
1261 2 78 42 18 90
1262 2 53 33 37
1263 1 69 1 57 14
1264 1 31 68
1265 1 79 41 44 51 70
1266 1 9 42
1267 2 42 61
1268 1 49 87
1269 2 76
1270 1 98 74 28 86
1271 2 2 12
1272 1 74 19
1273 1 82 98
1274 2 98 14 35
1275 2 17
1276 1 79 51 70 50
1277 1 54
1278 2 40
1279 1 15 6 89 29 60
1280 1 19 88 92 57 96
1281 1 12
1282 2 91 45 22 9 14
1283 1 83
1284 2 55
1285 2 3 85 71
1286 1 75 43 39 77
1287 1 17 11 99 86
1288 2 10 89
1289 2 100 25
1290 2 16
1291 2 74
1292 1 96
1293 2 71 43 92 69
1294 1 13 85
1295 2 63
1296 2 52 97 53 73 83
1297 1 67 101 49
1298 2 67
1299 1 48
1300 1 94
1301 1 24 35 23 67 66
1302 1 59
1303 2 82 17 62 88
1304 1 19 4 84 32
1305 1 49 18
1306 1 3 73 90 45
1307 1 68 97 58 53
1308 1 43 17 86
1309 2 85 74 57 20 45
1310 2 43 73 89 71
1311 2 100
1312 2 47 69 50 40
1313 2 66
1314 2 34 57 101
1315 1 91 6 36 54
1316 1 19 93 87
1317 2 59 31
1318 1 25 17 42 5 23
1319 1 61 55 41 57 33
1320 1 87 91
1321 1 27 49 56
1322 1 22
1323 1 25 98
1324 2 95 21
1325 1 12 15 67
1326 1 53
1327 1 89 10
1328 2 88 48 46 44 74
1329 1 69 21
1330 1 58 4
1331 1 42
1332 2 36 21
1333 2 79 52 47 9
1334 2 77
1335 2 26 58 7
1336 1 47 96 84 70
1337 1 90 85
1338 1 72 27
1339 2 96 77 30 63 45
1340 1 38
1341 2 55 9
1342 2 68
1343 2 31 62 44 50 52
1344 2 45 93
1345 2 28 44 31 48 87
1346 1 82 55 89 61
1347 1 71 49 85
1348 2 46 66 31
1349 2 97 70
1350 2 65
1351 2 37
1352 2 47 46
1353 1 6
1354 1 81 40 56 94
1355 2 70 85
1356 2 66 19
1357 2 48 56 37
1358 1 33
1359 2 91 37 6 73
1360 1 95 92 16
1361 2 11 90 70 2
1362 1 65 5 49
1363 1 59 87 67
1364 1 14 53
1365 2 89 18 28 91
1366 2 8
1367 2 23 17 57 32 3
1368 1 57 78
1369 1 17 42
1370 2 4 14 74
1371 1 88 82 47
1372 2 93 48
1373 2 61 57
1374 2 68 82 22
1375 2 55 43 79 30
1376 2 6
1377 2 32 40 84 12 5
1378 2 27 56 45 6
1379 1 71 2 7 91
1380 1 47 35 1
1381 2 60 8
1382 1 71 72 73
1383 2 33
1384 1 24 36 51 42 34
1385 2 10
1386 1 96
1387 2 93 10 25 35
1388 2 1 101 21 97
1389 1 97
1390 1 82 8 16 59
1391 2 75 2 5
1392 2 51 40
1393 2 92 43 82 34
1394 2 56 54 55
1395 1 82 72 24 11
1396 1 49 48 38
1397 1 92 64 77
1398 2 54 21 96 9 42
1399 1 74 76
1400 2 77 98
1401 1 83 54 60 4
1402 2 13 98 23 52 78
1403 1 9 52 99 71
1404 1 83 75 38 22
1405 1 49 64 29
1406 2 94 52
1407 2 53 21 69
1408 2 19 22
1409 2 8
1410 1 9 17 55
1411 2 11 65 94 73
1412 2 24 38 12 15 41
1413 2 38 1 33 44 70
1414 1 87
1415 1 30 56 3
1416 1 82 53 7 15
1417 2 12 1 5 53
1418 1 21 49 78
1419 2 69 37 67
1420 1 90 48 65
1421 2 16 55 59 43
1422 2 15 50 51
1423 2 60
1424 1 71 16 45 40 4
1425 1 4
1426 2 93 4 20 76
1427 2 97 62 66 98
1428 2 4 19 23
1429 2 49
1430 2 27 74 98 52
1431 1 79 81 2 1 6
1432 2 47 91
1433 2 17
1434 2 85 47 5 2
1435 1 34 12 76 41
1436 2 101 57 55
1437 2 60 2 76 50 39
1438 2 9 22 10 87 31
1439 2 94 101 85
1440 1 55 38
1441 1 31 49 80 13
1442 1 52
1443 1 6
1444 1 71
1445 1 43
1446 1 19 44 83 18
1447 1 85 50 6
1448 1 64 79 22 28 53
1449 2 3 86
1450 1 13 8
1451 1 19 53 31 86 78
1452 1 45 69 43 88
1453 1 23 28 49 36
1454 2 55 84 22 42
1455 2 55 4 50
1456 1 71 96 89 98 7
1457 2 40 97 94
1458 2 9 10
1459 2 27 61 98
1460 2 62
1461 1 89 95 66
1462 2 34
1463 1 52 97 37 56
1464 1 101 68 21 2 45
1465 2 39
1466 1 93 75 25
1467 2 62 54 85 99 93
1468 2 8 11 81
1469 1 38
1470 2 88 23 14 75 98
1471 2 51 70 24 78 81
1472 2 95 85 97 22
1473 2 55 61 2 89 50
1474 2 54 15 82 30
1475 1 36 37 60 74
1476 2 10 30 98
1477 1 92
1478 2 14
1479 2 48 64 14 13
1480 1 90 82 43
1481 1 89
1482 2 40 31
1483 2 19
1484 2 70 6 43 101
1485 1 88 35 77 69
1486 2 24 13 8
1487 1 24 39
1488 1 58 50 27
1489 1 9 65 74 48
1490 1 41
1491 2 44
1492 2 77 63
1493 1 63 69 31 24 99
1494 2 53 61 8
1495 2 39 3 14 84 17
1496 1 15 64 35
1497 2 12 48 68 28
1498 1 82 22 55 84
1499 2 75
1500 2 101 66 87
1501 2 15
1502 1 83 99 53 78 12
1503 1 67 97 7 53
1504 1 65
1505 1 6 69 52 77
1506 2 47 38 81 35 55
1507 2 38 37 43 74 41
1508 1 94 12 34 2
1509 2 23 73 55 74
1510 2 10 75 35
1511 1 77 33
1512 2 26 27 84
1513 2 88 16
1514 2 22
1515 1 87 25
1516 2 19 1 41 42 68
1517 1 64 88 18 20
1518 1 68 47 94 13 70
1519 2 93
1520 1 73 20
1521 2 92 53 99 96 75
1522 1 1 55
1523 1 35 47 24
1524 1 87 74
1525 1 41 15 16
1526 1 47
1527 1 53 39
1528 2 76 101 44
1529 1 89 30
1530 2 37 73 87 8
1531 1 65 91 59 67
1532 1 100
1533 2 73
1534 1 88 69
1535 2 71 48 61
1536 1 4 22 38 88 35
1537 1 65 37
1538 1 24 75 95
1539 2 86 22 17 55 76
1540 1 36
1541 2 69
1542 1 99 23 22 82
1543 1 27 94 67
1544 2 30 2 98
1545 2 1 49 19 93 33
1546 2 77 69
1547 1 96 19 92
1548 2 93 19
1549 2 13 26 61 21 84
1550 1 7 35 89 30 2
1551 1 7 60 2 17
1552 1 82 47 87 78
1553 2 2 70 75 4
1554 1 5 35 29 88
1555 1 43 96
1556 2 90 65 99 87 76
1557 1 100 34 54 85
1558 2 69 14 77
1559 1 100 83 99 76
1560 1 97 71 62 78 92
1561 2 47 9
1562 2 96
1563 2 26 53
1564 2 55 82 97 62
1565 1 39 3 15
1566 2 37 85 35
1567 2 16 40
1568 1 87
1569 2 65 54 47
1570 1 33
1571 1 70
1572 2 9 73
1573 2 63 71 93 50
1574 2 89
1575 1 82 33 63 48 10
1576 2 57 85 99
1577 1 5 35 83 69
1578 1 39 9
1579 1 22
1580 1 80 6 98 40 15
1581 1 41
1582 2 60 21 75 29 36
1583 2 39 70 45
1584 1 95 80 81
1585 1 65 82 100 69 30
1586 2 18 21 95 100 3
1587 1 56 53 48
1588 1 33 69 61
1589 1 57 90 49 30 98
1590 2 12
1591 2 15 5 38 78
1592 2 75 84 81 30
1593 1 55 32 101 23
1594 2 34
1595 1 97 34 20 41 44
1596 2 59 76 63
1597 1 11 24 74
1598 1 65 29 97 74 14
1599 1 67 73 69 14 55
1600 1 38 69 82 101 99
1601 1 89
1602 1 88 45 98 70 99
1603 1 96 83 13
1604 2 68 24 51
1605 1 16
1606 2 54 77
1607 2 11 86 67
1608 1 37 45 90
1609 2 37 42
1610 2 32 42 34 62
1611 1 46 56 61 62 92
1612 2 51 5 25 29
1613 1 25
1614 1 15 98 26 86
1615 2 60 27 46 26
1616 1 67 42
1617 2 22
1618 2 79
1619 1 98 84 54 2 68
1620 2 68 97
1621 1 92 50 101 73
1622 1 82 16 79 66
1623 2 13 23 59
1624 2 1 64 26 80 74
1625 1 22 96 9 92 68
1626 2 35 67 42 89
1627 1 82 11
1628 1 90 33 58 98 72
1629 2 69 41 2
1630 2 74 77 70 28
1631 1 64
1632 2 60
1633 2 3 70
1634 2 81
1635 2 38 48
1636 1 50 42 86
1637 2 78 43 63 80
1638 1 53 18
1639 2 67 49
1640 2 7 52 6 56
1641 1 69 54
1642 2 101 79 87
1643 2 9
1644 1 101
1645 1 18 78 29
1646 2 21 83 17 50 57
1647 1 65 67 51 18 91
1648 1 85
1649 1 62 51
1650 1 52 100 19 16
1651 2 88
1652 2 8
1653 2 56 4 66 96 73
1654 1 55
1655 2 58 57
1656 1 89 94
1657 1 99 58 15 81
1658 2 9 97
1659 1 38
1660 1 99 32 88 12
1661 2 36 56
1662 2 16
1663 1 2 58 98 12 50
1664 1 9 66 18 15 49
1665 2 101 13 55 52
1666 1 43 18 28 97
1667 1 62 12
1668 2 73 33 47 92 93
1669 2 17 45 86 29 57
1670 1 65
1671 1 65 5 37 31
1672 2 46 23 70 15
1673 2 3 42 13
1674 1 95 64
1675 2 65
1676 1 97 50 55
1677 1 54 69 87 94 81
1678 1 5 97
1679 1 88 11 57 45
1680 1 48
1681 2 45
1682 2 16 46 30 59
1683 1 15
1684 1 68 6 37 70 54
1685 1 38
1686 2 60 11 4 85
1687 2 32 61 44 54
1688 1 66 26 71 9
1689 2 46
1690 2 3
1691 1 66 23 73 62
1692 1 25 45
1693 2 26 60 66
1694 1 74
1695 1 9 27 17
1696 2 44 23 60 42
1697 1 52 41 60 12 78
1698 2 27
1699 1 29 4 99
1700 2 63
1701 2 86 55 82 53 70
1702 1 101 37
1703 1 76 26 69
1704 2 77 1 98
1705 1 3
1706 2 70 52 45 59 95
1707 1 70
1708 1 98 91 7 79
1709 2 65 32
1710 2 23
1711 2 28 12 62 75 64
1712 2 67
1713 1 10 12 7
1714 2 1 61 28 38 23
1715 2 73 80 4 95
1716 1 86 20 19 73
1717 2 78
1718 1 100 74
1719 1 7 38 69 26 65
1720 1 17
1721 2 67 75 94 46 62
1722 2 91 31 50
1723 2 43 74 59 76
1724 1 20
1725 2 63 80
1726 2 17 82 55
1727 2 53 28
1728 2 5 34 57
1729 1 98 82 96 57 39
1730 1 6 85 42
1731 1 71 5 94 51 27
1732 1 14 41
1733 1 44 90 52 1 89
1734 2 32 62 67 9 30
1735 2 45 60 7
1736 2 36 46 62
1737 2 38
1738 2 34 79
1739 1 82 4 98
1740 1 41 45
1741 2 61
1742 1 62 87 91 66
1743 1 64 80 27 62
1744 1 50 9 57
1745 1 101 8 19 73 35
1746 2 99 85
1747 1 13 2 76 26 21
1748 1 88 99 97 85 75
1749 2 88 66 12
1750 1 7
1751 2 23 81 88
1752 2 92 29 83 6 47
1753 1 11 20 9
1754 2 45 17 48 101
1755 1 14 71 90 11 8
1756 1 14 31 56 68
1757 1 9 4 60
1758 1 59 87 41
1759 1 36 83 27 33
1760 2 48 72 69 87 82
1761 2 84 59
1762 2 5 11 76 40 45
1763 2 73 89
1764 1 6 84
1765 1 72 97
1766 1 82 46
1767 2 35 40 41 1
1768 2 64 25 9 80 36
1769 2 62 86 97 74 79
1770 2 45 27 38 19
1771 1 63 8 88 70
1772 2 43 68 37 75
1773 1 60
1774 2 17 73 94 101
1775 2 12 92 4 47 18
1776 2 36
1777 2 93 37
1778 1 2 26 46
1779 1 15 35
1780 2 8 83 66
1781 1 5 33
1782 1 32 30 80
1783 2 32 98 95 7 94
1784 2 3 67
1785 1 25
1786 2 101 32 52 91 1
1787 1 73
1788 2 65 55 47 70
1789 2 53 99
1790 1 89 93 74 76 80
1791 1 37 30 18 28 40
1792 1 56 15
1793 2 95
1794 2 26 43
1795 1 58 2
1796 1 46 97 36 28 50
1797 2 39 100 9 36
1798 2 78 1
1799 1 48 55 52 3
1800 2 3 39
1801 1 54
1802 2 95 13 8 43
1803 1 84 50
1804 2 65
1805 2 69 78
1806 1 62 80
1807 2 11
1808 2 101 93 67 26 6
1809 2 96 30 75 11
1810 2 41
1811 2 10 31 15 68 61
1812 1 15 82 35
1813 1 48 3 81
1814 2 83
1815 2 74
1816 1 50 42 84 76 54
1817 2 45 53 42 30 9
1818 2 23 56 58 39
1819 1 12 67
1820 1 96
1821 2 37 60 22 56 89
1822 2 80
1823 2 15 27 72 100
1824 2 93 80 5
1825 2 18 63 39
1826 1 22 2 71 91 36
1827 1 75 82 53
1828 1 25 61 93 46 71
1829 1 8 55
1830 1 41 6 81
1831 1 50 70 19
1832 1 92
1833 2 77 2 41 58 7
1834 2 53 92 33
1835 1 59
1836 1 19
1837 1 4 36 93 73
1838 1 1 14 70 82
1839 1 22 11
1840 2 22
1841 2 73 65
1842 1 72
1843 2 77 98 54 15 71
1844 2 25
1845 1 6 72
1846 2 52 71 80 79 61
1847 2 82
1848 1 19 15
1849 2 33 54 68 29 19
1850 2 96 41
1851 1 83
1852 1 100 17 52
1853 1 96 101
1854 1 64
1855 2 3 60 45
1856 2 23 11 76 46 32
1857 1 36 7
1858 2 100 96
1859 2 61 3 27
1860 1 52 55 97 31 35
1861 1 8 91
1862 1 50 73 49
1863 1 8
1864 1 43 69 72 88
1865 2 46
1866 2 18 100
1867 1 99 3
1868 2 95 13 36
1869 1 93 65
1870 2 73 82 86
1871 1 69
1872 2 77 82 88 60
1873 1 66 72 89 7 62
1874 1 82 95 32 94 72
1875 1 39 77 22
1876 1 98 24 57
1877 1 80 42
1878 1 27
1879 2 54 25
1880 1 7 1 3 72
1881 1 80 5 11 51
1882 1 64 18
1883 1 81 99
1884 2 35 95
1885 2 92 27 36
1886 1 17 1 82 42
1887 2 41 94 85 53 27
1888 1 78 17 13
1889 2 65 22 34 93
1890 2 34 7 83
1891 2 47 43
1892 1 77 20 61
1893 2 23 7 71 84
1894 1 28 96 77
1895 2 93 85
1896 2 50 83 94
1897 2 93 23 54 62 8
1898 2 89 69
1899 1 78 23
1900 2 7
1901 1 91 26 94 13 28
1902 2 5 10 71
1903 1 69 44
1904 1 98 51
1905 1 80
1906 1 19 80 92
1907 2 35 93 38
1908 1 96 74
1909 2 31 55 96
1910 1 82
1911 1 91 1 62 27
1912 2 69
1913 2 67
1914 1 16 1
1915 1 35 75
1916 2 88 99 30 25
1917 1 73 91 99
1918 2 99 100 8
1919 2 15 22 54 42
1920 2 78 31 99
1921 2 69 53 77 89
1922 1 55 65 30
1923 2 29 21
1924 2 88 33 3 40
1925 2 96 65 54
1926 1 60
1927 2 5 74 18 56 86
1928 1 65 98 91 46
1929 1 31
1930 1 72 30 65 36
1931 1 22 60 78
1932 1 13
1933 2 35 50
1934 2 21 51
1935 2 49 32
1936 2 2 37 64
1937 2 49
1938 1 9 99 81 43 2
1939 2 41
1940 1 12 58
1941 1 64 48 74
1942 2 46 66 6
1943 2 40
1944 1 85
1945 1 33 36 82
1946 2 27 51
1947 2 60
1948 1 17 83
1949 1 100 75
1950 2 8 82 43
1951 2 84 30
1952 2 73 30 21 77 101
1953 1 4 66 11 70
1954 1 26 4
1955 2 31 39
1956 1 72
1957 2 77 97 88 94 19
1958 2 55 94 89 34 82
1959 1 57 9 24 36 59
1960 2 58 42 11 70
1961 1 55 94 101 13 69
1962 2 2 7 79 12
1963 2 101 87 67 79
1964 2 90 70 82 92
1965 1 25
1966 2 4
1967 1 70 85
1968 1 16
1969 1 9 48 58
1970 2 29
1971 1 69 94 66
1972 1 83 28 4 68
1973 1 47 65 86 33 54
1974 1 73 89 16
1975 1 22
1976 2 56 23 99 72
1977 2 96 63 98 72 41
1978 1 70 30 2
1979 1 41 15 24
1980 2 24 64 30 69
1981 1 46
1982 2 81 32
1983 2 27 99
1984 1 16 91
1985 2 62 53 14 28 16
1986 1 1
1987 2 58 4
1988 2 63
1989 1 101
1990 2 44 64 88
1991 2 20 2
1992 2 62 70 97 73 15
1993 1 51 19
1994 1 7
1995 2 39 63
1996 1 24 4 83 26 71
1997 2 2
1998 2 80 47 18
1999 1 16
2000 2 12 52 42
2001 1 35 18 61 3
2002 1 94 79 29 80 72
2003 1 90
2004 1 37 28
2005 2 39 25 64 100 69
2006 2 41 17 59
2007 2 9 33 46 38
2008 1 14 50 37 47
2009 2 5 93
2010 1 59
2011 2 63 25
2012 1 64
2013 1 88
2014 2 85
2015 2 14 69 43
2016 1 44 85 17
2017 1 13 44 85 97
2018 2 8 57
2019 2 99 35
2020 2 34 19
2021 1 42 59 76 84 60
2022 2 15 2
2023 1 88 81 3 10 34
2024 2 2 61 19 86 81
2025 1 44 59 72 68
2026 2 8 69 36 42
2027 1 73 84
2028 2 17 72 14 8
2029 1 91 54 100
2030 1 77 56
2031 2 81 89
2032 2 54 57 34 16 80
2033 2 65 86 3 85 13
2034 2 35 82
2035 1 16
2036 1 74 30
2037 2 1
2038 2 75 38 47 27 45
2039 1 19 39 65 84
2040 1 40 4 98 70 74
2041 2 6 48 83 11
2042 1 22 7 26 57
2043 1 94 26 57 17
2044 1 6
2045 1 27 69 58 45
2046 2 86
2047 2 30
2048 1 11 23 93 59
2049 2 76 6
2050 2 6 64
2051 2 15
2052 1 33 12
2053 2 27 54 4 19 42
2054 1 39
2055 1 31 43
2056 1 25 16
2057 1 93
2058 2 65 13
2059 2 76
2060 2 5 9 55
2061 2 55 10 86
2062 2 83 35 90
2063 1 48 80 46 32 90
2064 1 27
2065 1 24 11
2066 2 68 22
2067 1 46 76 101 67
2068 2 6
2069 2 4 67
2070 2 39 100 48 37 12
2071 2 16 83
2072 2 69 86 46
2073 2 89 98 101 69
2074 2 36 58
2075 2 26 56 10
2076 1 11 32 64 1
2077 1 92 98
2078 2 87 99 2
2079 2 42
2080 1 42 74 64
2081 2 91 39 73
2082 1 65 88 72 16 91
2083 1 29 11 13 41 69
2084 1 68 97
2085 2 26 69 57 96 14
2086 1 81 19 73 84
2087 2 18
2088 1 8 4 96 23
2089 1 88 37
2090 2 53 47 61
2091 2 30 54 6
2092 2 81 87 75 49
2093 1 56 63
2094 1 73 35 48
2095 1 1 72 74
2096 1 38 13
2097 1 15 43 74 51 50
2098 2 9
2099 2 65 7 66 3
2100 1 87 23 50 90 64
2101 1 98 99 43
2102 1 95 16 4
2103 2 52 59 10
2104 2 30 85 37 28 15
2105 2 40 98 75 72 68
2106 2 101 56 43 34 15
2107 2 80 30 96
2108 1 72
2109 1 31 7 71 97
2110 1 31 44 5 57 82
2111 1 97 67
2112 2 87
2113 2 89 42 19
2114 2 85 53 23
2115 1 4 7
2116 1 21 13 100 32 53
2117 2 80 53 39
2118 1 18 81 14 84
2119 1 75 87 31
2120 2 63
2121 2 39 67
2122 2 28 30
2123 1 51 56 49 38
2124 2 17 28 14
2125 1 31 1 74 51 93
2126 1 76 94 43
2127 2 46 77
2128 1 93 53 3 34
2129 2 85 48 31 18 73
2130 1 7 8 9
2131 1 41 93 66 29 22
2132 1 62 98
2133 2 60 64 39 47 67
2134 2 14 31 101 90 51
2135 2 15 101 67 8 84
2136 1 13 65 7 58
2137 1 4 98 28 94 27
2138 1 60 63
2139 2 43 49 26
2140 2 80 87
2141 1 97 81 17 18
2142 1 50 77 92
2143 1 78 60 88 15
2144 2 59
2145 1 60 80 90
2146 1 101
2147 2 6
2148 2 30 5 58
2149 2 98
2150 1 11 67
2151 1 94 19
2152 2 1 6 37 96 59
2153 1 57 24 51 15
2154 1 37 30 82
2155 2 89
2156 1 80
2157 2 19 77 97 82
2158 1 98 92 99
2159 1 32 85
2160 2 26 70 34 58
2161 1 53
2162 2 38 39 33
2163 1 81
2164 1 80
2165 2 65 4
2166 1 13
2167 2 31 48 90
2168 1 78 2 71
2169 2 51 58 50 35 64
2170 1 41
2171 2 58 62
2172 1 11 67
2173 2 28 7 59
2174 1 48 46 80 75
2175 2 77 61 84 30 6
2176 1 83 42 2
2177 1 94 81 52 74
2178 2 40 67
2179 1 76 97 36 22
2180 2 62 63 34 50 47
2181 2 49 71 48
2182 1 41
2183 1 43 49 62 69 55
2184 2 97 40 76
2185 1 72 73 45 9 52
2186 1 60 62
2187 2 44
2188 1 95 54
2189 1 17 81 55
2190 1 68 76 72 87 61
2191 2 10
2192 1 97 65 42 88
2193 2 19 92
2194 1 64 28 47 12
2195 2 82 36 54
2196 2 47 54 13 87
2197 2 31 74 12 88
2198 1 12 94 27
2199 2 62 52
2200 2 15
2201 1 93 44 99
2202 1 37 35 24 28
2203 2 86 28
2204 2 58 90
2205 2 64 65
2206 1 59 10
2207 2 15 19
2208 2 94 60 98 5
2209 2 25 78 21 32
2210 2 86 70 78
2211 1 66 40 82 81 30
2212 1 13
2213 2 12
2214 2 29 77
2215 2 36 68 41 30 85
2216 2 80 75 62 53 92
2217 1 30 83 65
2218 2 23
2219 1 23
2220 2 37 94 11 60 77
2221 2 89 62 73
2222 1 101 87 11
2223 2 70 95 80 99 50
2224 2 17 29
2225 2 21
2226 1 99 81
2227 1 62 86 97
2228 2 53 6 27 35 38
2229 1 24
2230 2 92 80
2231 2 6 10 83
2232 1 58 93 90 63
2233 2 40 94 85 72
2234 1 69 33 68 34
2235 2 86 7 71 3
2236 1 18
2237 1 87
2238 2 67
2239 1 91
2240 1 45 68 5
2241 2 28 59 7
2242 2 93 94 17 75 82
2243 2 82 66
2244 1 54 45 28 4
2245 2 18
2246 2 76 32 34
2247 1 92 65
2248 2 53
2249 1 47 1 99
2250 1 27 16 60 3
2251 2 89 87 19
2252 1 35 32 86 83 57
2253 2 95 19 20 65
2254 1 10 86 66 26 79
2255 1 19 66 83 56 93
2256 2 22 21
2257 2 54 62 17
2258 1 63 33 1
2259 2 28 38 74 45
2260 1 27
2261 1 86 50 75 92 5
2262 2 87 48 90 81 11
2263 1 37 7 101
2264 2 13 62
2265 2 64 60 61 7 6
2266 2 11 36 4 7
2267 1 84
2268 2 10
2269 2 1 47 83 12 57
2270 1 52
2271 2 23 41
2272 1 95 82 54 64
2273 2 97 29
2274 2 89
2275 2 12
2276 1 90 70 78 28 88
2277 1 95 68 11 1
2278 2 26 4
2279 2 23 34
2280 2 89 4 81 87 14
2281 1 12 69 84 2
2282 1 92 64 34 96
2283 1 25 65
2284 1 58 93 19 18 53
2285 2 95 7 79 47
2286 1 3 58 25
2287 1 59 61 80 14 28
2288 1 17 35 19 90 77
2289 1 72 37 18
2290 2 11
2291 1 34 76 82 88 2
2292 1 45
2293 1 78 81 56 12 18
2294 2 15 52 18 73 41
2295 1 66
2296 1 56 14 59 98
2297 2 12
2298 1 80 27 89
2299 1 80 51 60 95
2300 2 94 11 82
2301 1 25 6 11
2302 2 5 58 33
2303 2 31
2304 1 55 54
2305 1 53 79 17 27 82
2306 1 85
2307 2 2 73 39 15 64
2308 1 64
2309 1 69 46 55 100
2310 1 15 7 40
2311 1 60
2312 2 98 12 56 94 42
2313 1 78 91 44
2314 1 2 33 16 44
2315 1 45 76 84 10
2316 2 25
2317 1 66 59 70 35 78
2318 1 66 80 49 78
2319 2 26 4 7
2320 2 24 86
2321 1 5
2322 2 100 47 22 66
2323 2 36 85
2324 2 50 69 52
2325 1 34 81
2326 2 14 27 58
2327 1 39 68
2328 2 101 23 4 72 77
2329 2 39
2330 2 35 58 56
2331 2 75
2332 2 6 69
2333 2 48 59 54 88 98
2334 1 13 19 2 48 89
2335 2 50
2336 2 41 16 45 78
2337 2 22
2338 2 86 79 32 22 39
2339 1 36 10 47
2340 2 73
2341 2 9 40 90 94 39
2342 2 65 11 30 94 75
2343 2 29 73 82 85 50
2344 1 61 28
2345 2 24
2346 1 5
2347 2 60 48 27
2348 2 94 20 1 13 18
2349 2 59 37 30
2350 1 3
2351 1 19 43 50
2352 1 40 44 43 41 20
2353 1 70 93
2354 2 37 24 3 28
2355 1 26 50 56 6 73
2356 1 41 58 43
2357 1 91 66 49 38 22
2358 2 35 16 21 55
2359 1 39 7
2360 2 61 12 94
2361 1 21
2362 1 2 11
2363 2 3 96 28 73
2364 2 98 19 65 69
2365 1 98
2366 2 21 5 37 79 47
2367 1 67 33 73 36
2368 1 28 79 20 55 6
2369 1 68 22 15 66 28
2370 2 57
2371 2 65 7 17
2372 1 79
2373 1 70 88
2374 2 59
2375 1 96 59 11 76
2376 1 69 8
2377 2 33 12 27 5
2378 2 45 6 13 80
2379 1 28 42 46 70
2380 2 23 43
2381 1 43 33
2382 1 1 84 87
2383 2 16 97 84 13 74
2384 1 68 71
2385 1 29 3 79 33
2386 2 100 29 91
2387 1 7 83
2388 1 77 69 60 90 99
2389 2 74 77 53 72 43
2390 1 61
2391 1 95 21 50 61 4
2392 1 54
2393 2 80 12 28 39 76
2394 1 51 82
2395 1 100 71
2396 2 45 62 70 6
2397 2 101 54 100 20 12
2398 2 36 76 17 73 94
2399 2 35
2400 1 96 58 72 13
2401 1 81
2402 1 78 93
2403 1 59 66 76
2404 1 21
2405 1 10 26 20
2406 1 77 90
2407 2 27 1 28 68
2408 1 58 68 73 10
2409 2 18 52
2410 1 84 85
2411 1 93 54
2412 1 68
2413 2 39 20 6 34
2414 1 100 89 60
2415 1 37 43
2416 1 99
2417 1 14 61 11 101
2418 2 81 71
2419 2 18
2420 1 31 38 14
2421 1 79 71 61
2422 2 65
2423 1 5 82 51
2424 2 29 59 10 33 44
2425 2 29
2426 2 81 29 88
2427 1 63 11
2428 1 99
2429 1 73 78 70 60
2430 1 4 5
2431 1 50
2432 2 86
2433 2 27 85 76 50
2434 2 71
2435 1 51 82 86 87
2436 2 67 90 55 20 15
2437 2 90
2438 2 74 25 39
2439 2 70 4
2440 2 25 2 61 42 92
2441 1 86 64 9 14
2442 2 31 76 69 55 37
2443 1 53 95 17 100
2444 2 25 24 29 34
2445 2 47 99 8 86 53
2446 2 2 60 84 99
2447 2 99 101 87 74
2448 2 30 61 100
2449 1 2
2450 1 28
2451 2 101 76 61
2452 2 71 50 91 31
2453 2 8
2454 2 87 68 51 66
2455 2 96 7 25
2456 1 4
2457 1 47
2458 1 86 18 2
2459 1 7
2460 2 10 51 28 68
2461 1 30
2462 1 54 22 15 52
2463 2 34 44 3 40
2464 1 62 72
2465 1 7 38 34 23
2466 2 8
2467 2 47 14
2468 2 55 87
2469 2 90 50 41 62 99
2470 1 76 14 90 70 43
2471 2 32 29
2472 2 84
2473 2 101 90 88 15
2474 1 41 33 47 86 5
2475 1 2
2476 2 58 45 30 21 31
2477 1 49 48 69
2478 2 39 41 68 50 22
2479 1 12 100 63
2480 2 56 8 22 6
2481 2 37 5 74 99
2482 1 40
2483 2 23 30 82
2484 1 15
2485 2 44 14
2486 2 24
2487 2 4 96 93 42
2488 2 28 33
2489 1 5
2490 1 29 54 31 19
2491 1 26 53 16 83
2492 1 50 32 100 26
2493 2 15 20 9
2494 1 8 47
2495 1 73 11 44
2496 1 90 59
2497 1 100 23
2498 2 47 99 64 95 33
2499 1 64 81
2500 1 28 22 2 43 4
2501 2 69 94 29 20 74
2502 1 5 91
2503 2 87 25 19
2504 2 33
2505 2 95 16
2506 2 83
2507 1 79 91 44
2508 2 96 24 55
2509 2 82 11
2510 1 67 68 74
2511 1 53 82 19 88 58
2512 2 8 72 9 52 21
2513 2 23 46 67
2514 2 46 35 1 96
2515 1 17 60
2516 2 32 53 90 37
2517 1 101 6 94
2518 2 37 40 17 78 13
2519 1 59
2520 1 80 19 46
2521 2 18 92 69 9
2522 2 17 10 15 64 33
2523 1 91 52 6 17
2524 1 11 52 19 90 96
2525 2 54 16 45 3
2526 1 81 43 70 62 77
2527 1 12 57 58 59 32
2528 1 21 43 79
2529 2 52 32 10 40
2530 2 25 40
2531 1 57
2532 2 33 17 36 37 39
2533 2 43 33 90
2534 2 2
2535 2 26 99 24 46
2536 1 77
2537 2 28
2538 1 85 96 36 19
2539 2 44
2540 1 99 97 95 15
2541 2 70 58 74
2542 2 58 79 4 60
2543 2 64 26 46
2544 2 63 86 57 49
2545 1 6 48 61
2546 2 83 22
2547 2 77 78
2548 2 44 50 34 11
2549 1 55 31 90
2550 1 26 5 64 99 56
2551 2 30
2552 1 92 73
2553 1 68 51
2554 1 84
2555 2 6 74
2556 2 22 85 60 99
2557 1 36 12 91
2558 1 81 91
2559 2 47 43 75 95
2560 1 65 96 17 72
2561 2 15 47 1 36
2562 1 44 66 47
2563 1 87 32 76 96
2564 2 10 35 41 22 75
2565 1 28 83 32 92 38
2566 2 58 2 56
2567 1 89 62 91
2568 2 84 71
2569 1 11 20 5 61 100
2570 2 35 19
2571 1 45 6 14 13 75
2572 2 56 65
2573 2 27 9
2574 2 37 78 99 80
2575 1 3 39 101 51
2576 1 93 28 32
2577 1 52 38 82 53
2578 2 53 30
2579 2 26 55
2580 2 15
2581 1 9 57 74
2582 2 34 33 14 64
2583 1 56
2584 1 66
2585 1 82 80 42
2586 1 35 91 99 19
2587 2 86 5 34
2588 1 76 99 17 18 97
2589 2 14 93 12 16 4
2590 2 49 41 101 91
2591 2 50 62 63
2592 1 33
2593 2 24 57
2594 1 87 59 77
2595 2 57
2596 1 66 82
2597 1 89 11
2598 2 28 66 71 44
2599 1 54
2600 1 100 34 15 31
2601 2 17
2602 1 45 38
2603 2 99 56 49
2604 2 4 59
2605 2 79 70 92
2606 1 72 24
2607 2 18 100 23 22
2608 1 85 81 11
2609 1 22
2610 2 74 101 23 18 67
2611 1 90
2612 2 97 76 7 55 84
2613 1 25 48 13 20
2614 1 52 26 80
2615 2 10 83 50 65
2616 1 4 16 75 54 94
2617 2 66 11 63 35 49
2618 1 13 47 5 4 16
2619 1 9 81 6 1
2620 1 59 7 28 79 20
2621 2 96 97
2622 1 11 66 43 70 67
2623 2 11 9 63 82 94
2624 1 47
2625 2 12 75
2626 2 43 24 18
2627 2 7 17 71 97 29
2628 2 94 15 64 17
2629 2 5 14
2630 1 83 85
2631 1 60 13
2632 1 26 85 5 3
2633 2 82 25
2634 2 101 17 40
2635 1 82
2636 1 57 41 47 84
2637 2 21
2638 1 44
2639 2 53 22 30 29 82
2640 1 86 93 14 16 65
2641 1 43 66 67
2642 2 88 37 93 92
2643 2 45 66 56 30 64
2644 1 13
2645 1 67 94 84
2646 2 100 58 29 11 5
2647 2 83 13 55
2648 2 34 56 81 35
2649 1 88
2650 1 72 30 25 1
2651 1 63 55 86 37
2652 1 15
2653 2 84 52 35
2654 2 57 13 42 1
2655 1 46 67 44
2656 1 49 5 9 6 33
2657 2 60 1 57 9
2658 1 69 32 24
2659 2 13 97 94 59 66
2660 1 69 95 46
2661 1 81 44 90 99
2662 1 69
2663 1 66 77 37
2664 1 53
2665 2 90 27
2666 2 67 52 57 28
2667 2 1 79
2668 1 65 98 71 38
2669 2 87 29
2670 2 76 59
2671 1 23 17 94 4
2672 1 34 38 57 43
2673 2 37 61
2674 1 68
2675 2 66 2 68 40 44
2676 2 68 10
2677 1 17 69 62 60 36
2678 2 46 92 32
2679 2 98 93 72 4 101
2680 2 55 3 60 23
2681 2 58
2682 1 21
2683 1 32 56 40
2684 1 33 68 79 27
2685 2 67 80 49 40
2686 1 55 93 18 64 45
2687 1 5 62 45 40 101
2688 1 71 34 98 85 6
2689 1 95 41
2690 1 32 27 22 38
2691 2 96
2692 1 40 62
2693 2 75 49 22 101 12
2694 1 1 11
2695 2 62
2696 1 37 21 99
2697 1 80 98
2698 2 69 51
2699 2 44
2700 2 6
2701 2 55 75
2702 2 94 40 81
2703 1 11 67 91
2704 1 54 95 89
2705 2 76
2706 2 90 3 26 71
2707 1 10 44 5
2708 2 48 58 39 81 99
2709 2 72
2710 2 41
2711 2 5
2712 2 92
2713 2 79 100 90 75
2714 2 2
2715 2 48
2716 2 63
2717 2 87 90 23 71
2718 2 19
2719 2 76 95 4 56
2720 2 8 38 36 54
2721 2 101 1 68 87 74
2722 2 74
2723 1 101 42 89 81
2724 1 60 9 94
2725 2 31 49
2726 1 2 20 3 42 100
2727 2 53
2728 2 33 95
2729 2 8 2 9 36 4
2730 1 98 46
2731 2 87 33 64 10 5
2732 2 65 20 86
2733 2 66 91
2734 1 66 54 37 41 10
2735 2 58
2736 2 81 2
2737 1 86 99 14 44
2738 2 69 92 60
2739 1 1 67 4 11 92
2740 2 7 83 66 41
2741 1 17 26 77
2742 1 7 37 6 2 70
2743 2 46 91 51 36
2744 1 96
2745 1 88 28
2746 1 85 86 2
2747 1 7 9 64
2748 1 72
2749 2 8
2750 1 88
2751 1 93 43 85 37 13
2752 2 70 19 69 46
2753 2 12 8 83 50 27
2754 2 38 23 92 79
2755 2 67
2756 2 78
2757 2 86 42 65 82 89
2758 1 66 37 57 5 56
2759 1 69 61
2760 1 54 76 46
2761 1 89 94 20
2762 1 94
2763 1 52 20 12 44
2764 1 78 89
2765 2 59 88 35 94
2766 2 64
2767 2 49
2768 1 11 70 54
2769 1 14 29
2770 1 91
2771 2 31 19 97 30
2772 1 37 94
2773 2 26
2774 2 81 9 86 13 68
2775 1 8 57 36 32
2776 2 82 92
2777 1 92 66 54 3 100
2778 2 85 70 50
2779 2 52
2780 1 61 26 86 51
2781 2 99
2782 1 27 17
2783 1 78 23
2784 2 54
2785 1 95 82
2786 2 60 25 76
2787 2 47
2788 2 58
2789 1 94 2 65 61
2790 2 12 76 26 100 1
2791 1 86 47 53
2792 2 28 97
2793 1 61
2794 2 10
2795 1 62 9
2796 1 21 8 80 58
2797 2 69 23
2798 1 58 20 31 26 85
2799 1 37
2800 1 60 31
2801 2 99 32 89
2802 2 47
2803 2 5 60 57
2804 2 41 88 12 18 63
2805 2 99 23 34 14
2806 1 88 1 23 19
2807 1 38 40 56 16
2808 2 69 61
2809 1 20 79 83
2810 2 62
2811 2 69 63 91 25
2812 1 28 15 48 37 22
2813 1 77 32 61 70 54
2814 2 51 90
2815 2 55 21
2816 2 25
2817 2 48 13 33
2818 1 36
2819 2 39 20 58 88 47
2820 2 94 65 57
2821 1 42 84 45
2822 1 24
2823 1 78 44 3
2824 1 80
2825 2 94
2826 2 80
2827 1 30 3 97 22
2828 1 51 95 92
2829 1 68 9 63 34
2830 1 55 34 62 90 76
2831 1 44
2832 2 13 45 56
2833 2 62 11 10 3 1
2834 1 68 6
2835 2 92 83 66
2836 1 2 63 48
2837 1 46 70
2838 2 16 22 42 13
2839 1 91
2840 2 16 17 48 52 54
2841 2 81 17 10 49 70
2842 2 91 83 72
2843 1 62
2844 2 23 86
2845 2 97
2846 2 26 37 15 16 55
2847 1 101 93 80 100
2848 2 52 18 39
2849 2 16
2850 1 64 62 92
2851 1 8
2852 1 48 96
2853 1 86 74 44
2854 2 41 75
2855 1 88 49 99
2856 2 66 11 76 2
2857 1 72 16
2858 1 38 4 78
2859 2 31 92 70 46
2860 2 25
2861 1 9
2862 2 54 69 79
2863 1 79 78 68 9 2
2864 1 72 37 2 68 75
2865 2 36 35 62 90 1
2866 2 84 99 29 9
2867 1 76
2868 1 75
2869 1 27 31 54 26 95
2870 1 38
2871 2 85 81 62
2872 2 41
2873 2 8 4 85 54 40
2874 2 56
2875 2 58 41 95
2876 1 68 7 36 90
2877 2 78 51 28
2878 2 10
2879 2 59 2 29 73 72
2880 1 46 32 68 80 1
2881 2 13 45 51 91
2882 1 67 84 12 20 60
2883 1 23
2884 1 55 23
2885 1 100
2886 1 52 59
2887 2 61 28 2
2888 2 72
2889 2 50 90 86
2890 2 71 10 18
2891 1 37 48
2892 2 44
2893 1 81 58 28 59
2894 1 14
2895 1 26 3 69 77 36
2896 1 83 46
2897 1 19 21
2898 1 64 46 75 60
2899 1 50 61 85 31
2900 1 86 65 87 50
2901 1 73 28 52 14
2902 1 98 49 75
2903 1 19
2904 1 42 78
2905 1 75 46 27 22
2906 1 24
2907 1 33 64
2908 1 78 40 69
2909 1 55 79 42
2910 2 25 17 15
2911 2 67
2912 2 28 34
2913 2 38 88 29
2914 1 83 66 64
2915 1 58 65 95
2916 2 46
2917 2 86
2918 2 85
2919 1 18 53 58 50
2920 1 87 9 97 37
2921 2 57 46
2922 1 62 85 71 44 77
2923 1 100
2924 1 95 40
2925 2 56 65 82 80
2926 1 39 91 17 86 24
2927 1 46 38 74 55
2928 1 31 93 38
2929 1 70 4 100
2930 1 50 62 2
2931 1 18 5 39 88 86
2932 1 65 1
2933 2 5 74 20 23
2934 1 72 67 31
2935 1 1 91 4 54 13
2936 2 34 63
2937 1 70 26 72 29
2938 1 25 65 37
2939 1 83 15 49 76 26
2940 1 100 80 48
2941 1 39 44
2942 1 23 4 8 30
2943 1 89 90 76 59
2944 1 90
2945 1 4 80 77
2946 2 49 10 47
2947 1 53 60 1 95
2948 2 62 72 12
2949 1 95 23 7 97 74
2950 2 14 33 58
2951 1 64
2952 2 99 79
2953 2 19 53
2954 1 91 90 15
2955 2 25
2956 2 43 68
2957 2 52 67 96 63 38
2958 1 27 29 81 49 90
2959 1 69 96 18
2960 2 58 11
2961 1 100 80 92
2962 2 85 99 27 93 14
2963 1 2 55
2964 2 89
2965 1 30 101
2966 2 30 68 71
2967 2 48 14
2968 2 73
2969 1 1 96 10 42 6
2970 1 63 38 97
2971 1 21 73 53 22 9
2972 2 15 97 59
2973 2 78 7 42
2974 1 37 49 7 56 89
2975 2 34
2976 2 97 9 85
2977 2 4
2978 1 54 46 71
2979 2 85 31 71 65 9
2980 1 66 67 30
2981 1 23 98 96
2982 1 92 7
2983 2 45 15 96 63 18
2984 1 71 88
2985 1 36 73
2986 1 34 18 62 35 33
2987 2 90 44 21 4 43
2988 1 27 11 57 99
2989 2 49 63
2990 2 92 54
2991 1 97 50
2992 1 10 82 83 31
2993 2 26 20 95
2994 1 71 68
2995 1 97 43 79
2996 1 88
2997 2 96 7 42
2998 1 46 62
2999 2 65 41 42 81 49
3000 1 88 97 60 71 70
3001 2 22 92 89 81
3002 1 1
3003 2 50 56 36
3004 2 66 45
3005 1 80 97 73 7
3006 2 71 65 66 43 93
3007 2 65 21 93
3008 2 28
3009 2 68 87 70 95 8
3010 1 57 15 25
3011 1 23 70 61 55 65
3012 1 31 36 88
3013 2 20 52 96 39
3014 1 44
3015 2 78 13 50 97
3016 1 62 72 69 5
3017 1 29 12
3018 2 81 22
3019 2 30
3020 1 65 61 12 11
3021 2 85
3022 1 101 41 9 98
3023 1 32 95
3024 1 16 83 4 66 38
3025 2 94 1 11 82
3026 1 5 30 29
3027 2 92 22 48
3028 2 30 43
3029 1 1 51
3030 1 47 93 81 25 84
3031 1 86
3032 2 66 68 42
3033 2 53 59
3034 1 12
3035 1 77 60
3036 2 36 54 75 34 57
3037 1 80 48 58 23 89
3038 2 41 52
3039 1 33 18 54 25
3040 2 34
3041 2 56 83 31 65 49
3042 2 90
3043 2 63
3044 2 87 81 19
3045 2 95
3046 2 64 34 1 78
3047 2 49
3048 1 21 81
3049 1 88 15 13 29
3050 2 87
3051 1 49 83 84 8
3052 2 80
3053 1 75 17 87
3054 2 20 66
3055 1 43 30 27 81
3056 1 83 52 61 6
3057 1 32 63 6 24 11
3058 2 65 9 58
3059 1 45
3060 1 31
3061 2 25 87 57 47
3062 1 20 88 15
3063 2 41 81 53 99
3064 2 31 37 84 94 38
3065 2 63
3066 2 72 20 10
3067 1 57 47 8 7 28
3068 2 55 61 93
3069 2 38 69 98
3070 1 19 68 30 77
3071 1 75
3072 2 70 17
3073 2 26 47 27 70
3074 2 51 37 52
3075 2 25 30
3076 1 34 66 24 63
3077 2 15 18 7
3078 2 58
3079 1 28 37 31 1
3080 1 72 71 25 45 63
3081 1 34 30 22 85
3082 2 60 54 77 35
3083 2 23 16 101
3084 2 10 60
3085 2 42 56
3086 2 64
3087 2 48
3088 1 97 72 37
3089 1 35 86
3090 1 71 11 35 95 61
3091 1 76 53 98 61 3
3092 2 33 80 23 64 85
3093 2 49 93 50
3094 2 16 40 58 63 32
3095 2 21 83 33
3096 1 44
3097 2 98 94
3098 2 22
3099 2 95 44 65
3100 1 49
3101 1 99
3102 2 41 53 5
3103 2 33
3104 2 12 6 63 14
3105 1 15 91 65
3106 1 91 82 95 88
3107 1 12 42
3108 1 67
3109 1 48 9 54
3110 1 39 27
3111 2 45 39 74 19
3112 2 15 89 67 58 27
3113 1 26 73 33
3114 1 29 39 17 42
3115 1 96
3116 2 30 59 34 89 97
3117 2 23
3118 2 34 26
3119 1 82 24 21
3120 1 1 60 16 57 83
3121 2 29
3122 2 39
3123 1 24 34 66 70
3124 2 29 78
3125 1 8 41 39 78 50
3126 1 70 67 42 73
3127 1 23 59 11 83
3128 1 21 15
3129 2 59 70 101
3130 2 90 83 46 99 88
3131 2 67 68 48 77 35
3132 2 27 81 10
3133 1 7 71 55 25
3134 2 27 89 18
3135 1 93
3136 2 32 35
3137 2 96 11 74 38 8
3138 2 81 36
3139 2 69 72
3140 1 35 51 88 56
3141 2 91
3142 2 13 68 66 51 92
3143 2 71 101
3144 2 34 26
3145 2 83 85 78
3146 2 4 2 72 63 89
3147 1 49 16 5 30 35
3148 2 68 51
3149 2 60 9 58 73 87
3150 1 4
3151 1 31 75
3152 2 27 53
3153 2 90 87 93 1 56
3154 1 40
3155 2 34 16 63 8
3156 1 34 30
3157 2 87 46 42 47 56
3158 1 71 3 33 81
3159 2 54 32 61
3160 1 17 36 11 100
3161 2 55 11 65 62
3162 2 19 81 37 50 65
3163 1 31
3164 2 63 40 64 9
3165 2 59
3166 2 79 50 65 100
3167 2 27 61 9
3168 1 61 26 13
3169 2 47 48
3170 1 3 16 18 7 98
3171 2 73 82
3172 2 69
3173 2 17 61
3174 2 92 10 42
3175 2 1 65 82 50
3176 2 2
3177 1 24
3178 1 83 99 56 46 12
3179 2 66 81 63 34 61
3180 1 50 1 49 36
3181 1 30 97 71 38
3182 2 87 20 91
3183 1 81
3184 2 78 50
3185 2 52
3186 2 60 9 43
3187 1 25 47 26 12 62
3188 1 17 14 26 85
3189 1 70 77 96 52 97
3190 2 32 58 72 46
3191 2 94
3192 1 71 51 44
3193 2 6 70 37 98 20
3194 1 78 92 5 90
3195 1 59
3196 1 53 14 68 36 87
3197 1 9 77 64 96
3198 2 81
3199 1 73
3200 1 67
3201 2 94 14 11
3202 2 59 79 53
3203 1 75 8 24 11 45
3204 2 52 54 95 17 5
3205 1 43
3206 1 2
3207 2 39 11 57 89 49
3208 1 22 31 70 9 61
3209 1 29 20 25 35 46
3210 1 72 30 49 78 77
3211 1 28 63 22
3212 1 95 20
3213 2 54 36 57
3214 1 56 14 42 99
3215 1 56 63 55
3216 2 22
3217 2 64 72 34 98 18
3218 2 42 95 28
3219 2 68 73
3220 1 7 25
3221 1 39
3222 1 42 22
3223 1 40 36
3224 2 9
3225 2 91 47 75 56 64
3226 2 1 13 22
3227 1 93 38 44
3228 2 96 10 70 54
3229 1 51 16 66 81 82
3230 2 47 31 53 5
3231 2 15 24 21 54 5
3232 1 82
3233 2 55 88 3 66 60
3234 2 44
3235 2 98
3236 2 79 88 50 23 38
3237 2 10 50 30 76 21
3238 2 49
3239 2 70 96 13 76 11
3240 2 88 76 9 89 66
3241 2 67 3 94 29
3242 2 41 4 35
3243 2 96 52 2 22 43
3244 1 94 61 97 93
3245 2 87 2
3246 2 4 95
3247 2 39 52 84 95
3248 1 4 23 50
3249 2 14 40
3250 1 33 96 97 100
3251 2 51 101
3252 2 85
3253 2 13 87 36 35 93
3254 1 4 88
3255 1 12 5
3256 2 17 61 47 40 75
3257 1 60 84 39 77 99
3258 1 10 91 89 79 21
3259 1 83 95 67 3 36
3260 1 50 39
3261 2 22 4 27 96 82
3262 1 28 31 4 78 70
3263 2 90 11
3264 2 35 93
3265 2 53
3266 2 49
3267 1 96
3268 1 36 1
3269 1 10 9 63 69
3270 1 36
3271 1 27 9 97
3272 1 29 87
3273 1 88 75 30
3274 1 8 97 25
3275 2 6 69 23 88
3276 2 54
3277 2 98 47 58
3278 1 99 58 77 83
3279 2 93 87
3280 1 100 27 66 23 71
3281 1 51 91 92
3282 2 79 95 92 98
3283 2 16 25
3284 1 20 74 5 79
3285 1 94 69
3286 1 63 10
3287 1 38 53 99 33
3288 2 10 9
3289 2 29
3290 2 9 80
3291 2 100 86 71
3292 1 55
3293 1 83 38 51
3294 1 12 25 76 20 84
3295 2 22 50 70 69 52
3296 1 20 76 28 12 34
3297 2 26 84 90 8 48
3298 1 63 72 99 35
3299 2 36 63
3300 1 51 73 5
3301 2 43 44 45
3302 2 65 1 25 44 82
3303 1 61 9 1 49 16
3304 2 91
3305 1 72 90 24 63
3306 1 15
3307 2 12 4
3308 1 10 6 9
3309 2 18 14
3310 2 74
3311 1 82 22
3312 2 50 31 4 67 37
3313 2 14 85 86 65
3314 2 85 93 52 95
3315 1 5 73 10 39 49
3316 1 39 15 65 18
3317 2 25 5 51 79 70
3318 1 100 90 10 39
3319 2 78
3320 2 6 49
3321 2 5 44 57
3322 1 45
3323 2 21 94 36 22 66
3324 2 56
3325 1 95 46 38
3326 2 4
3327 2 69 56 71
3328 2 25 100 78
3329 2 33
3330 1 34
3331 1 55 80 18
3332 1 57
3333 2 5
3334 2 31
3335 1 1 98 11 85 89
3336 2 57 14 93
3337 2 59
3338 2 10 93 51 73 3
3339 1 67
3340 1 86 41 1 14
3341 1 101
3342 1 46 101 90 1 49
3343 2 19
3344 1 73
3345 1 79 68 60 8
3346 1 60
3347 2 80
3348 1 58
3349 2 68 65 39 62 54
3350 1 23 49
3351 1 4 56 49
3352 1 9 79 35 83
3353 1 66 81 9 44
3354 2 57 7 81 25 64
3355 1 76 91 36 26 7
3356 2 7 17 79 68 46
3357 2 69 87
3358 2 80 97
3359 1 79
3360 1 9 16
3361 1 28 82 52 14 84
3362 1 12 92 28
3363 2 60
3364 2 79
3365 1 48
3366 2 23 31 54 26 99
3367 2 67 74
3368 1 89 20 95 90 21
3369 1 98 90 21 29 73
3370 2 47 46
3371 1 97 93
3372 2 15 24 17 63
3373 1 68 26
3374 1 30 65 56 86
3375 2 36 2 77
3376 2 14 81 49 1
3377 1 44 63 93
3378 1 85 5
3379 2 6 94 59 8 74
3380 1 4 59
3381 1 82 32 31 6
3382 2 86 10
3383 2 61 27
3384 1 67 47 46
3385 1 32 58
3386 2 11
3387 2 1 64 98 44
3388 2 9
3389 1 72 30 63 97 95
3390 2 44 23
3391 1 52 60 26
3392 1 66 45 51 30 87
3393 2 27 55 3 29 94
3394 1 96 21
3395 2 71
3396 2 50 74
3397 1 4 83 36
3398 2 32
3399 2 22 31
3400 2 54 48 100
3401 1 2 93
3402 2 42
3403 1 20 2 9 96 90
3404 2 95 100
3405 1 25 67 54 20
3406 2 26 63 68 12 79
3407 2 26 80 14 31 73
3408 1 97 100 80 51
3409 1 51
3410 2 15 10 12 93 97
3411 2 36 16
3412 1 24 43 21 23
3413 1 34 46 74
3414 1 12 45
3415 1 90
3416 1 84 88 51 2 18
3417 1 42 26 15 81
3418 1 95
3419 1 49 14 46
3420 2 54
3421 1 52 30 88 68
3422 1 3 12 22 14
3423 2 22 6
3424 2 6 28 4 73 99
3425 2 9 47 84
3426 1 63 31 59 39 57
3427 2 98 66 20 11 30
3428 1 47 51 21 58
3429 1 47 91 18
3430 2 76 63
3431 2 69 55
3432 2 49 31 50
3433 1 2 30
3434 2 17 30 89 12
3435 1 71 63 20
3436 2 64 76 97 32
3437 1 45 1 23
3438 2 40 63 68 10 73
3439 1 16
3440 1 53 29 9 72 75
3441 2 83 28
3442 1 30
3443 1 17 22 71 68 39
3444 2 34 73
3445 1 96 50 60 43 1
3446 2 83 25 51 56
3447 1 7 66 67
3448 2 83 81 93 41
3449 1 101 6
3450 1 74 35 49 66 20
3451 1 9
3452 2 18 14
3453 2 74
3454 1 59 17
3455 2 67 28 83 54
3456 2 84
3457 1 80 64 72 73
3458 2 7
3459 2 20 53 11
3460 2 84 46 67 22
3461 1 82 48 86
3462 2 28 91 62
3463 1 34 71 15
3464 2 35 23 50 26
3465 2 2
3466 1 63 74
3467 1 18 89 32 81 35
3468 2 46 77
3469 2 26
3470 1 78 30 22 60
3471 2 47 2 9
3472 2 32 65 72
3473 1 42 74 69
3474 1 50 57 60 86 89
3475 1 31 84 19 33
3476 1 36 75 64 16 35
3477 2 42 66
3478 2 96 78 62 47 73
3479 1 25 93 29 73 21
3480 2 50 31 84 71
3481 2 18 10
3482 2 75 98
3483 2 93 4 77 12
3484 1 38
3485 2 38
3486 2 64
3487 2 1
3488 1 9
3489 1 22 63 1 80 68
3490 1 26 33 6
3491 2 94 54 68 51 57
3492 2 9 16 42 4
3493 2 100 22 39
3494 1 79 9 80 30
3495 2 75 73
3496 2 24 19 81
3497 1 23 61 3 91
3498 1 51
3499 1 91 70 94
3500 2 57 38 63
3501 2 47
3502 1 8 26
3503 2 36 13
3504 2 63 11 68
3505 2 19 58 84 56
3506 2 100 52
3507 1 3 99 100
3508 1 62
3509 1 95 84 76
3510 2 44 32 88 83
3511 1 87 21 64
3512 2 98 71 28 101
3513 1 101
3514 2 85 56 35 101 92
3515 2 91
3516 2 18 42 13
3517 2 101 95 12
3518 2 60 29 81 37
3519 1 101 8 27 100
3520 1 97
3521 1 36 41 54
3522 2 35 58 52 4
3523 2 75 90 101 24
3524 2 1
3525 2 10 58 56
3526 1 101
3527 2 15
3528 2 96 36 49
3529 2 64 61
3530 2 62
3531 1 100 83 54
3532 1 96 62 4 5
3533 2 24 2 86 42 30
3534 1 100 95 78
3535 1 48 21 86
3536 2 69 28
3537 2 79 35
3538 2 89 7 71 86
3539 2 51
3540 1 78 56 90 11 91
3541 1 26 13
3542 1 101 19
3543 1 54 62
3544 2 37 73 96
3545 1 22 33 49 41 81
3546 2 19 35 7
3547 1 55
3548 2 30 100 85 71 44
3549 2 39 90 44
3550 1 16 91 27 45
3551 2 79 62
3552 2 84 10 99 47
3553 2 7 46 45
3554 1 5 3
3555 1 11
3556 2 2
3557 2 95
3558 1 22 101 71 80 16
3559 1 70 39 73 23
3560 2 2 39 52 21 78
3561 1 99 92 69 61 78
3562 2 5
3563 2 57 75 36 65 4
3564 1 3 34 73 26
3565 1 97 92 31 25 76
3566 1 70 43 27 95 2
3567 2 44
3568 1 19 58
3569 1 7 66 26
3570 1 87 66
3571 2 95 34
3572 1 57
3573 1 6 77 83 36 25
3574 1 35 81
3575 1 47
3576 1 101 15 69 75
3577 1 39
3578 1 100 10
3579 1 77 59
3580 2 71 46 75
3581 2 54 82
3582 1 91 84 38 76
3583 2 23 13
3584 2 38 43 15 58
3585 2 80 51 66
3586 1 60 55 83 12
3587 1 34 84 32
3588 1 100 13 79 31 71
3589 1 94 93 67
3590 1 49 59 65
3591 1 91 26 49 23
3592 2 7 89 28
3593 1 21 16
3594 1 61
3595 2 49 94 57 24
3596 1 72 45 58 63
3597 2 1
3598 1 8 55
3599 1 62
3600 2 74 10 34
3601 2 86 98 21 77
3602 2 21 83 22
3603 2 18 63
3604 2 17 61 57 91 55
3605 2 70 3 19 91 38
3606 1 43 76
3607 1 60 101 9 51 30
3608 2 33
3609 1 25 101 13
3610 1 96
3611 1 20
3612 1 13
3613 1 24 70
3614 2 65 42
3615 2 13 101 18
3616 1 36 83 69 18 41
3617 2 99 93 16 11 44
3618 2 83
3619 2 86 65 17 27 60
3620 1 74 17
3621 2 21 72 63 29
3622 1 42 48 53 94 20
3623 1 18 86
3624 1 48
3625 1 88 42
3626 1 101 20
3627 1 1
3628 1 44 89 82 22 30
3629 1 15 78 29 63 68
3630 2 62 55 12
3631 1 63
3632 2 42 21
3633 1 1 34
3634 1 67 42
3635 2 45 27 81 34 69
3636 1 27 36 39 24
3637 1 8 11
3638 2 64 7 6 91
3639 1 2 89 23 27
3640 1 32 74
3641 1 27 21 42
3642 2 76 11 40 36 88
3643 1 24
3644 1 72 25 50 53 24
3645 2 44
3646 2 4
3647 2 38 64 98
3648 2 55 58 52 48 90
3649 1 50 86 21 6 93
3650 1 82 19
3651 2 97 24
3652 2 8 28
3653 1 91 70 34 45
3654 1 5
3655 2 12 33 9
3656 1 8 53
3657 2 15
3658 1 51 66
3659 2 70 1 66 91
3660 2 57 18 41 99
3661 1 78 48 77 10 53
3662 2 65 29 53 40
3663 1 31 89
3664 1 89 62 41 39 1
3665 2 20 46 58 69
3666 1 36
3667 2 2 43 26
3668 2 65 7 89
3669 1 12 99 9 57 23
3670 1 58 20
3671 1 57 41
3672 2 47 45 7 81 72
3673 2 9 22 50 20 95
3674 1 5 48
3675 2 22 47 44
3676 1 61 90 68
3677 2 94 35 88
3678 1 45 85 89 63 82
3679 2 12 21 56
3680 2 24 75 22
3681 2 2 90 34
3682 1 57 69 76 50 61
3683 2 86 37 95
3684 2 30 65 28
3685 1 3 64
3686 2 24 39 55 61
3687 1 29 36 67 89
3688 2 89 3
3689 2 63 101 4 46
3690 1 55 52 37
3691 2 32 9 82
3692 1 17
3693 2 35 8 28 79
3694 1 74 79
3695 1 26
3696 1 31 80 61
3697 1 95
3698 1 23 69 43 19 36
3699 2 86
3700 1 14 71
3701 2 4 10 70 33 51
3702 1 11 67
3703 2 60 80 84 87
3704 2 70 72 59
3705 2 7 4 31
3706 2 5 78 68
3707 1 85 76 25 18 96
3708 1 100 83 45 8 92
3709 2 48 17 23
3710 2 13
3711 2 89 62 52
3712 2 81 50
3713 2 30 4 40 1 71
3714 1 89
3715 1 22 99 47
3716 2 5 66 25
3717 2 40 99 42 96
3718 2 58 93 4 37 45
3719 1 97 19 28
3720 1 71 34 11 73 78
3721 1 35 17 18 41
3722 1 90 81 59 30 26
3723 1 72 49
3724 1 82 68
3725 2 87 91 11
3726 1 1 77 40
3727 1 73 57 101 85 31
3728 1 53 95 55 28
3729 2 11 41 86 70 9
3730 2 75 25 82 10 68
3731 2 1 87
3732 1 46
3733 2 2 85 18
3734 2 98 14
3735 2 55 44 17 72
3736 1 49 46 52 56
3737 1 12 36 6 68 38
3738 2 8
3739 1 63 94 65 81 95
3740 2 57 66 56 75 92
3741 1 32 70 44 8
3742 1 25 84 95
3743 1 4
3744 2 59 93
3745 2 96 5 63 32 36
3746 2 99 40 97 80 66
3747 1 79 85 82 43 70
3748 1 86 7 37 93 61
3749 2 100 8 59
3750 1 87
3751 1 10 99
3752 2 13 77 53 21 40
3753 1 32 99 94 35 63
3754 2 38 15
3755 1 65 68 74 87
3756 2 47 81 75 28
3757 2 65 23 1
3758 1 76 41
3759 1 1 25
3760 1 1
3761 1 77 55
3762 1 6 99
3763 1 89 75 48
3764 2 78 23 43 52
3765 1 97 30 19
3766 2 19 77 23
3767 1 90 62
3768 2 66 7 98
3769 1 1 39 38 98
3770 1 83 92
3771 1 7 101 28
3772 1 85
3773 2 13 9 37 101
3774 1 40 67 47
3775 2 10 56
3776 1 80 47
3777 2 67 1
3778 2 90 83
3779 1 25 54 28
3780 2 99 44 54
3781 2 57 86
3782 2 11 83 92
3783 1 79 71
3784 1 9 20
3785 2 100 95
3786 1 17 74
3787 1 26 66 6 72 39
3788 2 84 82 93 68
3789 1 69 34 90 27
3790 2 63 66 27 60 36
3791 1 99 91 85
3792 1 47
3793 1 93 14 50 24
3794 2 64 23
3795 2 90 74 71 56 51
3796 1 55 57 58
3797 2 45 57 67 3
3798 2 7 31 5 80
3799 1 34 8 20 31
3800 2 47 55
3801 1 30 84
3802 1 98 6 62 84 17
3803 2 24 3 40 18
3804 1 22
3805 2 68
3806 1 27 77
3807 2 95 5
3808 1 16 5 23 56 55
3809 2 95 69 48 96
3810 1 88 84
3811 1 75
3812 2 26 3
3813 2 71 59
3814 1 99 8
3815 1 32 40
3816 2 42 31
3817 1 19
3818 2 58 100 9
3819 2 18
3820 1 96 37 17 64 33
3821 2 64 29 54
3822 1 32 51
3823 1 73 44
3824 1 43
3825 2 77 19
3826 1 85 95 42
3827 1 33
3828 1 42 84 30
3829 1 80 8 59 49 97
3830 2 88
3831 2 40 62
3832 1 35 2 30 44 20
3833 1 92 96
3834 2 93 95
3835 1 60 2 63
3836 2 17 84 14 96 65
3837 2 92 60 43
3838 1 50 30 47
3839 2 26
3840 1 64 1 68 4 70
3841 2 51 96 40 25 66
3842 2 95 66 22 56 78
3843 2 15 54
3844 1 31
3845 1 40 5
3846 2 50 56 82
3847 1 45 8
3848 1 64 18 70 1 73
3849 2 76 9 25
3850 1 25 32 78
3851 2 60 22 33 100
3852 2 57 54 47 94
3853 1 98 11 43 15
3854 2 88
3855 1 90 84 41 71 35
3856 1 78
3857 2 68 5 36 27
3858 1 27
3859 1 30
3860 1 85
3861 1 3 32 39
3862 2 20 34 55
3863 2 48 20 71 29
3864 1 25 28
3865 1 54 31 62 48 41
3866 1 10 20 58 28 49
3867 2 59 74 39 68
3868 2 87
3869 2 69 15
3870 1 66 4 44 94 81
3871 1 84 64 71 41
3872 1 54 15
3873 2 32
3874 2 42
3875 1 30 47 71 1
3876 2 55
3877 1 8 39 75 29
3878 2 94 83 96 55 72
3879 1 58 10 22 53
3880 2 40 66 34 97
3881 1 51 29 2 49
3882 1 43
3883 1 89 46 18
3884 2 88 63 98 1
3885 1 74 5
3886 2 23 50 47 82
3887 2 18 88 60
3888 2 18 11 17
3889 2 89 19 34
3890 1 85 75
3891 2 65 4 59 76 82
3892 1 22 38 100
3893 1 13 32
3894 1 7 30 55
3895 2 101 37 87 51
3896 2 24 76 15 35 66
3897 2 16 29 80 10
3898 1 99 28 101 71
3899 1 67 3 6
3900 1 26 48
3901 2 80 14 49
3902 1 89 28 15 6 43
3903 1 85 5 17
3904 2 25 60 39
3905 2 4 25 72
3906 1 30 28 1
3907 2 36 3
3908 1 60 4 81 46
3909 1 24 29 1 6
3910 2 24 82 68 54
3911 2 15 53 51
3912 1 42
3913 2 22 66
3914 2 43
3915 1 91 27 70 58
3916 2 93 78
3917 2 37 65 61 10 7
3918 2 36 56 68 85
3919 2 60 14 98
3920 1 33 30 29 69 72
3921 2 98
3922 1 22 70 18 94 48
3923 2 33
3924 2 7 36
3925 2 1 66 11
3926 1 2 36 53 67 16
3927 1 10
3928 2 40 94
3929 1 35 90 91 48 21
3930 2 32 55
3931 1 84 81 34 65 86
3932 2 62 101 11 30
3933 2 80
3934 1 3 80 50 62
3935 1 42 60 17 96 8
3936 2 67 46 43 56 9
3937 2 35 69 92 101 75
3938 2 79 25 92 97
3939 1 97 85 28
3940 1 84 51 27 88 63
3941 1 70
3942 1 70 17
3943 1 23 15 8 57
3944 1 63 75 15
3945 2 96 3 17 53 95
3946 2 48 79 89 17
3947 1 49 35 2 79
3948 2 58 66 77 12
3949 2 78
3950 1 20 78 57 4
3951 1 30
3952 2 91
3953 2 23 3 82
3954 1 56 37 11
3955 1 52 92
3956 1 84 6 5
3957 1 98 60
3958 1 62 53 73 23
3959 1 20
3960 1 48
3961 2 91 10 5
3962 2 14 19 18 91
3963 1 72
3964 2 88
3965 2 82 45 62
3966 2 57
3967 1 28
3968 2 19 77 62
3969 2 39 26 56 47 81
3970 1 16 99 51 74 54
3971 2 21 28
3972 1 44 99 46
3973 1 73 80 8 69 48
3974 1 11 37 51 20 50
3975 2 86 50 43 100
3976 2 12 46 29 6 97
3977 1 9 8 17
3978 2 76 32
3979 2 74 73 3 44 83
3980 1 16 67 60
3981 2 67
3982 2 71 21 73 66
3983 1 2 97 52 101
3984 2 20
3985 1 77 25
3986 2 57
3987 1 29
3988 2 90 22
3989 2 76 26 52
3990 2 67 45 4 27
3991 1 43
3992 1 74 8 90
3993 1 3
3994 1 39 47 25 24 22
3995 2 52
3996 1 44 97 73
3997 1 98
3998 1 4 70
3999 1 90 83 36 21 56
4000 2 54 74 88 12
4001 2 39 55
4002 2 28 86 5 19 69
4003 1 76
4004 1 63 59 39 3 87
4005 1 62 53 44
4006 1 40
4007 2 23 53 86 70 89
4008 1 44 60 18 77
4009 2 59
4010 2 24 20 7 4 66
4011 2 84 37
4012 2 80 72 75
4013 2 8 36 95
4014 1 47 6 75
4015 2 44 21
4016 2 28 97 26 65
4017 2 94 60
4018 2 14 11
4019 1 39 84 75
4020 1 42 75
4021 1 23 35
4022 1 9 83 35 65
4023 2 13 55 40 73
4024 1 47
4025 2 86 58 91 47
4026 1 17 23 88
4027 1 81 55
4028 1 8
4029 1 78
4030 2 59
4031 1 14 54
4032 2 90
4033 2 72 65 89 101
4034 2 65 87 95 40 56
4035 1 26
4036 1 92 50 66
4037 2 49 51
4038 2 99 41 84 94
4039 1 61 41 69 79 2
4040 2 82 31 85 98
4041 1 30 9 35 26
4042 1 44 12 25 19 11
4043 1 59 75 95 70 53
4044 1 84 61 91
4045 2 77 3 21 49 47
4046 1 69
4047 1 7 24
4048 1 101 15
4049 2 20 31 47 28
4050 2 94 73 40 21
4051 1 19 34 68 60
4052 2 46 86 28
4053 2 21 93 25
4054 1 77 63
4055 2 52 96
4056 1 52 57 95
4057 1 32 67 45 25 52
4058 1 40 12 84 88
4059 1 15 20 40 14 50
4060 1 88 3 57 2 72
4061 1 87 32 62 1 50
4062 2 98 72 89 21 95
4063 1 95 62 86 23 12
4064 2 60 11 1 39 89
4065 1 74 88 8
4066 2 92 89 19 25 87
4067 2 87 14 16 1 49
4068 2 66 70
4069 2 46 34 57
4070 2 49 50
4071 2 32
4072 1 20 93
4073 2 21 52 29
4074 2 14 61
4075 1 34 41 38 53
4076 2 79 38 10
4077 1 13 34 71 22 47
4078 2 9 49
4079 2 23
4080 2 84 31 33 88
4081 2 55 30 74 93
4082 2 36 58 101
4083 1 65
4084 1 87 15 24 25 101
4085 2 89
4086 2 55 57 77 16 98
4087 2 100
4088 2 49 3 2
4089 2 95 29 99 30
4090 2 61 72
4091 1 70
4092 1 33 53 91
4093 2 67
4094 1 15 71 11
4095 1 90 33 83
4096 1 50 95 83 42 82
4097 1 50
4098 1 42 5 45
4099 2 77 31 24
4100 2 33 101 79 43
4101 1 40
4102 2 66
4103 2 51 61 24 74
4104 2 32 51 74 84
4105 1 93
4106 2 17 93 89
4107 1 53 57 36 89 29
4108 2 21 53 72 96
4109 1 99 30 9 2
4110 2 97 68 52 31
4111 2 84 62 68 52 7
4112 1 43 10 68 80 69
4113 2 93 54 72 32 17
4114 1 40 97
4115 1 86 63 47
4116 2 30 91 76 31 1
4117 2 36
4118 2 59 12 37 28 11
4119 2 69 76 83 96
4120 1 1 99 3 75 55
4121 1 44 66
4122 1 11 53 5 89 67
4123 2 25 77 30
4124 1 94 4 13 28
4125 2 17 10 74 1
4126 1 13 94
4127 2 73 10 70 30
4128 2 73 1 85 45 49
4129 2 53 38 23 49
4130 2 48 66 53
4131 2 56
4132 2 22 95 30 16
4133 2 18
4134 2 21 62
4135 1 14 36 6 67 75
4136 1 70 24 44 96 71
4137 1 67 19 13 89
4138 1 42
4139 2 58 41 49
4140 2 21
4141 1 61
4142 1 90 21 46 51
4143 1 44 42
4144 1 82 62 76
4145 2 87 15 97 72
4146 2 3 13 97
4147 2 52 21 24 70 57
4148 2 11 67
4149 1 45 100 53
4150 2 50 13 24
4151 2 79 7 21 75
4152 1 83 79
4153 2 24 23 87 1 98
4154 1 91 28 72
4155 2 89
4156 1 39 46 28 78 99
4157 1 62 71 18 60
4158 1 24 97 83 88 75
4159 1 34
4160 1 5 12 97
4161 2 27 57 2 45
4162 1 15 31 21 53
4163 1 35
4164 1 29 72 101
4165 2 55
4166 1 46 33
4167 1 101
4168 1 55 50
4169 2 63 69
4170 2 43 86 37 14
4171 1 86 78
4172 1 39 18 82 29 9
4173 1 41
4174 1 24 15 32 93 26
4175 2 44 68 84 88 62
4176 2 69 72
4177 1 91 82 23
4178 2 12 75 18 59
4179 1 15 40 91
4180 1 68 93 34 12
4181 2 8 94 99
4182 1 96 31
4183 1 51 31 21 99 95
4184 2 69 88
4185 1 58 82 24 45
4186 1 54 42 69 53 1
4187 2 4 80
4188 1 1
4189 2 61 29 4 98 24
4190 1 83 47 42
4191 2 85 43 53 75 70
4192 1 64 57 43 35 32
4193 2 79 74 73 76
4194 1 89 55
4195 1 101 24
4196 2 18
4197 1 1 16 39
4198 2 26
4199 2 20 63 69 54
4200 2 48 51 73 65
4201 1 1 40 82 53
4202 2 22 44 76 63 34
4203 1 85 83 18 100
4204 2 82 17
4205 1 88 29 28 8
4206 1 41 33 87 12 30
4207 1 95 94 57 68 38
4208 2 5
4209 1 34 100
4210 2 95 8 17 90
4211 2 56 9
4212 2 54 29
4213 1 81 51 100 99 57
4214 2 34 16 89 43 45
4215 1 71 14 76
4216 2 15 50 36
4217 2 69 89 83 96
4218 1 32 82 43
4219 2 93 89 97 56 53
4220 1 47
4221 1 20 61 62
4222 1 58 90 51
4223 2 70
4224 1 87 53 22
4225 2 92 46 43 65
4226 2 15
4227 1 28 58
4228 1 85 38 79
4229 1 2 48 31 50 80
4230 1 23 34 16 89 24
4231 1 69 79 7
4232 1 71 46 55 100
4233 2 87 14 17 94
4234 2 10 34 72 18 30
4235 1 21 94 24
4236 2 64 27
4237 1 47 8
4238 2 68 44 37 26 74
4239 2 66 88 44 99 69
4240 2 72 97 93
4241 1 63 93 31
4242 1 87 57 16
4243 1 98 52 55 75 27
4244 2 66 101
4245 2 60
4246 2 59 92 70 84 48
4247 1 96 31
4248 2 65 70 20 15
4249 1 57 98 28
4250 2 77
4251 2 16
4252 2 21 27 42 84 70
4253 2 89
4254 1 79 40 1 74
4255 1 65 83 40 51
4256 2 85 60 3
4257 1 86 66 74 80 31
4258 2 35
4259 1 18 64 43 99 50
4260 1 36 80 18 54
4261 1 76 66
4262 2 87 67 98 81
4263 1 59 44 14
4264 1 98 32
4265 1 93
4266 1 99 36
4267 1 70
4268 1 25 14 30
4269 2 73 70 47
4270 2 10
4271 1 22
4272 1 38 47 101 91 67
4273 2 36 13
4274 1 55 13 89 14
4275 1 67 60 96 25 28
4276 1 43 85 74 94 3
4277 2 82 21 35 13 69
4278 2 96
4279 2 94 7 70
4280 2 74 8 100 30 13
4281 1 17 98 15 83 61
4282 1 23 77 42 34
4283 1 92 25 4 2 74
4284 1 4
4285 1 89
4286 2 2
4287 1 14 87
4288 2 94 28 13
4289 1 46
4290 1 7 62 24
4291 2 37 13 63 15
4292 2 91 42
4293 1 50 61 6
4294 1 5 59 42 91 1
4295 1 83 44 3 48
4296 2 62 36
4297 1 49 70 51 94
4298 1 78
4299 1 13
4300 2 86 6
4301 1 75 26 86 100
4302 1 37 2 11
4303 2 99
4304 1 66
4305 1 95 84
4306 1 55
4307 2 78 59 11 45
4308 1 67
4309 1 35 70 69 88
4310 1 38 80
4311 2 14 45 90
4312 1 18
4313 1 41 82 26
4314 2 63
4315 1 76 101 27 70 50
4316 1 64 98
4317 2 16
4318 1 16 78 72 8
4319 2 11 2
4320 2 71 60 25 76
4321 2 66
4322 1 60 65 51 48 17
4323 2 65
4324 2 90 62 5
4325 1 10 9 17 33
4326 2 37 71 47
4327 1 76 43 54 62 37
4328 1 38
4329 1 33
4330 1 33 17 67
4331 1 88 56 9
4332 1 85
4333 1 12 6 63 81 47
4334 2 56 96
4335 2 38 9
4336 2 10 101 41 98 50
4337 2 12 88 90
4338 2 78 51 3
4339 1 72 47 55 31 57
4340 2 65 2 22 50
4341 2 23 100 50 101
4342 1 15 17 10
4343 1 42 100 14 49 74
4344 2 38 55 57
4345 2 84 97
4346 2 17 9 98
4347 1 24 90
4348 2 22 24 33
4349 1 43
4350 1 68 59 38 28 58
4351 2 45 83
4352 2 3
4353 1 90 72
4354 2 26
4355 1 32 62
4356 1 52
4357 1 9 96
4358 1 12 59
4359 1 56 89 15 69
4360 2 58 14 49
4361 2 86 12 4
4362 2 94 52 90
4363 1 95
4364 1 79
4365 1 25 77
4366 1 13 89
4367 2 93 84 47
4368 1 75 32 86 92 100
4369 1 45 88 14
4370 2 64 37
4371 1 72 86
4372 2 70
4373 2 13 78 11 43
4374 1 34 79 84 22
4375 2 83 56 24 2
4376 1 81 57 10 72
4377 2 51
4378 1 10 55 83 73
4379 1 48 85 72 97 81
4380 1 36 7
4381 1 70 22 82 23
4382 2 34
4383 2 96 92 68 54
4384 1 63 95 17
4385 2 98 38 82 63 19
4386 1 4 83 2 52 32
4387 2 52 39 93
4388 2 83
4389 1 60 95 73 66
4390 1 9 7
4391 1 18 95
4392 2 21 64 55 90
4393 2 14 60 84
4394 1 18 48 59
4395 1 55 25 54
4396 2 42 24 7 57
4397 1 92 28 82 3
4398 1 63 47
4399 2 93 57 47 67
4400 1 81
4401 1 81
4402 2 7 21
4403 2 61 91 41 66
4404 1 94 101
4405 1 64 9
4406 1 27 92 88 83 22
4407 1 6 2 26 94 38
4408 2 66 3 25 86
4409 1 93
4410 1 67 43 44
4411 1 51 96
4412 2 85 59 95 56 78
4413 1 13
4414 2 21 16 5 68 98
4415 2 9
4416 2 32 94
4417 1 26
4418 1 83 61 37
4419 1 37 10 26 64 30
4420 2 58 66
4421 1 1 29 26
4422 2 35 4 30
4423 2 20 13 53 1
4424 2 25 22 44 88 82
4425 2 39 49
4426 1 44 79
4427 1 99 58
4428 2 37 49 68
4429 2 32 65 35 18
4430 2 17 89 91 15 66
4431 2 71 92 100 42
4432 2 35 56 24
4433 2 51
4434 1 51 42
4435 1 4 43
4436 1 45
4437 2 32 95 10 59 16
4438 1 91 73
4439 2 33 82
4440 2 92 82 33
4441 2 67 73 40 33 49
4442 2 14 19 76
4443 1 78 41
4444 1 64 3 75 12
4445 1 70 2 47
4446 1 37 75
4447 2 93 95 96
4448 2 11 66 54 31 51
4449 2 56 15 16 25 29
4450 1 17
4451 1 27 56 23
4452 1 38 49 53 83
4453 1 8 32
4454 2 100 76 58 81 33
4455 2 52
4456 2 83 1
4457 2 54 96 13 77
4458 2 88 4 72 17 91
4459 1 19 81 27 91 7
4460 1 18 39 1 24
4461 1 23 37 72 2
4462 2 45
4463 2 38 41
4464 1 31 91
4465 2 42 31 15
4466 1 91 18 50 9
4467 1 88 24
4468 1 93 30 10 77 95
4469 2 21 7
4470 1 42 13 95 58
4471 1 95
4472 1 56 98 5 11 29
4473 2 45 36 87 47
4474 1 70 73 97 18
4475 2 36 55 20
4476 1 13 23
4477 1 66 68 88
4478 1 55
4479 1 8
4480 1 33 39 48
4481 2 23 71 49
4482 1 92 20 29 24
4483 2 33 83 68
4484 1 46 71 40 13 49
4485 1 52
4486 2 88 83
4487 2 55 53 29 1
4488 1 86 90
4489 2 59 7 32 79 20
4490 1 34 86 58
4491 2 53
4492 1 58 98 92
4493 1 91 34 82 76
4494 1 24 45
4495 1 1 66
4496 2 17
4497 1 61 1 85
4498 2 1 79 95 68
4499 2 78 16 42 6
4500 1 97 69 17 13 98
4501 1 83 79 57 90 10
4502 2 5 92
4503 1 64 11 82
4504 2 59 91
4505 1 48 95
4506 1 87
4507 1 38 88 49
4508 1 99 40
4509 1 65 30 50 70 45
4510 2 20 48 61
4511 1 58 24
4512 2 92 98
4513 2 28 67
4514 1 40 50 43
4515 1 11
4516 1 11 8
4517 1 35 100 40
4518 1 27 38 100
4519 1 74 94 10 13
4520 2 79 1
4521 2 65 62 90 78
4522 2 43
4523 1 21 96 78
4524 1 23
4525 2 49 70
4526 1 6 41
4527 2 26 21 56 96
4528 1 81 44 43 28 91
4529 2 92 28 5 53 98
4530 2 79 100 15
4531 2 27
4532 2 53 31 2 17
4533 1 41
4534 1 60 26 63
4535 1 10 44 3 14
4536 1 61 33 55 69
4537 2 42 26 77 52 44
4538 1 58 64 70 76
4539 2 55 93 19 21
4540 1 61 59
4541 1 38 51 17 35
4542 2 11 21 24 81 3
4543 1 43 17 10 88
4544 1 6 31 26 18 45
4545 1 46 91 78
4546 1 47 29
4547 2 77
4548 2 9 89 20 21
4549 1 99
4550 1 58 88
4551 2 77 13 52 67
4552 2 43 56
4553 2 56 75 53
4554 2 68 44 31 88 66
4555 1 57 7 72
4556 1 26 81 57 32
4557 2 4 63 30 20
4558 2 97 80 37 12 101
4559 1 71 44 73
4560 2 97 7 79 83
4561 2 35 52 25 10
4562 1 82
4563 2 77 48 10 3 66
4564 2 48 16 83
4565 1 86 26 44 4 10
4566 2 5 49 79
4567 1 80
4568 1 49 5 70 7 59
4569 1 24 96 22 39
4570 1 37 44
4571 1 21 68 89 13
4572 2 15 61
4573 1 84 96
4574 1 8 41 11
4575 2 37 20
4576 1 30 43 37 91
4577 2 39
4578 2 16 87 91 17 100
4579 2 100 2 46 75 84
4580 2 62 68 93 66 44
4581 1 86 41 3
4582 1 10 80
4583 1 58
4584 2 3 47 74 58 5
4585 1 4 83 72 101 8
4586 1 48 54 1 19 34
4587 1 27 65 84 71
4588 2 95
4589 1 86 76 19 87
4590 1 96 62 89 37
4591 2 44 40 59 60 15
4592 2 1 50 22 66 95
4593 2 96 61
4594 1 75
4595 2 33 37 93 17
4596 2 1 82 86 77 26
4597 1 46
4598 1 83 41 66 31
4599 2 7
4600 2 35 54 12 27
4601 2 10 51
4602 2 54 87 80 61 74
4603 2 73 57 71 49 44
4604 1 21 11 78
4605 2 47
4606 2 79 91 87
4607 1 95 35 93
4608 2 63 38
4609 1 42 98 95 10
4610 2 51
4611 2 13
4612 1 75 67 92 66 101
4613 1 34 11 78
4614 1 72
4615 2 80 36 1 64 88
4616 2 74 38 52
4617 2 13 34 71
4618 2 90 53 77 45
4619 1 33 54 85 57 62
4620 2 12
4621 2 47 23
4622 1 23 92 85 40
4623 1 62
4624 2 58 40 48
4625 2 81
4626 1 56 13
4627 2 56 59 97 18 57
4628 2 1 43 101
4629 1 14 36 84 90
4630 1 54 94 40
4631 1 16 9
4632 2 88 47 41 61 85
4633 1 86 88 60
4634 1 61 51 76 17
4635 1 71 41
4636 2 61 95 16
4637 1 66
4638 1 84
4639 2 46 57
4640 2 67 100 31 37 88
4641 1 30 18 26 41 24
4642 1 46 43 21 52 34
4643 1 45 32 36 15 83
4644 2 33 4 85
4645 1 34 22
4646 1 32
4647 1 25 26 96 2 22
4648 2 59 42 55
4649 2 57 26 47 71
4650 2 9
4651 2 91 98 63
4652 1 55 3 41 21
4653 1 84 26 64 35
4654 1 1 78 27 33 67
4655 2 58 57
4656 2 46 81 41 49
4657 1 67
4658 1 48 89 94
4659 2 55 25 52
4660 1 97 29
4661 1 30 96 81
4662 1 47
4663 2 51 26 44 7 100
4664 1 45 74 15 90 97
4665 1 21 29 43 95
4666 1 28 9 6
4667 2 85
4668 1 98
4669 1 12 61 76 32
4670 1 88 64 31 59 12
4671 1 5
4672 1 76 22 99
4673 1 98 72 12 13
4674 1 42 17 55
4675 2 28
4676 1 15 24 50 23 1
4677 2 36
4678 2 87 71
4679 2 38 23
4680 1 101 13
4681 1 13
4682 1 37 101 12 41 49
4683 1 91 32
4684 2 42
4685 2 19 40 100 59
4686 1 57 82
4687 2 50
4688 2 37
4689 1 13 81 73 53
4690 1 47 76 74 64
4691 2 69 84 68 40 53
4692 1 80 52
4693 1 29 95 87 44
4694 2 84
4695 1 7 56 44 77 81
4696 2 20 52 25 7
4697 1 91 42 12 79 67
4698 1 68 1
4699 1 35
4700 2 65 13 2 36
4701 1 32
4702 1 14 56
4703 2 16 6 97
4704 1 3 58 25 77
4705 2 50 80
4706 2 3 69 20 43
4707 2 101 17 3 16 4
4708 2 16 99 51 94 34
4709 2 43
4710 2 88
4711 2 32 40 52
4712 1 4 72 30 9
4713 2 46 30 6 32 34
4714 2 4 57 46 30
4715 1 24 89
4716 2 67 63
4717 2 44 8 57 58 69
4718 1 19 66 48
4719 1 65
4720 1 23 51 17
4721 1 82 37 59 60 80
4722 2 50 1 51 32 84
4723 2 82 52
4724 1 83 101
4725 1 59 26 94 93 86
4726 2 24 77 14 53
4727 2 58 17 74
4728 1 98 81 5
4729 2 35 52 54 93 86
4730 2 40
4731 1 65 83 22
4732 2 66 63
4733 2 81 53 70 29 71
4734 1 71 11 58 22 86
4735 1 50
4736 1 12 100 3
4737 1 21 34 70 6 76
4738 2 15 85
4739 1 41 97 18 59
4740 2 89 37 30 69 31
4741 1 79 5 42 51
4742 1 1
4743 2 90 54 57
4744 1 82 46 57 83 99
4745 1 21 78 28 19 55
4746 2 35 45 99 65
4747 1 75 66
4748 2 97 81
4749 2 70 38 37
4750 2 5 6 31 85 57
4751 2 45 55 65 38
4752 2 82 46 5
4753 1 58 3 30
4754 2 38 74
4755 1 43 66 31 46
4756 1 40
4757 2 77 55 95 65 61
4758 2 1
4759 2 87
4760 2 88 94 27 95 50
4761 2 89 28 95 101 16
4762 1 11
4763 2 39 81 73
4764 1 71 3 90 28 40
4765 1 58 44 19 42 8
4766 1 76 5 35
4767 2 43 7 93 58
4768 1 30 21 70 69 67
4769 1 29 45 2
4770 1 54 13 44
4771 2 25 22 21
4772 1 50 81
4773 2 83 39
4774 2 96
4775 2 73 79 51 47 62
4776 2 49
4777 1 47 19
4778 2 90 37 89 44
4779 1 57 59 38 22 30
4780 2 53 92 37 56
4781 1 53 69 13 71 10
4782 2 67 64
4783 2 31 65 61 39
4784 2 67 78
4785 2 62
4786 1 32 23 14
4787 2 67 4 24 78 9
4788 2 49 89 93
4789 2 50 98
4790 1 48
4791 2 53 77 60 42 64
4792 2 44 30 80
4793 1 74 98 61
4794 2 50 55 30 82 89
4795 1 23 47 6 59 40
4796 1 5 54 45
4797 1 36 19
4798 1 10 89 46 31 87
4799 1 16 77 25 59
4800 1 1 48 60 16 32
4801 2 67 45 47
4802 2 60
4803 1 60 5 100 19
4804 2 12 73 19 84 14
4805 2 100 10
4806 1 15 70 79
4807 1 55 48 78 42
4808 2 32 84 57 100 45
4809 2 68 25 35
4810 1 6 88 12 46 61
4811 1 94 16 48 60
4812 1 100 9
4813 1 81 57
4814 2 97
4815 2 76 77 81 21 8
4816 1 8
4817 1 45 48 52 39 8
4818 2 44 10
4819 1 51 65 4 57
4820 1 13 75 66
4821 1 58 86 7 61 36
4822 1 100
4823 2 33 51
4824 2 23
4825 1 17 29
4826 2 75 35 73 30
4827 2 20 76 4 91
4828 2 12
4829 1 54 33 50 22
4830 1 98 40
4831 2 78 72
4832 2 76 39 50 91
4833 1 57
4834 1 3 94
4835 1 31
4836 1 23
4837 1 87 34 12 56 61
4838 2 43
4839 1 20
4840 1 26 11 55 54
4841 2 81 27 99 72 86
4842 2 36 84 12 60 71
4843 2 95 11 63
4844 2 78
4845 1 43 6
4846 1 27 46
4847 2 70
4848 2 53 66
4849 2 86 26 40 73
4850 1 98 101 15 4 96
4851 1 46 40
4852 1 34 16 51 50 89
4853 2 40 7
4854 1 47 7 49 93 39
4855 2 81 23 63 10
4856 2 40
4857 2 93
4858 1 71 44 12
4859 2 18 47 78 50 11
4860 2 12 97 81 63
4861 1 87 17 59 83
4862 1 37 38 3 47
4863 1 11 45
4864 1 39
4865 1 63 71
4866 2 57 66 94 97 87
4867 1 42 25 56 37 58
4868 2 93 23 99 15
4869 1 17 28 11 12
4870 2 61 33
4871 2 40
4872 1 51
4873 1 45
4874 2 5
4875 1 25 98
4876 1 31 86 22 24
4877 1 55 40
4878 1 29 80 23 45 79
4879 2 39 2 51
4880 1 47 98 29 38 22
4881 1 66 101 79 65
4882 1 6 81 18 66 1
4883 1 52 8 62 98
4884 1 7 4 101
4885 2 4 95 44 22 82
4886 2 78 86 22 35 70
4887 2 59
4888 2 38
4889 1 73
4890 2 75 38 25 85 24
4891 1 6 95 5
4892 2 92 96 5
4893 1 14 51
4894 1 8 2 52 87
4895 2 26 37
4896 1 92 81 58 7
4897 2 84 53 68 21
4898 2 78
4899 2 22 47 1 26
4900 2 26 80
4901 1 79 87 81 12
4902 1 99 35
4903 2 93 50
4904 1 39 19 86 24
4905 1 87 29
4906 1 22 56
4907 2 28 27
4908 2 41 32 31 20
4909 2 96 61 88
4910 2 24
4911 1 73 21 78 22 9
4912 1 59 2 24 9
4913 1 49 13 57 74
4914 2 96
4915 2 76 74 90
4916 1 21
4917 2 90 101 61
4918 2 25 11 53 84
4919 2 76 30 43 89 47
4920 2 31 98 21 91 34
4921 1 45 14 30 38
4922 2 49 84 85
4923 2 92 91 17 16 95
4924 2 21 17 68 41
4925 1 87 59 98 78
4926 2 80 14
4927 2 41 79 11
4928 1 61
4929 1 101
4930 1 57 99 39 84
4931 2 16 62 42
4932 1 97
4933 2 42 48 51 99
4934 1 1 61
4935 2 61 71 17 60
4936 2 71 40 47
4937 1 66 54 81 45
4938 1 36 97
4939 1 54 83 33 35
4940 1 91 97 43 90 60
4941 2 51 87 16 4
4942 2 50
4943 1 18
4944 1 11 96
4945 2 54 91 13 12 56
4946 2 37 93 72 17 21
4947 1 57 77 88 48 71
4948 1 46 65 45
4949 1 67 24 30 16
4950 1 22 26 36 53
4951 1 66 81 45 98 18
4952 2 46 101 70
4953 1 26 55
4954 2 36 90 31 8 30
4955 1 52 76 71 26
4956 1 28 79 97 1 92
4957 1 11 18 21 98 67
4958 2 44 18 67
4959 1 59 79 53
4960 2 39 72 36
4961 1 31 48 78 17 41
4962 2 13 75 82 66
4963 2 88 87 40
4964 2 27 64 79 60
4965 1 47
4966 1 89 92 45
4967 1 11 36
4968 1 93
4969 1 84
4970 2 44
4971 1 70
4972 2 7 1 77 43 63
4973 1 95 87
4974 1 15 18 97
4975 2 61 38 46
4976 2 67 43 41 9 10
4977 2 2 67 36
4978 1 99 52 34
4979 2 96 49 74
4980 2 41
4981 1 78 85
4982 2 82 33
4983 2 77 62 26
4984 1 20 28 33
4985 2 22 100 54
4986 1 49 7
4987 1 33 18 20 35
4988 2 20
4989 1 21 80 88 56
4990 2 69 91 46 87 34
4991 1 6 42 90
4992 2 64 81 31 4
4993 1 96 37
4994 2 47
4995 2 30 34 42 7 50
4996 2 15
4997 1 25 7 50
4998 2 84 80
4999 1 40 44
5000 2 22 9 11 15 93
