101 50
1 28 253
2 30 826
3 11 179
4 50 933
5 41 816
6 30 661
7 37 666
8 30 52
9 39 618
10 12 244
11 48 961
12 1 48
13 40 574
14 41 648
15 39 475
16 5 469
17 19 150
18 32 776
19 29 400
20 39 748
21 25 538
22 48 214
23 46 443
24 2 303
25 10 35
26 6 905
27 21 947
28 12 281
29 37 891
30 19 846
31 27 307
32 49 935
33 36 501
34 24 836
35 10 672
36 32 595
37 33 570
38 2 954
39 48 350
40 41 896
41 22 684
42 26 412
43 11 239
44 40 307
45 6 31
46 39 458
47 32 484
48 19 859
49 26 563
50 15 107
51 1 589
52 11 628
53 50 99
54 19 746
55 49 331
56 5 892
57 34 117
58 17 871
59 18 561
60 24 701
61 39 256
62 17 124
63 50 21
64 38 565
65 46 568
66 41 119
67 43 846
68 23 787
69 39 656
70 20 330
71 43 697
72 49 855
73 15 728
74 18 130
75 6 144
76 1 289
77 48 412
78 38 551
79 5 51
80 20 418
81 46 462
82 49 990
83 43 791
84 12 548
85 4 819
86 34 845
87 18 501
88 18 570
89 39 694
90 33 380
91 25 720
92 11 564
93 18 392
94 12 35
95 16 510
96 44 630
97 19 209
98 39 921
99 26 131
100 50 141
101 43 840
1 196 29
2 372 52
3 391 58
4 335 98
5 239 73
6 485 67
7 345 20
8 291 77
9 391 89
10 283 86
11 280 48
12 500 44
13 351 16
14 232 100
15 429 12
16 241 60
17 149 61
18 475 50
19 236 72
20 485 97
21 154 67
22 415 31
23 458 15
24 273 84
25 189 48
26 428 18
27 310 91
28 285 87
29 366 34
30 381 30
31 440 48
32 236 34
33 458 32
34 110 13
35 322 100
36 384 63
37 120 81
38 128 94
39 493 63
40 262 12
41 412 82
42 313 45
43 497 40
44 248 88
45 385 26
46 338 20
47 155 79
48 154 58
49 352 75
50 237 96
1 16 81 34 58
2 42 78 90 50 63
3 29 40 19 10 12
4 37 19
5 35 68
6 39 61 78 13 6
7 15 81 95 70 6 40
8 17 20 44 77 23 30
9 12 20 18 31
10 39 23 7 43
11 17 21
12 21 81
13 2 53 78
14 5 15
15 17 14 21
16 10 11
17 11 32
18 44 51 86 82 63 25
19 5 3 61
20 11 82 75 76
21 21 20 32 49 43
22 19 65 76 5 30
23 36 57 74 82
24 21 44 32
25 28 73
26 28 84 32 55
27 12 9 99 64 12
28 36 59
29 45 12 13
30 22 15 60 4 56 68
31 13 88
32 50 28
33 28 67 66 86 54 69
34 17 51 18 54 60
35 13 61 72 60 53
36 28 14 73 77 52 31
37 31 83 54 79 5
38 4 29 3 31
39 21 57
40 40 81 93 24 25 61
41 14 99 83
42 10 14 100 81
43 5 58 42 64 21 15
44 40 14 38 50
45 32 60 92
46 44 85 56 33
47 42 56 40
48 15 39 54
49 6 3 45 33
50 48 92 75 4 32
51 3 51 74
52 8 42 70
53 8 30 33 94
54 33 72 55 69
55 2 25 16 63 14 8
56 17 2 4 69 32
57 33 79 15 72
58 15 33 98 30
59 18 49 2 35 7
60 26 80 25 99 30 68
61 44 81 30 2 46 55
62 3 85 51 88 74
63 6 42 98 35
64 2 48 94 14 16
65 32 63 15
66 33 99 19 55
67 41 31
68 27 79 2 55
69 27 70 54
70 44 70 8 26
71 3 93 59
72 1 76
73 44 29 84 28 27
74 7 73 55 86 78 67
75 49 71 20
76 25 90 64
77 23 46 8
78 26 77 94 69
79 33 44 26 67 11
80 7 88 68 95 25 8
81 20 100
82 48 58 17 6 40
83 8 6 25 79
84 41 5
85 26 34
86 18 1 73 11
87 37 52
88 8 11 94 25
89 6 60 3 40 100 49
90 11 45 73 38
91 27 7 21
92 8 27 46
93 47 15
94 23 25 73 71
95 38 80 19
96 35 18 86 84 62 53
97 49 21 49 93
98 23 44 67
99 26 62 92 23 35
100 11 12 40 84 97 2
101 27 95 96
102 32 39
103 18 71 6 68 82
104 4 71 28 64 57
105 43 63 68
106 2 54 40 15 22 45
107 28 28
108 36 100
109 21 44 85 46 4
110 1 59
111 7 100 74 91 23
112 6 98 83 45
113 18 98 100 2 15 80
114 46 31 2 55
115 4 95 54
116 2 88 97 43 81 60
117 32 1 5 55 86
118 33 44 81 32
119 11 87 56
120 6 22
121 14 31 86 39 17 66
122 6 98 36 35 86 32
123 31 83
124 26 47 69 22 64
125 49 86 81 95
126 15 1
127 12 39 95
128 14 71 52 69 20
129 41 23
130 46 63 57 35 15
131 46 79 80 68 85 89
132 19 48 31
133 17 25 43 74
134 42 95 41 15 66
135 27 71 69 68 15 25
136 18 47
137 33 80 31 8 50 57
138 20 17 96 15 35
139 4 86
140 15 53 83 37 56 58
141 37 53
142 40 69 68 62
143 17 56
144 18 65 23
145 42 62 80 94
146 17 23
147 31 52 56 57 6
148 47 69 39 28
149 18 82 77 37
150 44 33 13 11
151 15 92
152 18 8 95
153 36 32
154 49 99 30
155 38 79 50 56 98
156 31 66 6 56
157 45 29 52 5 57
158 48 56 83
159 46 29 43 42 81 100
160 10 7 56 83 97
161 48 32 55 22 24 79
162 40 24 22 19 81
163 6 4 42 18 8
164 1 5 15
165 7 48 59 92 49
166 15 85 25 67 14 2
167 14 90 36 21 22
168 16 31 16 96 14 17
169 48 2 23
170 6 22 4 79
171 1 49 23 57
172 1 72 83 8 44
173 24 55 33 94 37
174 38 93 63 67 87 22
175 32 45
176 46 38 26
177 36 60 62 88 43
178 13 38 73 8 19
179 33 68 25 67 42
180 17 77 5 51 84 34
181 28 78 1
182 47 7 32 90 11 30
183 3 36 53 4 20 81
184 39 84 63 60
185 19 61 89 101 73
186 12 26 47 13 35
187 22 9 62
188 3 96 24 19 32
189 10 18 38 44 8
190 22 13 54 14
191 31 40
192 9 37 27
193 1 35 82 98 63 70
194 10 51 85
195 34 84 92
196 11 48 54 20 28 36
197 40 23 30 18 17 31
198 35 44 76 51 70
199 27 76 56 64 25
200 11 36 35 84
201 39 50 60
202 11 96 12 40 67
203 24 25 29
204 48 77
205 12 85
206 1 36 62
207 8 96 50 5
208 42 52 81
209 25 80 56 36 85 26
210 3 58
211 44 52 15 22 10
212 1 27 93
213 40 23 78 6 101
214 48 28 13 24 54
215 42 25 90 42 89 76
216 14 53 31 73
217 21 3 2 24 26
218 49 51 82
219 35 71 34 37 11
220 16 13 94 60 67
221 28 76 43
222 11 77 8 13 78
223 33 16 23
224 35 63 74 76
225 23 64 17 8 78
226 49 7 30 82 74 89
227 14 56 25 100 61 83
228 44 67 35
229 11 89 21
230 49 52 92 78 89
231 10 80 63 8
232 20 17 63 33 47
233 22 60 9
234 15 49
235 11 2 39 92 24 76
236 27 5 73 21 68
237 38 90 69 15 54
238 48 47 93 97 65 91
239 18 15 88 52
240 50 26
241 27 52 81 6 39 44
242 19 1 12 8 98 45
243 46 59
244 40 4 16 3 36
245 26 11
246 12 74 87
247 11 91 39
248 19 26 65 77 73 16
249 37 90 26 72
250 37 16 44 11 75
251 45 72 15 52 8 25
252 42 89 68 82
253 25 3 98
254 38 1 20 4
255 27 27 64 29 80 53
256 42 85 80 31
257 10 69
258 43 57 89 19 25
259 20 34 7 12 87 59
260 18 46
261 48 100 56 10 91
262 23 88 49
263 24 19 81 21
264 48 70 31
265 25 71 1 60 19
266 4 56 34
267 45 49 91 74 79 37
268 22 95 60 85 39
269 9 27 54 9
270 46 88 57 35
271 15 27
272 40 83 53 61 48 82
273 50 60 37 27 26
274 36 18 16
275 21 78 59 100 90 101
276 6 29 100
277 29 50 20 8 57
278 41 79 97
279 2 45
280 42 58 86
281 44 96 88
282 41 46 26 79
283 38 32
284 9 46
285 40 6
286 31 94
287 43 1 27
288 49 66 22
289 7 20 70 4 83
290 35 38 89 33
291 16 90 20
292 23 97 10 22 71 28
293 36 49 21 86
294 11 72
295 41 59 82 60 81
296 1 99 88 66 52 36
297 30 94 42 67 101
298 22 6 55 22
299 24 4 72 61
300 14 65 41
301 35 77
302 24 50 8 58 27
303 44 49
304 14 44 11 32 101 23
305 11 49 64
306 5 30 7
307 46 93 7 14 101 52
308 4 88 68 17 53 42
309 1 26 49 101 22
310 19 41
311 8 8 3 14 28
312 19 27 100 72
313 13 79 53 74 10
314 49 50 93 24 36 76
315 46 5 78 83
316 14 15 19 66
317 28 37 50 35
318 32 65 93 25 35 101
319 1 25 27
320 14 79 96 47 35
321 2 66 86
322 22 52
323 25 19 66 36 15
324 40 6 87 10 44 53
325 21 38 49 57 21
326 1 87 42
327 1 88 37 81
328 21 4 100 24 85
329 19 71 90 9 45 80
330 6 59
331 5 32 60 65
332 26 45 6 96 11
333 18 30
334 4 89
335 26 86
336 22 30 66 62
337 46 55 14
338 22 77 79 47 34
339 36 63 42 14 59 24
340 40 71
341 17 91 55 63 34
342 34 33 80 48 92 35
343 49 45 14 15 88 75
344 22 23 100 81 16 19
345 46 47 16 84
346 28 43
347 9 14 36 97
348 13 67 99 62
349 37 39 62 55 35
350 33 77
351 43 99
352 34 17 41
353 29 65 36
354 4 79
355 6 63 32 2 78
356 37 73 58 68
357 4 44 29 40
358 47 33
359 27 3
360 8 92 27 32 39 53
361 49 11 15 25 41
362 27 13
363 15 98 63
364 29 62
365 23 74 52 61 67
366 18 63 34 26 54 18
367 46 95 99 36 58
368 29 88
369 19 10 74
370 42 74 58 15 39
371 5 2 101 32
372 49 99
373 35 42
374 24 70
375 15 78 85
376 39 19 63 58
377 48 26 36
378 49 29
379 31 5 52
380 37 77 32
381 48 2 88 14 31 19
382 13 22 5 19 17
383 1 35 39 32 46 22
384 9 1 13
385 17 30 46 7 43 24
386 23 9 65 26 8 29
387 41 5 22
388 10 95 87 5
389 22 4 99
390 17 98
391 6 7 15 98
392 49 8 7 88 45 35
393 15 94
394 41 5 49 74 91
395 2 13 89 15 51
396 25 82 28 36
397 42 57 88 77
398 45 51
399 22 4 32 52
400 25 36 58 89 20 30
401 18 96 76
402 47 78 59
403 43 48 47 86 20
404 50 32 90 57 85 99
405 1 95 19
406 41 52
407 22 32 38 13 88
408 11 101 48 17 18
409 30 64 91
410 11 11 33 12 101 90
411 44 53
412 6 72 16 22
413 12 11 74 82 89
414 1 8 28
415 18 100
416 29 73 85 99 27
417 47 61
418 34 2
419 35 14 25 54 57
420 31 97 71 20 68 82
421 40 10 88 13 38
422 40 89
423 49 34 88 5 60
424 17 49 31 86
425 27 7 16 44 8
426 45 63 98
427 27 60 98 1 75
428 28 64 101 2 44
429 20 59 12 28 67 4
430 46 43 36 20 21 6
431 17 15 27 62 21 91
432 9 13 95 48 18 87
433 42 83 48 99 80
434 40 35 62
435 41 13 3 17
436 20 92 6
437 36 65 39
438 30 19 57
439 11 44 91 101
440 7 9 75 31 24 45
441 2 97 67 66
442 45 73 63
443 9 51 17 62 81
444 47 92 71 74 5
445 30 87 66 1
446 8 55 72 31 40
447 10 22
448 43 80
449 15 77 34 2 40 72
450 23 34 93
451 21 47 38 58
452 44 90 23 4 52 84
453 50 11 59 72 101
454 35 7
455 18 66
456 19 42 25 1
457 47 84 101 15 69
458 7 22
459 19 67
460 39 70 71 11 44 97
461 30 27
462 10 80 67 51
463 20 80 96 1 20
464 47 96 87
465 21 97
466 34 59 84 47 38 96
467 28 97 57 21 34 37
468 12 76
469 2 70 43 69 64 62
470 43 47 70
471 41 25 75 39
472 30 75 65 101
473 41 75 73 99
474 3 73 31 5 67
475 43 4 70
476 1 12 53
477 39 95 73 23 82 19
478 20 97 100
479 46 61 97 46
480 39 30 54 57 48
481 7 34 75
482 26 67 85 52 23
483 29 2 14
484 25 98 97 67 94 2
485 24 73 64 41 37 59
486 44 36
487 9 78 37 77 76
488 49 70 1 24 73
489 2 47 84 22
490 40 19
491 24 39
492 6 73 37 84 14
493 47 93 96 70 91 58
494 26 52
495 50 34 37 63 35
496 9 96 2 73 18 66
497 21 69 46
498 7 88 98 101 9
499 35 53 67
500 2 11 90 35 45
501 45 69 68 7 96
502 22 26 85 57 51 11
503 30 3 14 77 38
504 4 100 81 76
505 8 82 86
506 45 11 72 44
507 42 29 8 60 20
508 40 40
509 42 72 15 54
510 23 96
511 22 92 67 66 86
512 3 23 31 84 100 11
513 29 71 77 95 90
514 44 65
515 50 1 84 62 17
516 45 6 69 7 51
517 27 27 29 2 7 51
518 6 47 51 21
519 7 92 76
520 23 76 37
521 16 5 37 33 9 90
522 44 20 93
523 41 15
524 25 21 88 67 85 100
525 17 3 21 78 59 34
526 1 9
527 39 2 85 69 59
528 50 27 7 57 52 1
529 37 65 76 70
530 47 95 25 23 91 94
531 43 72 34 84 18
532 22 83 22 6
533 48 8 26 18 14 23
534 48 5
535 36 84 78 54
536 20 10 4
537 20 101
538 40 101 98 71 35
539 26 28 99 4
540 50 70 67 43 36 58
541 3 95 15 54
542 12 84 100 31 41
543 41 96 68
544 4 11
545 43 93 92
546 19 12 85 95 94
547 38 36 86 8
548 31 3
549 45 15 54 12
550 21 23 70 13 60 21
551 43 98
552 3 22
553 40 71 23
554 34 95 38 9
555 3 70
556 44 26 73
557 31 100 29 96 42
558 22 45 29
559 8 50 71 4
560 44 47 49 90
561 36 47 67 73 19 65
562 36 24
563 31 39 11
564 6 41 29 98
565 36 45 12 10 63 76
566 49 10 82 58 100
567 42 26 79
568 32 72
569 3 4 93
570 45 27 91
571 22 55 54 2 3 37
572 1 52
573 19 85 93 100
574 24 81
575 50 48 78 62 10 94
576 48 48 99 37 27 91
577 50 62 81 10
578 20 39 83 18 93
579 28 8 47
580 29 59 69
581 16 60 72 58 36
582 30 85 42 21 87 101
583 46 15 49 100 86
584 37 80 19 74
585 38 67
586 24 52 17 94 24
587 49 87 60 82 35 66
588 25 84
589 50 5 23 48
590 38 26 28 51
591 3 59 40
592 1 89
593 30 50 74 39
594 29 30 10
595 1 8 40 39
596 41 92
597 40 82 12 58
598 24 92 82
599 45 69 100 6
600 4 19
601 5 69 39
602 45 71 54 56 91 46
603 13 53 48 93
604 47 56 2 101
605 17 59
606 34 22 92 65 44 84
607 38 50
608 41 75 34 5 57
609 31 83 60 82 41 27
610 44 58 89 87 5 18
611 20 61 98 58
612 11 91
613 2 53 63
614 32 40 42 13 70
615 33 94 72 50 28 23
616 41 8 56 10 80
617 24 16
618 7 6 65
619 25 3 57 7 1
620 32 76
621 37 60 46 78 22
622 9 97 101
623 35 61
624 20 82 25
625 40 90 98 36
626 26 50 92
627 26 13 83 79 82
628 17 71
629 41 95 82
630 4 8 20 83 80
631 38 25 61 3
632 15 32 75 44 7 82
633 42 70 72
634 50 100 34 67
635 4 33 6 98
636 21 68 69 15
637 25 84 81 83
638 15 100 95 70 47
639 34 77 56
640 21 62 52 65
641 45 72 57 7
642 24 69 6 7 57
643 36 6 36 53
644 33 10
645 5 5
646 13 19 39
647 39 72 54 52 58 6
648 47 74 25
649 24 49 76 39 6
650 30 60
651 4 97 88 43
652 8 35 11 61 1 90
653 44 56 69
654 4 90
655 19 5 84 48 97 49
656 14 58 48
657 2 17 83
658 47 59 67 93 17
659 33 10 96 95 3
660 11 94 12 67 54 57
661 12 29 60 79 10 63
662 29 44 19 21 29 58
663 17 31 19 90 81
664 16 16 21
665 15 1 91
666 20 35 91 53 94
667 22 94 40
668 26 49 48
669 40 61 84
670 42 22 25
671 40 82 17 97
672 33 24 84 76 66
673 28 15 35 71
674 32 48 91 90 42 12
675 36 20 54 95 38
676 22 35
677 46 90 12
678 45 55 37 3 15 68
679 35 85
680 35 16 59 67 74 42
681 8 101 18
682 29 34
683 13 65 33 12 52 11
684 23 4 27 63 55
685 15 83 49 35
686 21 1
687 32 31 21 100
688 28 80 59 39
689 42 81
690 18 34
691 35 86 60 62 31 67
692 44 86 93
693 10 25 19 22
694 22 12 31 34 59 87
695 22 89 12 75 31
696 16 31 17 14 93
697 8 98 62 83 39 25
698 35 28 9
699 5 33 100
700 25 41 45 93 3 63
701 31 78 53
702 3 31 93
703 46 33 16 72 86 24
704 27 26 31 89
705 1 19 10
706 15 99 67 100
707 38 1
708 12 96
709 22 84 74 78
710 12 53 25 61 22
711 25 64 71
712 31 16 98 2 30 84
713 3 63 32 93
714 47 21 71 3 67 56
715 10 87 68
716 48 29 97 22 17 47
717 18 21 82 67 7
718 24 21 100 76 91
719 42 37 1 38 101 17
720 17 1 101
721 6 37 22
722 37 88
723 16 58 74 57 48
724 16 32
725 15 27 20 4 92
726 20 11 82
727 47 26 65 66
728 13 14 13 22 100
729 2 31 7 21 14
730 38 51
731 48 49 29 91 86 31
732 34 85 81 80 13
733 23 38 45 76 98
734 20 60 35 42 24
735 5 88 56 35
736 43 24 23 37 3
737 24 52
738 41 26
739 18 68 32 77 82
740 19 7
741 14 33
742 42 89
743 31 9 87 66 22 67
744 7 55 37 62
745 36 18 87 14 56 83
746 7 41 83 79
747 11 55 58 23 92
748 26 59 11
749 25 12 100 96
750 34 58 89
751 35 63 100 70 87
752 13 39 21
753 36 81 42
754 32 43
755 4 61 37
756 5 71 75
757 34 75 70 42 59
758 29 42 3 60
759 16 31 45 100 58 93
760 26 46 41 70
761 50 5 74 24 76
762 35 41 17 46 40 26
763 46 47 80
764 20 45 30
765 7 101
766 43 47 32 38 50 77
767 19 64 36 42 56 29
768 21 63 28 46 98 6
769 47 70 43 94
770 38 18
771 10 52
772 3 93 35 43
773 50 63 80
774 37 23
775 10 7 20 78
776 2 25 20
777 23 95 42 10
778 35 101
779 4 97 11
780 19 32 84 68 13 89
781 29 97 15 77
782 7 66 92 39 70
783 14 35 75 16 9 88
784 22 5 51
785 39 77 10 11 40
786 37 42
787 8 76
788 44 24 93 99
789 1 58 20 45 86
790 16 56 26 13 47 4
791 12 95
792 2 67 1 24 99 38
793 25 45 89
794 23 20 17 32 51 22
795 30 15 39 54 10 23
796 1 55 35
797 14 4 82
798 12 44 87
799 38 41 46 89 51
800 32 59 85
801 33 19
802 44 93
803 14 66 38 72 95
804 21 15 42
805 37 62
806 3 56 1 8 99
807 22 88
808 6 38 9 69
809 40 23 15 39
810 24 45 21 47 93
811 40 61 3
812 12 19
813 19 25
814 34 62
815 24 35 92 51 81 45
816 40 31 16 38
817 18 8 16 34 41
818 37 81 25 20
819 2 59 79
820 34 90 65
821 41 5 20 58 50
822 35 67
823 40 56 53 29
824 6 4 38
825 39 7
826 1 62 76 35 85 59
827 48 85 23 68 92 36
828 28 101 58 99 84 24
829 24 93 40 98 61
830 33 10 21 75 90 29
831 10 99 73 14 29 77
832 17 62 30 1
833 16 91 43
834 6 48 68
835 30 64 26 55 22 15
836 41 99 10 27 96 25
837 25 79 91
838 22 29 40 71 70
839 47 58 72 56 92
840 5 27 8 88 4
841 21 78 32 59 77
842 23 62 86 10 78
843 16 52 87 8 12
844 18 5 34 28
845 17 47 97 32 16 85
846 38 92 85
847 16 28 33 54 59
848 38 53
849 1 19
850 29 101 46 100
851 31 37
852 13 48 37 16 98
853 35 88 68 91 42
854 35 83
855 12 39 24 94 91
856 50 35
857 4 40 54 1 62 4
858 35 76 86 68 78 90
859 24 13 66
860 34 67 39 4 20
861 22 77 8 37
862 36 25 36 59 42
863 31 94 19 48 3 26
864 18 95 54 3 75 27
865 18 80 21 81 83 29
866 5 14
867 14 71 13 49 94
868 11 32 75
869 48 77 66 55 6
870 8 25 11 82 73 100
871 6 91 40
872 41 23 21 24 42 18
873 14 63 5 2 87 17
874 24 58 87 68
875 40 42 57 35 80 56
876 18 72 70
877 11 6 1 18 36 73
878 20 97 11
879 19 83 63 13
880 9 8 93 2 85
881 44 67 89
882 13 95 61 90
883 36 4 17 100
884 46 88
885 8 23 100 29 17
886 36 64 43 50 72 33
887 11 58 4 67 55
888 3 88 26
889 47 81
890 39 79 29 17 67
891 10 44 82 16 81
892 41 13 57 27 47
893 39 61 36 47 95
894 30 27 62 99 79
895 18 79 61 50
896 14 92 61 91 97
897 38 84 22 82 64
898 33 83
899 40 90 50 62
900 31 78 17 90 4 100
901 32 33
902 13 90 18
903 26 1 62
904 4 93
905 31 74 62 10 41
906 22 23
907 41 43 55 53
908 38 45 69 67
909 46 42 64
910 3 42 72 29
911 8 19
912 18 88
913 20 74 9 35
914 44 23 36
915 11 97
916 25 67 88 49
917 12 56 88 69
918 23 43
919 16 70
920 13 23 86 60
921 32 15 42
922 20 30
923 31 66 40 56 50 42
924 14 23
925 18 101 10 30
926 30 67 52 21
927 46 54 32
928 31 84
929 27 88 75 12 101
930 25 73 50 18 82 54
931 42 56 66 22 10 30
932 26 59 73 33
933 40 42 70
934 12 15 30 22
935 22 60 17
936 7 100 37 55 79
937 2 11 34 25
938 2 73 93
939 18 4 22 43
940 31 88
941 37 54
942 31 51 66 47 86
943 13 4 38 98
944 47 54 101 14
945 47 9 36 54
946 5 24 65 20 90 100
947 23 79 69 86 68
948 29 63 51 8
949 4 88 40 55 74
950 14 98 60 55 41 78
951 45 61 96 91 60
952 41 84 27 33
953 36 100 1 13 17
954 36 78 32 84
955 36 99 33 37 45 11
956 45 51 11 83
957 49 85 71 49 4
958 7 32 49 29
959 18 2 52 29 34 62
960 20 46 3 13 9 100
961 17 43 4 87 19 53
962 13 27 39 34 96
963 29 80
964 47 4
965 11 25 82
966 14 75 67 70 2
967 12 100 93 95 54
968 31 3 9 65
969 23 98
970 20 30 1
971 42 86 44 58
972 46 92
973 32 37 14 25 41 65
974 28 24
975 4 54
976 21 31 1 57 40
977 46 94 97 48
978 8 40
979 23 71 45 12 8 57
980 38 96 28 48 21 55
981 1 24 90 59
982 1 84 54 8 22
983 48 59 39
984 9 65 10
985 21 74 66 13
986 15 87
987 9 7 11 4 96 34
988 39 67 75 71
989 17 49 30
990 47 3
991 50 57
992 31 91 17 86
993 50 3
994 46 14 97 19 61
995 27 16
996 13 64 82 101
997 13 93 86 79
998 18 64 23 13
999 12 54 25 77
1000 9 13 5 52 15 50
1001 15 24
1002 2 63
1003 22 86 43 94 48
1004 23 100 78 98 58 50
1005 18 47 80 67 98
1006 24 21 86 89 16 83
1007 18 39
1008 12 101 47 46
1009 1 33 97
1010 31 75 98 41 51
1011 32 80 39 1 82 69
1012 47 70 52
1013 19 48
1014 11 96 39 12 43 60
1015 42 94 66 33
1016 35 21 7 18 87
1017 25 54 78 15 20
1018 47 19
1019 37 57 46 10 100
1020 38 8 80
1021 17 21
1022 42 48 87 26 20 25
1023 12 2
1024 26 50
1025 28 2 24
1026 46 53 73 17 55 42
1027 23 83 81 96
1028 39 92 93 6 53
1029 16 13 44
1030 14 100 73 44 34 97
1031 40 23
1032 14 66 20
1033 43 18 92 45 38
1034 50 47 13 25 27 29
1035 44 11
1036 21 14
1037 40 38
1038 35 73 80
1039 41 90 29 54
1040 12 27 76 85 10 26
1041 50 6 58 73 27 8
1042 21 67 18 55
1043 41 59 30 50 101
1044 40 8
1045 4 50
1046 17 7
1047 10 13 36
1048 46 94 85 51
1049 41 67 65 45 2
1050 47 78 60
1051 21 93 36 59 7
1052 45 21 50 11
1053 35 84
1054 25 13
1055 35 86 2
1056 50 14 99 75
1057 45 6 76
1058 17 52 34 26 77 91
1059 38 5 80 57 76
1060 28 41 13 35 9 83
1061 33 71
1062 2 19
1063 41 84
1064 6 37 75 30 51 28
1065 32 98
1066 7 97 14 59 91
1067 12 96 69 90 85 34
1068 29 59 83 66 86 88
1069 38 54 19 8 93
1070 15 43 39
1071 28 70
1072 41 21 36 83
1073 16 82 91 4 99 97
1074 22 43 79
1075 5 92 3 93 28
1076 17 36 74 3 46 7
1077 39 37
1078 7 43 89
1079 33 10
1080 10 78 5 47 37
1081 18 71 8
1082 9 40 31
1083 29 77 98 66
1084 22 38 4 50 92 21
1085 42 22 66
1086 9 98 88 20 84
1087 39 13 20 66 18 65
1088 20 93 75 21 53 80
1089 40 26 68 35 22
1090 29 85 30 94 95 55
1091 9 58
1092 38 83 89 74 10
1093 47 7 3
1094 2 49 74 34 6
1095 8 68 21
1096 8 87 76 81 31 49
1097 37 12 1 6 72
1098 13 51 36 7 75
1099 49 10 89 93 75
1100 37 95 56
1101 20 39 78 72 35
1102 7 1 25 43
1103 18 74 6 56 82
1104 34 36 45
1105 44 25
1106 38 67 37 50 59 88
1107 50 59
1108 29 46 11 86 61
1109 38 72
1110 49 10
1111 34 51 8
1112 18 21 23
1113 42 56 94
1114 49 31 36 29
1115 3 97 26 41
1116 23 17 3 92
1117 13 51 99
1118 29 42 75 26 37
1119 11 24 89 83
1120 5 73 23 97
1121 11 3 76
1122 24 41 37 5
1123 15 26 84 27
1124 16 90 55
1125 7 37 9
1126 22 61 85 59 89 23
1127 38 65 6
1128 7 76 32 98 40 22
1129 50 52
1130 22 89 29 51
1131 34 86 58 37 36
1132 32 22
1133 44 54 23
1134 42 28
1135 1 42 19 33
1136 38 48 95
1137 19 64 21
1138 32 41 76 75
1139 29 50 28 60
1140 20 95
1141 13 4 99 90
1142 22 61
1143 43 95 36
1144 19 6 63
1145 15 73 94 93 55 89
1146 11 21 71 70
1147 10 69 48 32
1148 39 74 72 100 49
1149 19 66 101 44
1150 8 33 13
1151 29 16
1152 24 4 24
1153 46 24 15 88 95 79
1154 1 94 52 98 53 31
1155 42 98 63
1156 6 41 26 32
1157 25 95
1158 8 93 53
1159 44 101
1160 31 85 86 44 17 40
1161 13 6 53 19 76 55
1162 49 10
1163 4 84 38
1164 46 99 1
1165 24 9 30 10
1166 20 97 90 51
1167 19 89
1168 27 41 58
1169 45 80 94 34 20 5
1170 42 7 58 101
1171 18 50 24
1172 34 32 62 3
1173 36 72 38 89
1174 45 98 63 78 75
1175 28 79 87 66 48
1176 42 15 29
1177 35 96
1178 32 43 34 83
1179 47 18 77 60 13
1180 31 58 14 45
1181 29 22 37 79
1182 14 32 96 34 19 7
1183 5 16
1184 22 1 41 13 81
1185 28 51 40 53 29 63
1186 17 87 22
1187 4 14 75 6 84
1188 46 38
1189 35 90
1190 14 10 82 93 17 87
1191 19 62 51 27 101 74
1192 14 73
1193 4 87 80 66 101
1194 10 37 14 18
1195 20 50 44
1196 46 95
1197 35 6 79
1198 1 65 63
1199 48 73 49 11 71
1200 28 72 93 45 64
1201 9 41 46
1202 22 19 14
1203 41 33 17 55
1204 37 79 76
1205 34 57 63
1206 45 49 1 53 60
1207 15 74 57
1208 2 12 44
1209 23 96 4
1210 2 6 100 9 42
1211 17 83 7 65 54 56
1212 47 98 16 17 66
1213 23 75 17 4 30 67
1214 6 77 37 28
1215 4 28 24 3
1216 23 85
1217 21 38
1218 19 5 37 67
1219 7 65 17
1220 28 39
1221 1 59 12
1222 18 28
1223 1 59 36 53 46 98
1224 41 29 98 52 47 76
1225 29 68 52 79 23 21
1226 42 75 15
1227 12 1 75
1228 25 25
1229 25 20 26 66 21
1230 30 4 1
1231 40 76 38 68 51
1232 42 47 57 83
1233 42 88 52 42 74
1234 7 73 2 54
1235 19 1 85 78
1236 46 23 98 24 37 33
1237 13 18
1238 15 79 6
1239 29 14 88 27 25
1240 28 44 17 38 67 9
1241 9 88 99 98
1242 18 51 21 61 94 49
1243 31 5 67 82
1244 23 73
1245 18 20 56 9 28
1246 3 67 58 2
1247 20 98 32 97 51 4
1248 26 57 93
1249 34 59 42 48 10 32
1250 26 97 21 3 1
1251 20 21 101 80 49
1252 15 71 32
1253 15 44
1254 24 21 91
1255 17 64 12 76 38 60
1256 21 84 85 16 47 93
1257 8 47 24 50 28 96
1258 24 38
1259 27 77
1260 19 71 48
1261 14 45 31 47
1262 37 80 24 73
1263 24 35
1264 45 65 87 55 59 10
1265 3 59 60 78 73
1266 25 35 14
1267 48 96 6 18 79
1268 2 27 26 98
1269 18 60
1270 26 84 100 7 73
1271 13 71 2
1272 29 88 62 13 60
1273 45 49 20 14
1274 9 91 64
1275 10 66
1276 2 95 6 27
1277 30 12 45 91 26 58
1278 44 74 64 54 80
1279 31 25 16
1280 40 37 93 97 95 63
1281 19 60 62
1282 43 92 55 82 54 4
1283 27 18 90
1284 5 32 10 72 63 57
1285 22 53 15
1286 10 75
1287 26 53 19
1288 15 101 72 28 49 93
1289 50 93 88 15 75
1290 1 83 8 47 18
1291 24 55
1292 11 37 67
1293 43 66 77 14
1294 48 25 71
1295 14 100 63 36 82 94
1296 34 34 48 6
1297 18 51
1298 43 50 27
1299 42 60
1300 25 8 22 43
1301 2 86 38 77 76
1302 40 30 27 80 76
1303 11 81 29 90 87
1304 26 52 19 97 47 68
1305 14 91 30 84
1306 23 41 38 1 78 9
1307 30 15 34 42 60
1308 31 28 62 19 42
1309 43 100 87 25 76
1310 43 61 95
1311 24 46 32 99
1312 44 38 48 78 59 83
1313 29 53 3 41 40 39
1314 27 10 53
1315 6 76 16 44 77 73
1316 15 100 17 36 87 85
1317 14 81 7 95
1318 24 81 78 63
1319 20 96 29
1320 20 73 56 90 15
1321 44 15 76 70 74
1322 40 77 69 12
1323 7 68 7 84
1324 7 13 73
1325 3 27
1326 27 37 39 34 52
1327 45 36 37 78
1328 35 48 13 8 95 86
1329 45 39 68 7 77 54
1330 31 19 47
1331 10 98 45
1332 16 86
1333 39 96 97 58 36
1334 32 25 78 24
1335 18 35 79 22 4
1336 50 50 71 32 16
1337 16 6 32 22 54
1338 8 29 21 13 54
1339 45 15
1340 50 81 18 62 57
1341 29 60 7 23 57
1342 5 7
1343 6 50
1344 16 66 68 72 36 42
1345 11 23 36 70 27 59
1346 21 36
1347 50 65 3 50 43 8
1348 27 89 31 50 96
1349 8 98 2 47
1350 1 49 2 56 36
1351 44 83 62 21 81 94
1352 10 34
1353 24 37 56 100 39 78
1354 14 92 28 67
1355 27 14 76 84
1356 45 38
1357 48 18
1358 9 34 101
1359 37 99 54 81 88 68
1360 41 59
1361 1 92
1362 13 58 59 31
1363 39 85 15
1364 26 52 49
1365 48 36 83 37 67 82
1366 22 41 38 15 78
1367 26 85 28 23 37 27
1368 15 21
1369 47 79 16 28 56 12
1370 8 2 52
1371 33 11 65 32 62 53
1372 34 50
1373 15 58 18
1374 17 98 50 57 97 3
1375 41 33 39 100 27
1376 10 35 51
1377 7 60 65
1378 18 72 30 41
1379 41 70 46 93 61
1380 23 61 88 19 71 13
1381 41 83 13 37
1382 22 90 100 15 28
1383 7 71 19
1384 4 25
1385 26 8 59 82 100 10
1386 6 42 80 23 18
1387 26 34 49 18
1388 23 50 55 63
1389 35 40
1390 10 92 43 56 91
1391 42 86 24 73 85 61
1392 41 69 39 51 100
1393 22 41 23 80
1394 40 2 77
1395 30 25 81 9
1396 12 34 88
1397 37 28 12
1398 1 37 9 3
1399 34 10
1400 18 19 52 84 42 33
1401 37 100
1402 30 43 9 87
1403 5 51
1404 22 15 88 28 82
1405 2 64 18 57
1406 24 60 33 66
1407 24 27 85 47
1408 7 83 11 66 88
1409 31 91
1410 34 29 62 92 66
1411 20 38 21
1412 12 36 78
1413 26 91
1414 8 33 54 9 48
1415 11 101
1416 29 71 58 88 83
1417 8 88 86
1418 41 101
1419 44 60 100
1420 28 60 67
1421 10 21 26 18
1422 30 29 7 52 15
1423 41 16 4 8 92 77
1424 13 36 72 88 82
1425 40 86 60
1426 5 23 25 14 30 60
1427 3 101 75 81
1428 14 77 48 86 2 73
1429 22 4 21 92
1430 27 35 33 63
1431 7 78
1432 40 85 49 61
1433 28 51 87 12 17
1434 12 100 8
1435 3 60 20 100 48 97
1436 28 12 74 30 100 1
1437 27 94 46
1438 11 40 96
1439 44 89 87 11 59 54
1440 33 78 86 82 68
1441 31 74
1442 48 101
1443 46 89 5 8
1444 35 56 79 2 40 86
1445 8 4 47 69
1446 7 61 44 41
1447 31 65 23 27 12 70
1448 2 43 64 97 21
1449 44 82 72 88 56 70
1450 40 54 66 72 96 21
1451 43 71 65
1452 42 98 20 82
1453 2 95 10 7 62 52
1454 19 64 41 1
1455 26 53 44 23 95 43
1456 30 39 31 79
1457 14 77 67
1458 32 68 38 99
1459 36 32
1460 18 16 63 10 95 56
1461 40 82 21 72 16 85
1462 8 47 53 35 46
1463 23 29 49
1464 7 23 93 97
1465 30 59 89
1466 19 24 99 19 101 86
1467 3 4 37 94
1468 14 57 8 81 5
1469 9 69 27
1470 38 39 98
1471 13 99 88
1472 34 73
1473 3 52 31 17 27 51
1474 2 10 82
1475 9 18
1476 28 75 59
1477 14 21
1478 36 43 61 2 5 30
1479 6 26 40 83 22 17
1480 2 31 56 89 40 37
1481 47 43 3 4 67 88
1482 50 28 4 61 100 3
1483 14 97 43 22 45
1484 42 13 15
1485 43 97 84 58 71
1486 47 72 22
1487 39 55 68 36 92 101
1488 16 89 58 23
1489 18 32 94 51
1490 17 7 43
1491 16 74 90 68
1492 40 88 85 68 93 20
1493 7 76 51
1494 14 82 22 67
1495 28 44
1496 17 40 42
1497 20 64 88 48 52
1498 10 63 93
1499 10 87 35 97 45 31
1500 5 61 32 83
1501 31 20 96 41 57
1502 26 101 56 26 11 37
1503 39 42 95 17
1504 27 46 40 52 53
1505 41 100
1506 11 22 5 91 97
1507 15 17 101
1508 6 28 83 24 79
1509 5 68 53 1
1510 5 88 85 72 94
1511 38 99 11 94 88 79
1512 18 15 60
1513 26 76
1514 50 93
1515 1 11 90
1516 14 16
1517 36 17 58 69
1518 12 54 34 97 92 7
1519 19 86 11 75
1520 30 56 91 24 71 86
1521 26 17 46 10 27 60
1522 13 70
1523 19 66 25 63 88
1524 2 72 87 68 66 50
1525 2 31 39
1526 13 30 91
1527 28 10 74 6
1528 29 19 29 51 26 66
1529 45 83 35 77 86
1530 18 97 100 14 18
1531 9 100 93 13 62
1532 38 80 95 101 42 68
1533 40 58 78 47
1534 40 64 98 53 57
1535 34 65 51 97
1536 10 6 42 17 97 91
1537 10 68
1538 28 86 19
1539 48 93 23 66
1540 30 37
1541 46 20 24 32 12 35
1542 28 22 35 68
1543 17 17 27 38 95
1544 24 8 52
1545 4 93 98 64
1546 24 99 100 13
1547 49 55 58 37 76 27
1548 14 66 79 5 39
1549 22 33
1550 18 55 37 5 70
1551 4 22 81 86 71
1552 4 93 80 62
1553 23 87 37 80
1554 1 64 31
1555 44 51 49 1 47
1556 48 8 69 1 45 73
1557 15 12 63 97
1558 9 67 35 40 71
1559 42 23 80
1560 44 25 90 16
1561 20 9 65 46 37
1562 4 29 43
1563 32 68
1564 38 14 81 16
1565 14 55 17 51
1566 43 50 48 89
1567 36 53 67
1568 15 63
1569 13 59
1570 7 1
1571 25 11 22 5 30
1572 17 72
1573 38 82 61
1574 9 44 14
1575 24 91 27 59 15
1576 4 88 33 2 86
1577 47 51 30
1578 5 23 36 92
1579 2 68 70 51 17
1580 18 21
1581 19 79 42
1582 32 74 2
1583 23 36 72 18 35
1584 47 101
1585 42 13 19 66 68 42
1586 17 49 68 12
1587 10 13 48 72
1588 46 73
1589 20 77 14 50 15 85
1590 26 54 29
1591 1 77 92 57
1592 19 41 17 62 32 7
1593 29 21 70
1594 38 22 59 71 38
1595 16 53 68 11
1596 10 69 95 84
1597 15 65
1598 2 73 1 8
1599 50 21 100 88 19
1600 29 67 28 56
1601 43 21
1602 36 42
1603 29 75 4
1604 13 14
1605 33 19 71
1606 17 48 73
1607 36 84 28 89
1608 8 31 86
1609 7 14 77 4
1610 2 86 69
1611 13 69 45 86 39 1
1612 50 70 94 49 92
1613 7 36 33
1614 9 54 19 25 34 12
1615 49 81 76 99
1616 21 101 11 40
1617 27 85 78
1618 6 92 41 90 77 91
1619 28 86 91 2
1620 49 32 79 72 74 58
1621 13 62 27 40
1622 28 31 27 88 50
1623 42 70 88 51 48
1624 25 41 93 100 67
1625 28 42 47 41 35
1626 29 33 58 44 32 76
1627 50 59 14
1628 24 8 79
1629 27 10 50 94
1630 34 76
1631 3 99 40 80
1632 39 31 19 83
1633 48 99 98 97 14
1634 33 19 7 28 32 78
1635 5 33
1636 50 83 56
1637 9 93 10 46 2
1638 37 77 46 6 38
1639 41 65 30 101 66 79
1640 1 61
1641 6 96 95 56
1642 33 46
1643 44 18 37
1644 31 31 67 65 69 27
1645 3 58 72 9 19 86
1646 40 60 86 88
1647 36 47 77 33 19 87
1648 1 70 16 81 100
1649 26 22
1650 32 48 18 95 25 13
1651 17 55 86 43
1652 16 59 23
1653 29 83 20 68 7 64
1654 37 77 31 47
1655 13 66
1656 16 9 65
1657 1 81 56
1658 33 10 61 32
1659 11 92 18 87
1660 13 97
1661 34 57 97 66 20 15
1662 27 53 95 22
1663 18 56 84 46 1 21
1664 31 99 24
1665 50 35 91 12 16
1666 31 19
1667 10 60 9 2 10
1668 6 25 49 26 77
1669 38 46 20
1670 16 82 41 49 3
1671 38 59
1672 38 46 48 70
1673 29 83 45 68 93 65
1674 44 60 52
1675 14 82
1676 49 33
1677 38 43 2 3 6
1678 30 14 75
1679 33 90 99 101
1680 47 76 8 96 99
1681 20 27 73 6
1682 31 50 41
1683 13 12 89 15 97 83
1684 34 12 62 21 14
1685 49 57 51 79 10 55
1686 18 63 9 66
1687 2 92 96 73 43
1688 29 95 11 7
1689 14 62
1690 8 49 4 71 41
1691 10 12 75 86
1692 2 66 74 32 40
1693 16 46 89 43
1694 10 12 37
1695 19 11 18 83 70
1696 21 49 93 7
1697 45 8 70 85 2 87
1698 41 7 14 22 76
1699 33 90
1700 24 9 30 48 46 26
1701 5 29 52 46 58 13
1702 24 41
1703 31 90 36 71 70
1704 17 64 33 27
1705 4 15 13 29
1706 22 63 32 41 53 38
1707 28 49 15
1708 50 13 94 63 34 29
1709 15 37 40 86 29
1710 5 55
1711 12 38
1712 16 17 35 72
1713 2 46 69
1714 15 83 80
1715 12 5 46 31 1 64
1716 1 67 30 13 57
1717 18 71
1718 12 54
1719 5 62 79
1720 29 98
1721 38 4 91
1722 3 95 25 70 96 77
1723 18 85 4 42 97
1724 4 51
1725 50 69
1726 44 85 38 22 89
1727 36 77 47 96
1728 10 19 52
1729 18 79
1730 45 66
1731 43 36 29 41 81 98
1732 10 78 83 89
1733 23 62 95
1734 19 79
1735 2 21
1736 21 39 51 76
1737 17 4 63 61 11 94
1738 8 59 18 33
1739 4 74 38 93
1740 27 70
1741 13 98 49 94 92
1742 33 4 40 36 52 53
1743 8 80 58
1744 43 63 89
1745 44 33 8 79 96
1746 11 67 48 65
1747 34 12 101
1748 31 97 51 36 26
1749 32 10 68 72
1750 37 16 32
1751 50 36 9 26 73 28
1752 20 81 36 51 50
1753 21 81 82
1754 43 7 42 6 26
1755 21 55
1756 39 20 55 84 27 1
1757 45 34 25 87 76
1758 42 42 92
1759 12 58 18 86
1760 49 47
1761 40 95 98 100 14 33
1762 30 40 55
1763 27 18 4 83 42
1764 19 18 42 64 33 12
1765 18 89 34 54 3
1766 11 9
1767 30 21 25 42 47
1768 19 4 55
1769 33 7
1770 47 96 22 6 63
1771 28 10 44 101 14
1772 5 36 50 55
1773 47 30
1774 16 17 49
1775 7 47
1776 37 9 26 46
1777 23 1 36 101 26 40
1778 38 37 88 90
1779 30 41 72 87
1780 29 35
1781 23 70 26 66 84
1782 36 10 5
1783 25 71
1784 22 76
1785 44 66
1786 36 11 9 80 16 6
1787 43 5 77 96 2 13
1788 14 25 99 23
1789 44 30 78 58 41 48
1790 40 63 26 56
1791 43 68 37 21 83 42
1792 37 12 83 52 17 50
1793 13 49 13 84 42
1794 41 32 99 47
1795 24 69 19 62 57 76
1796 27 96 84 24 8 51
1797 42 53 48 94
1798 11 37
1799 46 1
1800 13 70 99 9
1801 47 93 55 64 22
1802 9 46 70
1803 38 88 93 68 53
1804 25 72 52 62
1805 34 69 94
1806 28 85 49 1 37
1807 33 81 72 78 55
1808 10 58 70 97 18
1809 40 9 98
1810 25 80 28
1811 9 42 18 41
1812 24 31 66 50 46
1813 39 60 1
1814 21 25 73 57 32 82
1815 5 74 98 27
1816 19 100 15 7 99 24
1817 50 48
1818 2 1
1819 15 72
1820 4 36 74 1
1821 32 32 82 27 57 18
1822 2 17
1823 50 47
1824 21 31 25 9
1825 37 38 61
1826 25 27 72 3 38
1827 23 62 12 52 36 45
1828 30 7 88 20 94 1
1829 48 101 65 100 84 16
1830 27 26 33
1831 7 40
1832 3 92 36 51 17
1833 9 98 44 36 89 22
1834 10 39 47 85 41
1835 8 51
1836 34 92 43 48 53
1837 20 81 5 59 45 43
1838 20 62 85 98 67 43
1839 49 10 21
1840 45 3 47
1841 21 37
1842 12 84 59 91 13
1843 35 61 45 56 3
1844 8 15 12 42
1845 48 21 64 34
1846 14 33 99 66
1847 21 89 47 61 87 67
1848 7 9 63 53
1849 3 86
1850 33 90 85 28 41
1851 11 41
1852 50 61 62 44
1853 34 74
1854 37 41 98
1855 24 70 26 92 1
1856 9 47 92 13 55
1857 12 78 44 77
1858 43 72 101
1859 30 50
1860 7 56 31
1861 33 79
1862 21 42 101 6 95 11
1863 15 73 76 80
1864 26 60 32 69 67
1865 4 89 76 15
1866 43 14 53
1867 46 100 9 69 46 53
1868 7 75 90 58 82
1869 49 52 2
1870 11 70 15 3
1871 39 69 83 30 10
1872 30 53 94 18 82
1873 13 80 82
1874 37 10 58 16
1875 24 72
1876 36 57 68
1877 15 29 26 2
1878 42 58
1879 37 66 101
1880 28 49 18 32 23 98
1881 34 68
1882 42 98 80 36 26
1883 18 44 9 55 20
1884 30 60 59 84 41 51
1885 28 22 84
1886 24 47
1887 37 77 79 29 84
1888 5 45 62
1889 4 9 70 85 27
1890 34 23 93
1891 2 53 29
1892 13 3 28 73 59 33
1893 10 86 10 61 35
1894 8 67 12
1895 11 88
1896 41 81 26 101 39
1897 31 50
1898 30 93 60
1899 13 81
1900 33 53 10
1901 49 87 59 29
1902 42 54 95 82
1903 46 18 93 14 20
1904 1 26 91 2 81
1905 30 19 56
1906 34 7
1907 35 69 11 15 52
1908 28 89
1909 39 83 28 67 50
1910 34 7 90 68 56 66
1911 27 54 94 9
1912 8 10 77
1913 15 7 57
1914 9 20 98 1
1915 37 9 83 57
1916 41 62
1917 4 93 18 36 79
1918 42 33
1919 43 9
1920 3 41 42 99
1921 10 59 99
1922 18 94 17 77
1923 40 58 42 10 3 101
1924 31 60 24 14 90
1925 35 64 65
1926 43 21 36 34
1927 16 54 46 53
1928 27 96 63 55
1929 48 61 43 55
1930 20 18 90
1931 19 75
1932 50 11
1933 22 78 20 58 1
1934 2 47 93 83
1935 21 71 97
1936 31 30
1937 16 69
1938 34 79 88 66 69
1939 45 75 53 50
1940 21 26
1941 9 94
1942 45 17 5 61 58 37
1943 13 88
1944 47 84
1945 46 46
1946 13 21 20
1947 1 80 97
1948 41 51 11
1949 44 6 100
1950 20 95 33 8
1951 11 21 15
1952 39 65 42 30 77 92
1953 49 90 58 43 31
1954 40 65
1955 50 52 30 16 60
1956 40 72
1957 46 18
1958 18 91 95 44 24 76
1959 31 76 18
1960 17 90 101 60
1961 41 99
1962 16 78 94 25 50 38
1963 42 65 64 24 36 74
1964 30 73
1965 13 35 4
1966 32 35 86
1967 20 51 97
1968 27 39 23
1969 1 20 100 44
1970 36 87 48 99 12 37
1971 26 85
1972 34 75 96 40 16
1973 24 100 37 9
1974 8 4 13
1975 25 44 94 73
1976 47 78
1977 19 4 33 69 43
1978 32 75 37
1979 45 97 13 20 19
1980 38 74
1981 27 89
1982 48 47 38 92 79 21
1983 9 76
1984 25 63 31 25
1985 18 8
1986 36 22 97 77 55
1987 18 64 67 4 85
1988 22 78
1989 47 17 92
1990 7 43
1991 15 22 55 27 19 56
1992 26 20 25
1993 24 49
1994 25 81 86 92 95
1995 1 22 100 64 67
1996 19 85 26 71
1997 9 39 24 19 41 64
1998 12 12 83 66 62 22
1999 24 45 10 64
2000 21 8 88 25
2001 50 17 53
2002 18 75 77
2003 16 84 31
2004 30 93 50 78 88
2005 9 96 18 14
2006 10 21 99 8 38 96
2007 45 100 21 95 33
2008 39 78 13 22
2009 5 89 55
2010 46 16 29
2011 23 67 81 53
2012 2 52 28 45 53 57
2013 19 44 49 17 95 29
2014 8 77 82
2015 20 91 21 8 99
2016 44 37 15 93 65
2017 41 84 33 97
2018 5 20 65
2019 8 27 18
2020 36 68 83 38 92
2021 13 43 11
2022 36 93
2023 12 57 67 94 73 37
2024 36 55 32 31 23
2025 43 25 6
2026 17 22 59 95 84
2027 37 50
2028 28 27 101 85 33 25
2029 17 101 10 16
2030 41 93 32 16
2031 12 22 46 89 51
2032 49 45 22 6 1
2033 36 101 99 83 68 1
2034 10 55 28 11
2035 17 26 21
2036 18 33 82 3 66 91
2037 13 65
2038 50 86 47 7 24
2039 15 85 22 12
2040 20 6 89 96 81 51
2041 50 70 31 93 45
2042 38 72 13 84 71 58
2043 41 24 53
2044 31 93 92 12
2045 42 101 35 42
2046 7 59 99
2047 15 23 42 32 45
2048 20 52 2 36 43 99
2049 44 63 40
2050 27 14 24
2051 8 84
2052 16 75
2053 43 68 55 91
2054 49 33 75 54 45
2055 27 5 60 67
2056 19 47 32
2057 44 90 50 82 77
2058 35 35
2059 1 69 47
2060 31 8 84 58 81 10
2061 32 4 11
2062 44 19 1
2063 24 85 96
2064 26 95 99
2065 1 93 78 60 25
2066 10 60
2067 23 57 31 22 83 32
2068 32 89 10 88 67 77
2069 20 96 99
2070 22 95 52 35 72
2071 47 86 6
2072 49 17 33 73
2073 16 84 10 8
2074 49 53 32 2 8
2075 21 101
2076 44 67
2077 29 37 19 48 99
2078 43 73 77 86
2079 46 63
2080 9 96 78 76
2081 25 16 18 86
2082 30 7 12 37 17
2083 22 2 55 82 28 34
2084 39 58 77 62 41
2085 25 74 6 65 27
2086 36 70 10 76
2087 43 68 22 70 88 46
2088 41 23 7 60
2089 21 77 28 83
2090 42 56 80 16 4 50
2091 48 92 77 14 46 81
2092 20 75 99 44 71 43
2093 36 100 34 60 63
2094 33 81
2095 46 64 80 58
2096 1 101
2097 20 57
2098 40 25 62 68 77
2099 26 49 4 88
2100 22 100 1 41 11
2101 23 66
2102 50 64
2103 7 52
2104 48 97 88 23
2105 40 94 79 6
2106 48 89
2107 24 61 71 86 73 42
2108 22 77
2109 2 51
2110 9 98 32 76 5 83
2111 49 35
2112 29 95 22 18
2113 4 69 6 101 79
2114 9 33 20 35
2115 23 64 24 30 83
2116 13 30 28 90 66 85
2117 17 84
2118 49 81 43
2119 18 14
2120 25 6 60
2121 50 45 74 34
2122 11 95 100 14 38 35
2123 45 68 55
2124 15 8
2125 43 25 66
2126 25 41 29 47 8 50
2127 28 80 99 66 71 21
2128 12 69 6
2129 23 4
2130 45 70 18 80 98 20
2131 30 25 19 6 8
2132 26 12 56 29
2133 38 11 98 28
2134 17 30
2135 18 76 60 38
2136 17 4 71 59 11
2137 37 16 45 49 93 18
2138 23 99 75 54
2139 4 77 32 30 94 71
2140 20 26 99 47 28
2141 40 69 46 14 44 26
2142 41 49 25 97 45
2143 11 68 101 80 87 71
2144 31 38 55
2145 29 62 84 48
2146 40 92 80 28 52
2147 35 48
2148 36 99 75 62
2149 31 99 22 79
2150 39 10
2151 11 57 22 72 83 55
2152 17 48 1 12 23
2153 28 18 16 34 1 77
2154 8 94 48 21
2155 3 26 73
2156 18 29 11 46
2157 42 38
2158 37 83 90 40 71
2159 2 47 21
2160 40 27 4 17
2161 17 17 59 33
2162 37 50 61 29 54 69
2163 41 24 64 61 68 93
2164 37 35 3 10 84 63
2165 4 97 3 67 27 49
2166 42 53 58
2167 21 98 55 73
2168 3 69 13 32 75
2169 18 2
2170 28 100 96
2171 49 14 69 44
2172 21 41
2173 49 81
2174 49 32
2175 8 82 78
2176 11 13 16 82 40
2177 36 74 50 86
2178 17 22 33 63 94 99
2179 29 93 67 56 7 8
2180 5 51
2181 3 14 11
2182 15 85
2183 46 90 1 92 54
2184 17 100 25
2185 6 41 17 81 13
2186 10 74 15 46 86 80
2187 15 7 14 48
2188 41 42 61 82 30 32
2189 24 36 60 68 99
2190 22 35 89
2191 11 28 64 92 19
2192 47 79
2193 49 36 84 58
2194 45 58
2195 49 82
2196 45 40 58 62 12
2197 7 89
2198 27 60 87
2199 10 37 91
2200 39 90 6 75 44 42
2201 17 36 79 76
2202 32 95
2203 42 85 87 33 82 20
2204 37 16 92 44 21
2205 38 35 98 76 25 18
2206 29 16 77
2207 7 31 82
2208 19 45 77 5 95
2209 36 96 13 52 54
2210 22 12
2211 34 51 75 44
2212 23 99 3 36 79
2213 31 9 42 88 26
2214 36 79 21 66
2215 15 94 92
2216 32 4
2217 17 79
2218 41 51 93 7 92
2219 47 93
2220 33 72 71
2221 44 29 85 1 3 5
2222 50 44 17 86 84
2223 3 60 17 54 83 27
2224 40 70 83
2225 40 97 44
2226 19 64 10 42 58 87
2227 12 6 58 88 61 79
2228 49 29 16 80 74 24
2229 38 8 9
2230 18 81 91
2231 44 81 29
2232 26 72 12 70 75
2233 26 2 58 11 4 74
2234 41 22 17 20
2235 45 1 37 17 96
2236 33 99 85 70 83
2237 49 52 54 89 37
2238 24 46 89 28
2239 3 11 1 84 38 46
2240 31 5 40 83 59 6
2241 30 25
2242 28 36 78
2243 19 78 79
2244 8 22 87 41 92 27
2245 31 91 54 21 72 93
2246 16 54 99 68
2247 32 29
2248 22 16 10 48 27
2249 43 9 94 84 42
2250 16 9 2 77
2251 23 101
2252 34 68
2253 48 48
2254 5 34
2255 46 81 93
2256 32 23 61 54
2257 3 77 60
2258 17 7 17 19 53 77
2259 12 37 14 90 17
2260 44 11 39 14
2261 50 35 82
2262 36 50
2263 34 52 66 81 83
2264 13 46 85 72 23
2265 36 6 46
2266 11 3 40 97 24
2267 11 51 65 2 17 3
2268 29 29
2269 24 30 69 95 51 59
2270 25 51 10 11
2271 27 8 55 37 45
2272 32 56 75 74 37
2273 2 37 50 66 58 13
2274 19 29
2275 43 45
2276 2 52 38 88
2277 8 78 42 81
2278 12 5 32 60 96
2279 44 26 73
2280 40 35 24 48 11
2281 23 96 9 67 73 29
2282 40 75 12
2283 7 66 33 82 21
2284 34 73 39
2285 8 36 2 72
2286 27 27
2287 10 70 85 81
2288 16 39 63 38
2289 20 5 74 93 24 57
2290 50 34 61 44 98
2291 23 55 95
2292 26 54
2293 23 65 84 53 78 88
2294 37 22 94 81
2295 10 30 77 89 95
2296 19 1 81 46 42
2297 36 54 75 63
2298 37 90 43 62
2299 28 55
2300 27 48 38 46 77 69
2301 18 73 82 91 5
2302 28 3 11 66 88 87
2303 17 47 66 79 99
2304 21 20
2305 17 42 74 25 90
2306 13 1 37
2307 42 72 84
2308 19 44
2309 18 45 90 13 63 83
2310 16 2 93 45
2311 49 18 28
2312 11 46 35 98
2313 39 95 77
2314 50 72
2315 33 69 91
2316 38 66 8
2317 36 15 93
2318 43 64 16 50
2319 37 43 36 97
2320 4 53 16 13 63
2321 20 48 82
2322 15 19 18
2323 38 14 4 27
2324 14 74 51 67 66 45
2325 32 63 74
2326 32 14 43
2327 47 80
2328 28 57 89
2329 33 5 49 67 76 98
2330 36 28 6 51 44
2331 12 16 28 80
2332 6 40
2333 3 6 81
2334 43 42 61
2335 33 99
2336 39 97 93
2337 19 87 88 71 97
2338 30 64 33 13 92
2339 23 50 14 74 18
2340 29 19 3 77 57
2341 1 101 92
2342 35 82 85 79 46
2343 1 29 99 19
2344 2 56 61 14 7 50
2345 34 16 61 100 10
2346 35 76 74 36
2347 3 3 4 49 55 77
2348 27 75 72 42 45 83
2349 45 101 13 50
2350 30 62 13 76 23 46
2351 20 8 46 88
2352 10 86 32
2353 45 70 54 24 19 10
2354 17 12 84 30 13 72
2355 4 75 18 51 69 88
2356 1 92 76 5 44 1
2357 39 45 39 40
2358 32 32
2359 43 15 80 89 78
2360 25 7 8
2361 2 8 79 94
2362 1 40 25
2363 26 65 14 61 6
2364 39 50 51
2365 23 82
2366 30 30 33 43
2367 48 93 53 94 24
2368 41 4
2369 27 40 64 7 98
2370 49 91 2 20 8
2371 1 26 98
2372 4 75
2373 3 36 75
2374 45 57 74 70 42 3
2375 48 42 53 6 94 85
2376 45 26 29
2377 32 46 33 77 53
2378 13 95
2379 45 69 24 82 9 55
2380 23 84 100
2381 18 72 69
2382 48 85 96
2383 39 4 9
2384 2 67 76 28 55
2385 46 29 69 15
2386 29 77 68
2387 11 40 39 42 22 48
2388 3 25 82
2389 12 44 48
2390 4 18 65 88 55 70
2391 31 93
2392 37 43 42 30
2393 46 65 57 63 96 79
2394 16 31 68 65 89
2395 49 32 78 55 30
2396 24 9 77 95 5
2397 48 7 57
2398 15 22 51 8
2399 15 96 20 53
2400 28 3 8 15
2401 10 52 49 28
2402 4 66 37 8 18 25
2403 12 4 44 82 16 97
2404 4 84
2405 23 21 47 81 101 56
2406 44 67 20 11
2407 12 56 72 99 48 37
2408 42 97
2409 46 98
2410 13 98 18 7
2411 12 48 79 46
2412 3 70 65 13 51 19
2413 28 20 79 35
2414 41 73 81 29
2415 26 100 31 45 84 79
2416 29 12 93 98
2417 36 52 35 8
2418 10 44 79 9 28
2419 37 39 38
2420 7 22 31 39 42 13
2421 45 52
2422 41 41 25 35 9 70
2423 26 10
2424 8 75 28 23 93 81
2425 9 52 75 2 12 84
2426 13 34 20
2427 32 26
2428 7 11 67 57 24 37
2429 48 24 87 66 68
2430 35 42 40 95 100 59
2431 26 98 38 85
2432 31 53 32 99
2433 30 19
2434 30 58 78 99
2435 19 64 100 81 66 4
2436 16 37 59 75
2437 42 39 75
2438 1 18 73 23 40 25
2439 16 64 60 38 50
2440 11 63 62 35
2441 15 95
2442 20 71 6
2443 42 35 73 76
2444 46 83 26 1 46 50
2445 26 87 51 12 97
2446 20 99
2447 44 87 13
2448 43 42 101
2449 48 96 80 59
2450 41 42
2451 5 22 69 10 68 38
2452 49 44 17 11
2453 47 94 79 82 46
2454 30 45
2455 26 16 87 56
2456 28 50 67 13 58
2457 48 38 11
2458 1 68 29
2459 42 95 76 38
2460 12 40
2461 27 99 82 73 28 87
2462 21 52 30 26 45
2463 10 35 28
2464 24 8 28
2465 41 19 35 49
2466 14 96 77 11 67 43
2467 5 72 87 97 37 80
2468 18 87 29 97
2469 26 47 40 35
2470 41 39
2471 50 47 74 37
2472 4 19 14 55 39 66
2473 5 2
2474 15 101 96 76
2475 35 89 60 24 85
2476 14 88 2
2477 35 4 66
2478 31 26
2479 50 19 54
2480 5 57 98 2
2481 33 16 62 18
2482 18 48 21 60 44
2483 30 78 89 92 90 3
2484 5 88
2485 48 99
2486 10 34 69 87 52 42
2487 2 82 54
2488 2 30 27 9 66
2489 25 78 92
2490 15 49 45 48
2491 19 4 95 20 32 17
2492 13 20 51
2493 4 58 95
2494 21 39
2495 23 50 83 43 70
2496 33 4 33 10 8 48
2497 28 66 62
2498 49 18 31 14
2499 40 33 28 8 73
2500 21 87 29
2501 4 87 1 23
2502 18 50 96 51 67 79
2503 31 83 79 96
2504 4 75 30 77 92
2505 21 49 64 82 31
2506 5 12 91 6 56 53
2507 43 45 100 3
2508 40 73 89 51
2509 22 16 74 35 34
2510 2 46 28 95 93
2511 38 44 96 70
2512 18 24
2513 30 22 49 101 96 5
2514 24 5 89 40 2 99
2515 11 6 22 54 1
2516 22 76 1
2517 37 29 30 79
2518 19 40
2519 22 75 80
2520 25 99 53 73 19
2521 28 83
2522 5 12 17
2523 48 98 29 23 45
2524 39 83 41 56 99 47
2525 42 21 88
2526 3 46 8 32 71
2527 21 47 73 61 41 51
2528 40 31 97 47
2529 7 95 60 63 21
2530 43 36 46 87 42 96
2531 25 74 63
2532 43 34 100 35
2533 46 36 4 23 10 14
2534 44 32 39 77 100
2535 8 84 5 74 21
2536 29 33 95 42 48 54
2537 26 58
2538 31 81 15 79 68 62
2539 45 29 89 92 61 84
2540 8 17
2541 3 61 88 90 98 19
2542 5 7 90 42 83 97
2543 49 99
2544 49 101
2545 21 34
2546 29 91
2547 41 51 3 81 31
2548 32 82 74
2549 6 31
2550 45 89 85 16 27 3
2551 12 71 47
2552 11 100
2553 5 19 54 70
2554 24 79 16
2555 25 12 60 88 15
2556 1 58 88 43 55 39
2557 15 61 68 22 60 23
2558 22 78 82 81
2559 13 28 88
2560 5 40
2561 9 62
2562 23 10 45
2563 37 66 40 56
2564 7 22 19
2565 19 3 93 88 95 67
2566 4 18 86 39
2567 18 70 35 24
2568 32 26 89 76
2569 50 53 50 88 65
2570 20 94 100 9 29 3
2571 2 4 31
2572 39 95 8 5
2573 33 82
2574 28 45 63 47
2575 1 31 14 35 89 50
2576 15 29 57 71 81 46
2577 40 4
2578 32 76 12 48 58
2579 16 79 31 83 5
2580 46 3
2581 25 60
2582 34 26
2583 24 14 33 36 66 16
2584 44 40 69 100 37
2585 27 96 67
2586 3 45 58 92 7
2587 15 54 93 38
2588 12 97 57 59 33 52
2589 27 75 34
2590 26 93
2591 5 60 44 17 73 61
2592 41 39 73
2593 39 7
2594 17 18 33
2595 50 17
2596 41 16
2597 10 59 101 37 19
2598 4 11 72
2599 6 21 74 75 83
2600 8 36 26 6
2601 25 58 75 65
2602 20 35 19 12 93
2603 26 58 51 39 34 59
2604 21 101 98 81 67
2605 2 79 14 75 84
2606 20 69 75 1 66 62
2607 13 94 40 74 88 92
2608 17 37 70
2609 49 82 78 81 18
2610 1 7 74
2611 29 45
2612 40 12 18 51 64
2613 6 13 9 6 59
2614 43 66
2615 10 97 81 1 58
2616 41 90 50 6 23
2617 23 101 71
2618 4 37 100 2 98
2619 50 56 69
2620 23 4
2621 47 14
2622 21 26 89 39 57
2623 4 85 14 64 63 78
2624 47 84 41
2625 2 61 37
2626 16 87 78
2627 6 54 96
2628 23 66 90 85
2629 44 92 86 99 62 91
2630 32 90
2631 12 36 12 99 21
2632 28 64 1
2633 17 33 45 11
2634 25 81 18
2635 30 84 39 30 25 8
2636 21 84 37 45 54 58
2637 8 35
2638 21 16 101 28 71 39
2639 49 99 1 88
2640 2 28 55 69 38 101
2641 42 17 13 27 63 3
2642 19 22 97 66 14
2643 47 69 67 44 17 52
2644 50 20 70
2645 40 94 21 53 33
2646 49 75
2647 20 33 45 6 23
2648 1 4 90 16 71 47
2649 49 22 59 36
2650 48 56 23 50
2651 13 62 9
2652 33 93 79
2653 46 42 85 63 31
2654 16 29 22
2655 46 25 56 75
2656 43 54 51 37
2657 36 52 79 41 92
2658 36 93 80
2659 7 32 18
2660 47 77 99 74
2661 45 38 16
2662 49 50
2663 42 21 61 99
2664 2 26 44 23 99 84
2665 40 20 11 47
2666 20 74 72 33 32 49
2667 2 20 40
2668 25 56 25 99
2669 39 76 86
2670 9 62 8 1
2671 16 93 19
2672 29 51 48 84 56
2673 37 31 90 99 91 87
2674 13 90
2675 28 93 5 30
2676 7 16 89 96 86
2677 6 70 13 16 63
2678 48 15 29
2679 47 99
2680 2 23
2681 24 71 35 79 60 94
2682 29 15 95
2683 19 80
2684 38 97 99
2685 35 22 35 38
2686 12 87 85 70 53
2687 11 49 41 97 32
2688 7 35
2689 30 63
2690 39 84 83 73 33
2691 45 83 67 62 50
2692 3 85 78 46 44
2693 28 91 95 25
2694 36 6 70 69 90 82
2695 28 1 44 57 36 91
2696 33 7 12
2697 40 75
2698 33 39 40 55 84
2699 16 8
2700 39 77 35 49
2701 7 3 7
2702 45 61
2703 49 38 86
2704 14 37
2705 46 86
2706 1 87 95 32 77
2707 49 35 50 73 21
2708 45 48 38 88
2709 5 47
2710 40 65 93
2711 31 60 34
2712 18 75
2713 9 90
2714 14 4 47
2715 6 79 15 53 60 40
2716 12 85 74 18 4
2717 3 56 18 88 25
2718 6 65 73
2719 37 61
2720 4 72 57 78 101 82
2721 19 1
2722 25 92 90 87
2723 31 76 57 77
2724 30 4 91 68 17 72
2725 50 35 16 41
2726 3 43
2727 8 37 68 23 1 55
2728 5 50 81 44 84 78
2729 11 20
2730 50 3 90
2731 10 77 88 48 57
2732 17 20
2733 23 86 76 39 48 3
2734 47 53 26 98 37
2735 19 1 83 96 26
2736 45 79 50 39
2737 32 86 83 55
2738 3 84
2739 20 17 84 76 100
2740 46 91 94
2741 18 90 42 5 11 78
2742 21 96 2 26 61
2743 19 73 6 50
2744 41 57 43 46 2 21
2745 41 22 74 67 55 83
2746 29 38
2747 43 21 71 100
2748 31 94 63
2749 17 57 73 44
2750 49 72
2751 6 12 53 48 73
2752 9 15 12 59
2753 10 65
2754 7 15
2755 31 57 56
2756 45 97 53 22
2757 19 99
2758 8 87 41 76
2759 39 4 100 15
2760 11 85 40 27 39
2761 10 90 56 60
2762 50 84 55 7 17 97
2763 4 42 46
2764 17 36 88 38 28 37
2765 19 85 69
2766 38 83
2767 30 13 25
2768 4 5 73 38 39 67
2769 2 70
2770 27 89
2771 10 15 14 87
2772 37 50 98 94
2773 41 35
2774 49 92 69
2775 38 79 33
2776 39 24 26 98 8 79
2777 13 93 58 18
2778 2 72 77
2779 19 71 7 23 66
2780 8 45 96 15
2781 12 83
2782 47 37 70 39 46 79
2783 30 26 62 13 1 5
2784 41 62 22 9 39 61
2785 37 66
2786 46 96 60 100 14 41
2787 28 92 51 15 77
2788 46 41 80 62 56 69
2789 5 6 91 49
2790 19 23 72 46
2791 47 99 3 33 91
2792 46 44 6 62 76
2793 19 90 63 74 20 68
2794 39 24 23
2795 31 47 25 73 23 98
2796 40 99 16 54 11 35
2797 41 37 93 5 30
2798 16 23
2799 45 73 37 4 29
2800 39 20 99 18
2801 20 95 58 86 91 101
2802 44 70 3 9
2803 50 7 37 38 78 98
2804 32 12 96 98 86 61
2805 47 42 49
2806 2 58 74 67 24 73
2807 4 65 43 13 11 9
2808 37 90 99 67 39 77
2809 39 43 14 73 60
2810 3 16 24 61 42 30
2811 41 18
2812 42 30 77 25
2813 3 68 59 44 101
2814 14 27 45 28 4 85
2815 30 53
2816 31 35
2817 35 63 4 71 76 74
2818 39 72 90
2819 4 49 79 18 86
2820 22 58 74
2821 26 63 32 40 38 64
2822 5 39
2823 33 95 72 17
2824 39 14 98 16 32
2825 22 4
2826 11 59
2827 20 25 34 4
2828 23 101 14 51 37 13
2829 29 38 74 44
2830 40 46 13 60 68
2831 34 70 4
2832 26 85 12 11 99
2833 41 57 62 76 92 73
2834 12 18 83
2835 4 27 66 93 90 39
2836 9 49 45
2837 44 82
2838 40 18 92 28 30
2839 43 14 66 58
2840 18 95 83
2841 35 76 14 48 8
2842 43 22 85 93
2843 16 38 75 67 70 34
2844 50 41 31 19
2845 47 24 80 77
2846 18 70
2847 50 26 49
2848 3 46
2849 43 80 41 10
2850 11 45 56 88 46
2851 26 12 35
2852 41 78 7
2853 34 54 88 7
2854 45 22 60 98 3 19
2855 17 35 79
2856 42 16 50 33 60
2857 6 15 16 19 69 78
2858 30 40 80 96 67 93
2859 46 13 5 71
2860 21 26 43 99
2861 37 55 53 20
2862 22 101
2863 46 70 32 64
2864 14 44 57 46
2865 46 100
2866 19 42 100
2867 43 37 71 55 85
2868 15 97 14 16 28
2869 29 50 62 24 22
2870 3 46 18
2871 47 15 79 35 85
2872 34 36 91
2873 47 23 72 95 17 46
2874 31 88 44 18
2875 19 28 82 50
2876 36 64
2877 35 87 8 32 46
2878 28 9 70 62 4
2879 26 55 87 68 28 46
2880 4 87 27 23
2881 31 5
2882 20 59 86 16 36 73
2883 16 37 101 19
2884 10 69 92
2885 8 64 19 52 73
2886 29 69 66 79
2887 10 19 65
2888 30 24
2889 27 95 85 44
2890 44 68
2891 9 47 10 6 35
2892 44 94
2893 15 33 56
2894 11 46
2895 18 4 79
2896 7 4 57 55 37
2897 22 10 31 75 12
2898 44 82 89 12
2899 48 11 95 54
2900 44 71 14
2901 2 1 6 75 35 31
2902 50 7 48 28 97
2903 3 44 60 79 24 96
2904 17 71 63 4
2905 48 84 23 33 86 30
2906 23 90 71
2907 20 85
2908 21 59 21 5 18 2
2909 13 84 68
2910 32 93
2911 26 28
2912 32 22 9 23
2913 41 8 54
2914 21 55 92
2915 2 42 6 90 29
2916 24 11
2917 5 54 29 59
2918 2 43 39 47 58 93
2919 21 67 46 14 32
2920 29 47
2921 19 6 74
2922 9 79 94 77 44
2923 47 17 28 51 70
2924 28 27 14 22
2925 19 69 100
2926 24 101 87
2927 1 93 68 27 86
2928 18 69 57 72 53 4
2929 10 6 12 27
2930 34 3 55 49 19 59
2931 5 90 64
2932 17 16
2933 18 5 69 33 51 55
2934 24 100
2935 6 71 37 3 29
2936 15 24 98 2 99 53
2937 5 30 10 73
2938 30 87
2939 25 18 68 81 14
2940 39 38 90 37 26 42
2941 2 75 69 3 58 35
2942 45 81 50
2943 13 35 31 78 27 32
2944 24 87 72
2945 35 95 85 33
2946 41 53 80 41 94 87
2947 22 38 20
2948 19 27 48 68 87 35
2949 43 4 24 7 86 13
2950 38 51 8
2951 33 56 93 14
2952 28 60 15
2953 24 88 10 16 99 67
2954 47 67
2955 41 42 93 18
2956 9 38 78
2957 12 14 53 85 94 45
2958 26 88 15 38
2959 17 18 44
2960 5 61 97 58 28
2961 49 93 56 99
2962 43 27
2963 20 13
2964 2 97
2965 28 73
2966 30 83 28 63 57
2967 16 28 30 35 72
2968 17 28
2969 49 21
2970 14 56 59 58 83
2971 35 101 93 73
2972 1 96
2973 19 15 85 27 14 83
2974 42 69
2975 1 88
2976 4 52 40 32 55 18
2977 35 50 31 34 70 25
2978 36 48 100 39 88 75
2979 49 62
2980 6 94 8 30
2981 44 99 31
2982 2 93 47 94
2983 38 67 72 73 44
2984 12 38
2985 12 51
2986 35 97 48 73
2987 43 14 80
2988 40 34 86
2989 8 11 99
2990 8 92 58 80 27 25
2991 25 44
2992 48 5
2993 31 88 30 27
2994 20 15
2995 35 54
2996 18 41 19 52 55
2997 9 60
2998 16 56 19 3 99 98
2999 25 4
3000 45 27
3001 2 56 90
3002 19 87 29 37 8
3003 18 65 36 89 25
3004 6 57 1 32 87 49
3005 48 67 38
3006 49 77 86 1
3007 44 84 3 18 52 16
3008 37 101
3009 26 66 65
3010 32 56 76
3011 18 99 29 28 98 76
3012 42 84 30
3013 45 42 76 56 83 69
3014 41 35 86 12 88
3015 36 33 12 1 66
3016 19 26
3017 18 84 23 78 41
3018 46 13
3019 6 71 72 20 98
3020 42 5 12 46 47 98
3021 4 17
3022 18 84 81 29
3023 28 12 18
3024 37 62 11 76
3025 37 40
3026 2 89 43
3027 4 18
3028 19 22 32
3029 35 58 51 12 87
3030 40 66 4
3031 6 77 60 12
3032 37 83 81 48 77
3033 11 77 67 101 75
3034 38 58 40 61 100
3035 47 60 96 19 57
3036 46 31 58 52
3037 46 71
3038 26 87
3039 12 6 22
3040 42 58 44 41
3041 36 97
3042 32 81 42 60 77
3043 14 32 99
3044 35 14 79
3045 24 55
3046 29 64 63 100
3047 37 97 17
3048 33 98 11
3049 7 42
3050 6 34
3051 16 1 19 69 53
3052 1 19 97
3053 49 58 100 48 70 37
3054 9 60 73 65 21 42
3055 40 77 76 26 80 61
3056 43 27 56 91 67 88
3057 23 73 77 10 1
3058 19 39
3059 36 49
3060 12 73 28
3061 45 55 37 27 84
3062 20 81 59 90 88 83
3063 24 99 61 49 29 34
3064 12 38 45 15 65 66
3065 7 19
3066 13 84 83
3067 43 23 68 25 17 27
3068 23 3 52 2 49 42
3069 21 60 31
3070 37 75 5
3071 20 71 41 88 67 8
3072 13 76 33
3073 19 81
3074 30 56 40 63
3075 25 63 85 89 72
3076 40 33 45 5 84
3077 30 96 51 17 45
3078 31 54 30 82 55 25
3079 24 28 91 85 24 63
3080 35 35 65 81 32
3081 26 82 62
3082 11 41
3083 47 44 12
3084 19 14 56 68
3085 39 34 76 86 55
3086 31 91 13 88 101
3087 8 36 80
3088 25 98 100 90 18 52
3089 48 30 80 98 35
3090 48 61 67 90 32
3091 33 6 2 90 65
3092 32 15 78 3 99
3093 34 56 66 30 76 12
3094 25 51 15 64 83 90
3095 4 100 12
3096 5 7 72
3097 7 35 9 48 69
3098 45 61 9 98 23 33
3099 41 14 80
3100 34 59 49 70 74
3101 14 3 55 89 60
3102 4 37 89 31
3103 13 56 95 84 75 17
3104 4 83 26
3105 31 93 68 20 17
3106 13 27 4 55 23
3107 50 16 87 49
3108 48 47 75 100
3109 6 2 100 69 85
3110 50 7 93
3111 10 24 2 43 48
3112 33 36 11 10
3113 41 49 73 39 31 47
3114 23 100 15 24 74
3115 33 5 32
3116 50 51 12
3117 29 28
3118 29 85 11 51 74 54
3119 46 93 89
3120 43 84 75
3121 2 20
3122 21 93 49
3123 42 49
3124 47 5 62
3125 36 89 15 1 93
3126 8 64 67
3127 44 7 39 10 31 66
3128 4 1 21
3129 41 14 72 95
3130 3 42 69 49 80
3131 25 63
3132 36 45 52
3133 12 18 87 95
3134 9 85 49 91
3135 15 73
3136 49 95 20
3137 21 53 45 44 51 31
3138 5 91 57 87
3139 22 69 11 32 86 34
3140 7 9 1
3141 21 74 55
3142 40 45 39
3143 42 22 20 65 79
3144 41 62 78 7 39
3145 19 50 3 36 20 27
3146 45 86 93 50 6
3147 38 76 80 16 12 88
3148 16 81 63 65
3149 38 90
3150 3 33 1 84 88
3151 16 30 83
3152 13 89 63 100
3153 2 90 37 63 13
3154 7 42 43 97
3155 29 67 25 90
3156 26 17 92
3157 31 30 31
3158 3 13 46 12
3159 11 97 99 21 55 13
3160 2 81 17 31 19 91
3161 12 47 89
3162 26 19
3163 47 48 51
3164 44 27
3165 16 90 41
3166 10 13
3167 39 22
3168 50 98 5
3169 13 100 87
3170 31 21 31 70
3171 7 90
3172 27 94 14
3173 40 90 18 43 3
3174 6 11 17
3175 42 10 21 71
3176 37 77 61
3177 8 1
3178 6 98
3179 41 72 41 7
3180 3 58
3181 24 2 24 34 95
3182 49 67 8 9 77
3183 7 8 49 87 7 100
3184 32 91
3185 6 58 43 9 98
3186 48 44 66 90 50 17
3187 8 81 17
3188 34 11 84
3189 1 33 10 22 59 81
3190 50 77 92 43
3191 11 15 70 47
3192 5 93
3193 42 72 46
3194 13 20 94 69 30 37
3195 5 12 74 75 94
3196 32 34 36 57 55
3197 29 80 87 54 14
3198 29 76
3199 50 7 27 32 26
3200 4 35 76 81
3201 49 36
3202 5 46 29 69
3203 1 74 97 61
3204 25 31
3205 5 64 72
3206 31 14
3207 33 31
3208 11 83 75 28 78
3209 46 33 3 84 36 34
3210 44 94
3211 31 14
3212 39 74 40 13 12
3213 36 74 75 101 6
3214 45 88 90
3215 45 24 28 11 15
3216 12 61 38
3217 11 39
3218 47 101 51 7
3219 47 89 84 73
3220 33 40 83 9
3221 20 70 11
3222 21 64 48 44
3223 43 39 43 54
3224 21 12
3225 24 13 80 3 26 39
3226 41 51 19
3227 44 76 24 12 81 14
3228 31 48 65
3229 48 51 9 76 66 61
3230 39 55 76
3231 23 30 79 20
3232 5 36 12 65
3233 42 101 36
3234 24 20 50 47
3235 30 51 37 80 18
3236 25 43 20
3237 19 56 61 44 98
3238 11 58 4 91 100 65
3239 36 5
3240 44 8 47
3241 35 80
3242 47 58 39 3 70 8
3243 11 37 1 75
3244 17 6 91
3245 22 100 94
3246 38 51 30 45 82 24
3247 2 73 94 35 23
3248 14 47
3249 37 67 98 32 101 3
3250 14 55 83 29 89
3251 23 17 38 24 3
3252 42 86 72 19 81
3253 50 62
3254 37 59 70 66 98 91
3255 8 5
3256 41 25 30 53 35 61
3257 34 10
3258 50 81
3259 37 72 35 38 86 5
3260 36 85 50 76
3261 8 46
3262 9 24 67 97 76
3263 27 72
3264 15 79 53 86 89
3265 35 16 93 42 18
3266 49 2 32 7
3267 49 61
3268 3 85 67 56 80 3
3269 39 85 67
3270 46 76 79 80 20 99
3271 30 87 100 41 50 14
3272 41 65 100
3273 27 79 65
3274 42 84 5 4 25
3275 45 31 41 52 28
3276 11 18 38
3277 36 40 4
3278 15 26 11 79
3279 25 78 40 63 85 29
3280 33 6
3281 42 73 78 39 47
3282 35 72
3283 21 83
3284 34 51
3285 6 99
3286 28 80
3287 5 51 25 65
3288 20 58 36 50 95
3289 25 75 99 58
3290 23 16 7 1
3291 15 98 10 100
3292 19 28 14 56
3293 34 57 50
3294 50 68 101 98 24
3295 13 36 15
3296 45 94
3297 30 95 15 50
3298 28 62
3299 18 66
3300 44 81
3301 29 40
3302 37 70 80 77 98
3303 39 52 61 50
3304 49 45
3305 46 55 33 69 34 83
3306 19 39 17 8 93 100
3307 44 11
3308 21 52 33
3309 27 101
3310 17 98 77 20 80 8
3311 32 58 28 12
3312 18 90
3313 25 32
3314 23 5
3315 32 35 11
3316 22 75
3317 21 4 28 2
3318 10 93 97
3319 22 54 53 45 21 32
3320 49 9 58 23
3321 43 1
3322 21 29 90 94 93 23
3323 1 76 34 1
3324 19 48 69 80 75 71
3325 4 45 28 65 62 92
3326 3 95 87 17 51 32
3327 10 4
3328 3 24 74 52
3329 7 51 15
3330 31 33
3331 44 61 29 1
3332 36 33 74 88 22
3333 42 34 46 44 54
3334 5 46
3335 3 26 58 73
3336 46 46
3337 19 26 33 34 18
3338 6 71 78
3339 31 60 44 36 20
3340 26 14
3341 1 20 45 16 50 28
3342 50 19 91
3343 17 81 76 63 25 41
3344 48 61 3 30
3345 12 53 61 18 50
3346 48 75 96 92
3347 49 33 78 23
3348 34 75 15 57
3349 7 88
3350 46 62 101 52 29 27
3351 2 18 69 12 1
3352 46 62 83
3353 35 26 76 88
3354 2 81 51 6 86 69
3355 13 25 43 9
3356 3 27 15 46 8
3357 2 5 85 71 4
3358 18 20 93 66 96
3359 32 97 37
3360 11 42 101
3361 10 24 6 90
3362 50 76 25 38
3363 39 47
3364 36 64 59 72 37
3365 5 98 38 23 7
3366 45 53 97
3367 16 5 40 7 101 21
3368 19 95 25 22 33 11
3369 7 19 48 32 6
3370 47 86 38 23
3371 10 12
3372 26 51
3373 2 58 70
3374 2 88 39 77
3375 33 16
3376 1 21 74 94
3377 10 38 36
3378 20 63 48 68
3379 26 49 48 6 22 78
3380 32 10
3381 25 18 28 47
3382 26 83 14 90
3383 18 22 74 70 50
3384 21 84 36 40 97
3385 6 60
3386 9 87 21 55 13 64
3387 47 78
3388 33 72 46
3389 21 13 37 86 57 15
3390 11 85 86 45 61
3391 32 4 89 30 17 92
3392 2 9 7 89 35 71
3393 36 97 52
3394 19 1
3395 18 11 68 58 51 25
3396 15 29 82 80 65
3397 21 15 14 11 81
3398 21 79 62 49 20 17
3399 47 7 4
3400 13 91 28
3401 43 94 54 61 100 29
3402 27 73 79
3403 20 68 79 10
3404 31 2 11 71 77 14
3405 42 69 3
3406 37 79 49 78
3407 29 1 74 95 5
3408 7 10 44 66 41
3409 33 75
3410 45 96 57 10 43
3411 44 100 81 19
3412 8 4 78 91 90 64
3413 21 83 92
3414 17 12
3415 34 45 88 16 54
3416 1 84 32 66
3417 35 71 89
3418 31 33
3419 50 71 4
3420 17 17 82 97
3421 10 69
3422 15 82 86 1
3423 38 61 37 11 81 40
3424 17 7 97 61 69 51
3425 28 56
3426 1 21
3427 15 64
3428 43 71
3429 14 18 6 47 73 66
3430 49 70
3431 49 23 12 78 79 9
3432 34 15 91 95 16
3433 7 74 63 43
3434 5 61 41 97 6 53
3435 22 67 3 64
3436 27 2 26
3437 49 8
3438 38 63
3439 44 35 41 16 81 74
3440 45 11 82 3
3441 11 18 51 1 21 20
3442 7 94
3443 11 39 70 63 32
3444 47 36 87
3445 39 93 56 66 58
3446 7 9 92 45
3447 50 75 8 70
3448 1 33 61
3449 28 58 5
3450 9 44 19 36
3451 9 7
3452 15 45
3453 43 67 35 8 61 91
3454 20 65 42 41
3455 18 36 89 28
3456 39 9
3457 23 63 28
3458 47 3 76 7 61 82
3459 13 48 87
3460 8 99
3461 21 22
3462 20 30 65
3463 41 75 65 67 99
3464 30 91 26 77
3465 47 44 18 101
3466 9 64 91 4 49
3467 19 86 48 56
3468 8 37 15
3469 23 25 29 2 57 91
3470 34 50 61 60 56
3471 39 65 23 16 6 53
3472 2 21 64 95 43
3473 4 97 66
3474 38 31 23
3475 50 36 41 99 21
3476 47 62 90 67 21 88
3477 44 101 36 80 15 98
3478 10 10 75 34 73
3479 46 57
3480 24 96
3481 49 19 61 26 77
3482 6 86 92 72
3483 41 94
3484 19 7 95 49
3485 34 23 74
3486 24 35 72 5 23 53
3487 25 58 9 80 70 26
3488 13 32 47 38
3489 25 64 9 15
3490 3 94 10
3491 50 42 81 97 28 6
3492 43 68 19 52
3493 35 41 80 86 26 46
3494 9 98 13
3495 10 9 81 63
3496 9 42
3497 36 33 81 10 62 36
3498 46 81 82 56 47 59
3499 34 1 22 7 12 92
3500 34 72 27 69 52
3501 48 20
3502 18 31 37 67 22
3503 48 48 36 4 50 80
3504 43 29 38 41
3505 1 40 62
3506 40 49 64
3507 39 41 47 92 14 22
3508 39 14
3509 8 30 41 93
3510 32 41 44
3511 30 35 22 92 90
3512 5 5
3513 31 10 69 29 66 8
3514 1 5 26 64 54 53
3515 11 60 36 59
3516 33 62 14 28 59 7
3517 31 70 90 11 39
3518 43 24 38 7 25 72
3519 41 99
3520 45 52 13 74 84 22
3521 26 3 15 12
3522 39 77 35 8
3523 18 44
3524 1 32 46
3525 1 17
3526 26 93
3527 32 34 16
3528 12 5 23 1 100 76
3529 21 82 65
3530 29 22
3531 48 10 14
3532 5 45
3533 42 9 101 31 35 51
3534 30 39
3535 5 93 44 57
3536 20 22 46 53 5
3537 50 79
3538 1 93 36 52 64
3539 14 40 89 82
3540 41 1
3541 47 94 32
3542 26 24
3543 32 7 62 35 13
3544 3 76 42 1 7 20
3545 18 82 56 34 63
3546 47 39 84 92 61 82
3547 16 80 82 31 78
3548 15 64 77 43
3549 19 39 51 45
3550 40 94 85 59
3551 29 4 72 92
3552 48 26 64
3553 41 41 95 9
3554 45 75 10 41
3555 49 42
3556 44 20 49
3557 3 98 81 95
3558 50 32
3559 29 85 43 16 78 84
3560 32 58 22 67 18
3561 27 37 62
3562 40 81 68 76 10 56
3563 44 29 93 57 2 86
3564 9 71 39
3565 11 60
3566 33 3
3567 10 92 54 75 60 99
3568 48 50 66 76 44
3569 4 28 40 68 25 24
3570 20 67 65
3571 27 2 37 60 77
3572 31 11 9
3573 41 2
3574 30 40 94
3575 39 49 71
3576 22 51 76 5
3577 5 20 69 97
3578 2 20 10 94
3579 1 95 21 92 38
3580 20 55
3581 27 72 29
3582 25 60 54 17 94 3
3583 1 59 40 86 33
3584 3 42 65 76
3585 27 13 89
3586 32 66 52 72
3587 30 82 29 99
3588 4 22
3589 1 65 25 9 33 56
3590 13 16
3591 30 37 67 60
3592 2 100 87
3593 26 99 76 77 48
3594 8 38 78
3595 46 86 29 24
3596 37 4
3597 40 101 47 56 49
3598 29 72 28 43
3599 16 79 66
3600 46 26 3 96 63
3601 39 87 63 47 73
3602 27 39 32 69 93 87
3603 33 41 85
3604 3 72 52 31 91 90
3605 41 64 56 69 79 82
3606 31 88 2
3607 23 18 56 42
3608 23 91
3609 50 52 27 88 50
3610 30 83 67 27 22 23
3611 31 50
3612 33 52 8 35
3613 11 45
3614 17 25 88 10 16 21
3615 30 33 83 76 84 52
3616 8 36 31 9 91
3617 46 41
3618 14 6 65
3619 45 34 10 19 40
3620 34 57 4 79 51 62
3621 40 39 21
3622 22 85 33
3623 16 38 82 30 93 50
3624 44 15 19 85
3625 16 97 17 62 85
3626 7 74
3627 28 52 4 71 47 87
3628 46 26
3629 22 4 28
3630 40 42 60
3631 31 9 39
3632 48 57 12
3633 43 24 100
3634 21 10 1 50 58
3635 39 93 48 16 74 88
3636 24 16 86 6 50 12
3637 22 41
3638 32 23 68 94 95
3639 7 12 71 92 63 36
3640 15 24 67 92
3641 23 65 31 16 73 42
3642 38 13 25 77 98
3643 13 61
3644 47 1
3645 1 52
3646 5 77 33 80 51
3647 28 32
3648 40 12 92 26 41 72
3649 26 11 4
3650 10 35
3651 35 48 32 18
3652 32 83 98 10 73
3653 35 27 24 56
3654 40 73
3655 29 9 87
3656 34 96 90 61 92
3657 48 22 43 2 70 28
3658 4 78 80 3 42 19
3659 6 17 21 34
3660 21 76 77 21
3661 7 64
3662 2 91 85 46 59 86
3663 10 18 61 68 81
3664 4 55 41
3665 37 60 40
3666 16 88
3667 26 93 56
3668 3 89 32
3669 39 16 10 9
3670 21 32 87
3671 23 4
3672 4 72 84
3673 18 96 11 41
3674 11 83 46
3675 26 3 2
3676 1 36 17 27
3677 11 40 23 64 56 33
3678 14 32
3679 39 58 91 4 39
3680 38 32 90 30 49 99
3681 40 92 60 84
3682 30 5 70 53 45
3683 37 3 32 4 58 23
3684 33 72 16 41 99
3685 36 53 82 72 26
3686 17 24
3687 38 5 74 37
3688 10 1 95 96 42
3689 32 58 44 82
3690 37 3 74 80
3691 6 33 4 25 100 54
3692 23 69 46 25
3693 11 60 41 68
3694 40 78 71 75
3695 11 12
3696 3 95 22 61 54
3697 50 61 60 37 73
3698 27 8 99 59 96 14
3699 21 50 55 12 5
3700 42 71 54 96
3701 49 21 77 37 39
3702 8 3
3703 44 10 20 22 85
3704 29 41 39 29
3705 45 36
3706 14 94
3707 23 25 84 99 30 57
3708 45 78 18 12 88
3709 1 2 101 12 35 77
3710 47 43 37
3711 40 99 78 33 42
3712 3 17 87 65 21 71
3713 34 4 53 77 24 42
3714 5 46 58 79 19
3715 36 86 20 22 87 5
3716 16 74
3717 45 19 86 79 54
3718 1 31 100 76
3719 30 39 44
3720 14 30 4 32 31
3721 38 37
3722 24 83 55
3723 27 1 19 49 57
3724 19 71 76
3725 42 93 22 79
3726 48 39
3727 2 4 90
3728 19 34 66 6 7 22
3729 24 68 60 95
3730 18 88 29
3731 25 16 83 81 51 96
3732 1 94
3733 1 93
3734 6 54 95
3735 44 55
3736 7 34 10 76 62 51
3737 7 84 87 99 47
3738 8 58 85 61 28
3739 16 54 43 26
3740 7 79 22 12 69 82
3741 46 59 28 75
3742 24 82 88 7 56 93
3743 16 43 27
3744 3 21 3 80 32 7
3745 1 76 59 15 1 29
3746 25 88 87 93
3747 8 64 8 22 38
3748 36 36 96 68 40
3749 31 49 79
3750 41 32 95 47 37 49
3751 10 9 30
3752 45 5 93
3753 3 39 75
3754 18 89 83 42 51
3755 3 42 38 79 47 15
3756 2 78
3757 43 68 5
3758 1 6 85 53 59
3759 6 81
3760 1 3 22 63 28
3761 14 15 14 61 6
3762 50 5 26 31 46 43
3763 40 97 25 68
3764 45 45 34 54 41
3765 48 40 38
3766 18 99 7 60 10 12
3767 36 97 31 72 63
3768 34 26 70 41 10
3769 43 36 22 16 29 4
3770 33 83 66 36
3771 43 36 91 13 34
3772 48 29 56 10 51
3773 24 99 45 7 88
3774 24 74 86 43 51 46
3775 43 26 22
3776 11 94 17
3777 28 41 75 13 87
3778 33 90 33 87 85
3779 21 46 30 52
3780 4 52 4 17 27 85
3781 4 37 96
3782 13 65 70 2
3783 35 43
3784 12 83 34 98 80
3785 17 7 47
3786 7 85 29 97 5
3787 11 49 58
3788 1 3 5
3789 14 68 94 90 95
3790 13 27
3791 28 84 90
3792 45 36 24 99
3793 12 67 11 8 53 74
3794 45 79 85 87 18
3795 50 16 55 67 72 12
3796 32 90 22
3797 37 77 19
3798 11 42 77 39
3799 42 75 83 44 16 68
3800 39 71
3801 14 89 6 53 66
3802 23 61 26
3803 18 52
3804 13 54 35 86
3805 2 12 87 68
3806 2 81 28 13
3807 50 78 9
3808 12 1 41
3809 32 56
3810 2 49 99
3811 37 66 72
3812 48 50 99 48 15 58
3813 31 23
3814 31 91
3815 22 99
3816 6 64 34
3817 21 71 60 11 50 57
3818 17 62
3819 39 24 31 91 7
3820 41 95
3821 12 70 28 97
3822 16 31 90
3823 48 14 60
3824 10 87 81 61 76 84
3825 30 86
3826 23 74 69 82 79 53
3827 25 8 95 88
3828 6 19 78 76 80
3829 7 10 52
3830 14 67 65 72
3831 16 46
3832 17 54 78 97 36
3833 11 65 73 37 79
3834 25 40
3835 50 98 53 8 86 93
3836 26 29 57 37 72 55
3837 7 38 22 55 3 86
3838 10 94
3839 19 51 26 43
3840 1 7 73
3841 49 63 79 90 95
3842 34 37 17 97
3843 37 26 90 80 25 16
3844 20 66 26 65 15
3845 17 71 23 40
3846 4 88
3847 9 90 17
3848 7 95 46 26 75
3849 4 24 97 71
3850 16 2 26
3851 41 22 77 41 100 40
3852 50 72 59 42
3853 6 22 97 90
3854 3 73
3855 17 98 50 96
3856 34 6 81
3857 45 13
3858 10 49 25 46
3859 46 28 43
3860 14 37 101 29
3861 47 38
3862 17 38 47 20
3863 17 62 23 59 66 77
3864 7 48
3865 45 5 43
3866 2 1 55 79 64
3867 50 92
3868 36 36 35 60 75 99
3869 48 38 96 98
3870 49 87
3871 27 96 56 46 100
3872 17 61
3873 50 88
3874 8 99 59 79 34 94
3875 35 92 23 28
3876 9 88 55 16
3877 41 31 2
3878 45 75
3879 23 42
3880 1 87 84 6 86
3881 36 22 21 83 68 7
3882 6 79 89 100 46
3883 12 14 84 86 5
3884 17 63
3885 33 1 49 18 57
3886 18 10 4 49 93
3887 32 3 40 89 69
3888 21 27 22 80
3889 10 90 32
3890 18 52 57
3891 47 68 47 43
3892 4 68 27 22 98
3893 44 41 79 96 19
3894 7 43 65 36 78
3895 20 2 5
3896 39 40 26 17 97
3897 22 68 55 78
3898 47 66 2 15 101 97
3899 40 30 28 91
3900 37 50 84 11 92 34
3901 41 74
3902 20 62 27 51 60 61
3903 36 1 85 32
3904 6 48
3905 35 19 73 54 36 3
3906 30 98 100 75 33 43
3907 7 35 92 65 90 11
3908 35 52 68 70 93
3909 19 27 98
3910 37 31 55
3911 19 57 84 25 14
3912 36 11 30 90
3913 25 92 6 75 21
3914 8 77 42 73 16 39
3915 20 90 52 73 77 31
3916 2 36 48
3917 38 87 41
3918 3 18 52 9
3919 29 44
3920 20 88 38
3921 15 52 80 61
3922 29 38
3923 38 95 16 3 68 67
3924 34 89 10 54
3925 35 51 58 26
3926 9 59
3927 8 8 98 84
3928 27 5
3929 32 94 65 92 75
3930 15 59 82 31 71
3931 29 60 72 86 11 22
3932 27 40 47
3933 2 4 23 13 45
3934 2 96 37 99
3935 22 29
3936 39 8 47 98 57
3937 49 2 9
3938 18 100 8 83 65 18
3939 3 90
3940 39 18 85 49
3941 32 47 59 53
3942 5 2 6 95 76
3943 28 68 25 23 37
3944 30 11
3945 36 1
3946 44 74
3947 39 71
3948 25 15
3949 45 57
3950 16 18 88
3951 10 50 73
3952 30 69 75 74 84 68
3953 11 71 47 46 54 84
3954 14 90 6 17
3955 48 80
3956 19 30 52 36 73 61
3957 34 63 7 56 72 48
3958 41 90 82 57
3959 23 53 42 13 20 82
3960 49 49 45 83
3961 8 73 23 34 49
3962 29 8
3963 7 74
3964 48 75 11 15 95 58
3965 16 85 37 93 1
3966 48 14 47 89
3967 39 22 100 5 95 6
3968 43 82
3969 47 6 77 7 5 60
3970 28 78 12 82 85
3971 36 18 58 60
3972 35 42 23 3 83
3973 8 84 22 26 59 15
3974 41 71 99
3975 45 29
3976 17 4 81 70 34 69
3977 44 45
3978 25 78
3979 33 18 44 73 96 99
3980 23 9 52 31 17 64
3981 37 58 79
3982 30 63 4
3983 11 17
3984 37 40
3985 23 31 53 77 89
3986 4 45 24 93 35
3987 43 45 91
3988 21 40
3989 25 101 42
3990 30 61
3991 29 36 33 32
3992 29 40 34 38
3993 3 88 26 11 92 22
3994 39 3
3995 34 11 6 72 25
3996 40 80
3997 12 66 17 98
3998 19 22 19 92 33 96
3999 35 85 67 54 30
4000 32 87 34 37 50
4001 14 101 11
4002 34 41
4003 34 93 9 18 49 52
4004 27 32 15
4005 34 53 84 56 75
4006 35 55 84
4007 25 7 40
4008 43 49 56
4009 8 20 78 13 4 48
4010 31 34 58
4011 50 83 42 56 41 86
4012 50 14 44 58 68 27
4013 36 52
4014 1 69
4015 13 85 46
4016 32 7 61 1 33
4017 44 38 29 19 37 50
4018 39 8 83 75
4019 6 89 74 94 40
4020 5 32
4021 17 28
4022 7 64 65 34
4023 48 4 97
4024 27 56 81 65 41
4025 8 11
4026 28 63
4027 24 2 28 82 96 98
4028 14 5
4029 15 30 98
4030 42 78 71 46
4031 39 46
4032 2 31
4033 12 43
4034 8 75 82 27 53 80
4035 48 3
4036 49 4 27 9 32
4037 23 87
4038 5 1 4 70 76
4039 41 21 92 71 56
4040 14 62 86 34 7 89
4041 50 32 20
4042 1 63 94 3 29 32
4043 32 101 60 23
4044 47 69 44 78 91 23
4045 28 31 13 73 80
4046 17 10 47 23
4047 6 19 70 24
4048 42 80 67
4049 20 33
4050 45 72
4051 48 32
4052 1 19 16 88 21 69
4053 7 43 19 13 60 79
4054 48 17
4055 25 47 73 69 45 43
4056 24 89 35 60 83
4057 48 69 94 90 35 77
4058 19 25
4059 16 36 66
4060 29 46 93 19
4061 16 20 62 66 87 35
4062 27 61 37 65
4063 43 47
4064 31 20 56
4065 24 76
4066 33 92
4067 11 100 20
4068 38 52 96 12 90 35
4069 19 54 85
4070 18 95 100 13 71
4071 37 50 37 94
4072 11 64 5 83
4073 35 45 101 56
4074 8 51 16 22
4075 39 24 78 48 61 9
4076 33 65 38
4077 29 96
4078 34 8 2 87 44 54
4079 4 44 90 3
4080 15 52
4081 32 75 42
4082 2 100 62 28 10 80
4083 21 98 43
4084 28 13 21 27
4085 31 82 20 73
4086 38 57 89 23 58
4087 24 39
4088 4 18
4089 44 34 59
4090 48 91
4091 10 96 21 74
4092 24 86 75 71
4093 49 78 93
4094 47 1 21 89 16 42
4095 21 69 47 54 60
4096 46 76 13 3 86 73
4097 22 1 84
4098 39 28 60 43
4099 1 38 81 26
4100 47 75
4101 1 91 14 38
4102 17 32 42 39 40 91
4103 35 21
4104 45 61
4105 10 42 71
4106 47 45 35
4107 34 55 69 73 29
4108 4 92 46
4109 1 74 51 6 24 79
4110 9 46 56
4111 20 90 15 51
4112 28 62
4113 16 35 19 87 56 33
4114 38 40 51 63 26
4115 36 75 56
4116 1 24 20 42 58
4117 9 14 41
4118 42 70
4119 49 90 52 83
4120 40 11 98 75
4121 15 61 9 54
4122 47 95
4123 12 10 12 20 94 39
4124 21 36 78
4125 25 23 97 26 82 41
4126 4 101
4127 17 86 64 6 85 91
4128 15 20 58 46 25
4129 37 61 10 56 33
4130 41 14 5
4131 23 17 93 98 13 97
4132 24 98 82 83
4133 35 56 80
4134 45 32 39 81 7 58
4135 25 64 58 97 18
4136 10 79 54
4137 40 14 12 15 97
4138 20 79
4139 26 22
4140 18 42 68
4141 29 43 79
4142 29 95 63 13
4143 34 52 1
4144 49 80 38 19 67 43
4145 8 33 62
4146 3 40
4147 17 99 54
4148 7 36 42 1 93
4149 45 77 82 65
4150 43 97 88 62 89
4151 20 74 95 5 21
4152 31 62 15 3
4153 45 30 27 79 54
4154 25 51 74 39
4155 3 12 41 99
4156 16 69 93 15
4157 39 26 48 90 100 38
4158 12 41 1
4159 8 5 53 11
4160 38 78 66 13
4161 44 34
4162 13 7 42
4163 42 48 18 82 94
4164 41 87 34 20 68
4165 34 9 72 55
4166 26 27
4167 26 24 64
4168 10 87 81 62 53 5
4169 20 60 69 68
4170 31 13 82 36 80
4171 7 15 59 26
4172 40 37 5 36
4173 12 73 57 29
4174 6 40 57 39
4175 6 29
4176 25 48 74 94 32 57
4177 30 75 15
4178 38 96 91 25 65 29
4179 7 89
4180 40 88 55 44
4181 15 28 87 26 35 9
4182 6 11 99 53 5 95
4183 16 5 86 18 12
4184 1 57 87
4185 32 2 81 13 16
4186 28 16 75
4187 43 26 63 11
4188 46 37 51 73 79
4189 50 54 65
4190 12 42 19 101 33
4191 9 67 81 65 57 48
4192 34 54
4193 41 82 53 23 28 92
4194 49 73 38 88 43
4195 44 27
4196 50 50 45 5 48
4197 10 98 67 21 46
4198 28 34 20 79 8
4199 5 94
4200 15 82 19 45 46 51
4201 9 96 55 68
4202 47 9
4203 50 68 100 15
4204 44 50 64 77 88 26
4205 19 61 13
4206 1 59 19
4207 16 18
4208 40 5 95 38
4209 35 34 1 21 100 37
4210 32 30 26 91 71
4211 9 80 94 55 73
4212 49 91 11 25 93 10
4213 44 56
4214 36 76 66 11 29 69
4215 48 23 60
4216 23 98 9 43
4217 13 33 8
4218 41 50
4219 32 16 72
4220 7 36 45 68 20 94
4221 29 58 47
4222 34 66
4223 34 58 28 42
4224 31 57 68 42 26
4225 4 82 20 46
4226 27 22 81 42
4227 14 40 46
4228 1 16 25 72 7 59
4229 19 79 23
4230 21 11 58 86 27
4231 43 29 64 76 89 40
4232 45 67 7 3 6 33
4233 18 76 24 45
4234 34 33
4235 16 100 2
4236 14 29 51 15 22 45
4237 23 36
4238 30 82 46
4239 10 31 89 20 97 4
4240 12 74 46 31 18 5
4241 2 50 65 68 97
4242 12 53 90 44 8 33
4243 42 56 12
4244 6 79 31 39 80 87
4245 40 87 66 100 59 72
4246 7 79 55 23
4247 2 101 20 49 8
4248 42 32 13 19
4249 31 93 54 82 64
4250 9 23
4251 17 39 65 55 17 42
4252 41 45 16 73 9 47
4253 48 1 72 22 38
4254 6 73 44 55
4255 44 16 86
4256 18 64 17 48 57
4257 37 56 22 1
4258 30 65 74 50
4259 7 87 19
4260 19 36 18 96 13
4261 45 61 60 64 69
4262 23 77 91 80 27
4263 18 47 42 101 77 86
4264 43 86 53 15 27 45
4265 7 18 91 82
4266 46 39
4267 4 46 5 11 69 49
4268 13 72 32
4269 25 100
4270 45 101 31
4271 40 16 67 98 25 52
4272 18 23 85 93
4273 35 15 59 72 11 85
4274 24 70 6 32 96 65
4275 50 52 11
4276 44 33 62 83 63 90
4277 40 28 37 46
4278 30 22 15
4279 2 27 73 95 36
4280 45 74 17
4281 50 87 28 91
4282 1 45 68 11 67 74
4283 10 17 4 61 18
4284 11 69 64
4285 14 44 101 85 9
4286 7 26
4287 43 4 33 43
4288 42 3 57 63 77 81
4289 29 38
4290 18 5
4291 9 10 47 19 18 26
4292 34 24 68 73
4293 27 32
4294 43 93 55 27
4295 12 52
4296 5 29 93 61 62
4297 8 83
4298 21 79 86
4299 28 50 40 94 31 20
4300 43 24 4 53 47
4301 43 78 71
4302 37 13 90 85 59
4303 28 95 19 48 8 62
4304 36 72 25
4305 44 47 65
4306 43 38 44 84
4307 18 71 15 35 24
4308 37 68 92 16 93
4309 2 94 26 81 96
4310 27 79 87
4311 16 51 17 27 40
4312 27 56 30 8
4313 21 73 101 60
4314 13 97 1 5 48
4315 48 90 23 85
4316 25 53 44 50 16 9
4317 27 32 42 81
4318 20 82
4319 41 54
4320 5 77 52 54 93
4321 8 52 11 98 57 99
4322 25 61 34 6 93 89
4323 24 29 58 18 69 2
4324 4 4 44 30
4325 10 24
4326 6 45 75 42 9
4327 18 91 87
4328 21 88 44 70 55
4329 37 64 47
4330 18 62
4331 22 19 64 25 76
4332 44 27
4333 23 84 65 90 98 6
4334 5 34 79
4335 2 9 48 18 29
4336 48 94 39 5 38
4337 50 91 98
4338 11 34
4339 38 81 27 87 75
4340 19 59 60 84
4341 12 54 56 3
4342 13 35 99
4343 39 8 57 72
4344 50 64 40
4345 15 7 12 23 96
4346 10 9 89 33 76 37
4347 36 95
4348 21 85 34 21
4349 44 54 99
4350 32 67
4351 32 82 33 100 72 34
4352 14 97 94 93 80
4353 26 78 43
4354 1 39 54 77 63 13
4355 32 60 35 28 12
4356 30 63 66 20
4357 5 101
4358 44 27 72 90
4359 35 9 95 57 97
4360 8 91 16 55
4361 6 12 72 1 88 96
4362 50 94 27 70 5
4363 43 7 36 69
4364 38 93 68
4365 15 11
4366 18 37 25 57
4367 34 64 80 57 41 33
4368 48 5
4369 10 19 84 82
4370 13 22
4371 29 53 76
4372 33 24 64 55 17
4373 26 81 16 36 2 10
4374 3 25 64 66 77
4375 41 72 66 71 16 41
4376 17 63 77 94 20
4377 39 89 93 5
4378 47 78 86
4379 34 51 47 99 87 76
4380 3 69 81 59 37
4381 6 32 76 71 16
4382 32 58 20 99
4383 40 98 12 23 83
4384 7 21 96 89 10
4385 36 75 57
4386 45 40 30 61
4387 17 45
4388 43 12 2 19
4389 35 8 92 1 46 88
4390 4 20 59 32 97
4391 20 96 101 18 14 53
4392 14 31
4393 33 51 22 71
4394 30 61 41 67 50 65
4395 22 88 64 32 86 12
4396 44 39
4397 22 72 56
4398 42 100 35 4 34
4399 41 76
4400 47 46
4401 33 45 74 70 84 37
4402 5 93 91
4403 40 77 98 58 20
4404 37 49 34 70 60
4405 42 97 36 87 89 58
4406 14 16 27
4407 16 47 76
4408 12 67 84 8 1 58
4409 28 9
4410 49 32 80 15
4411 29 36 29
4412 42 39 46 74 82
4413 5 17 1
4414 26 54 67 23 90
4415 36 82
4416 2 62 10
4417 26 75 81 92
4418 15 26 44 87
4419 14 18 28 50 46 71
4420 18 10 71
4421 36 12
4422 40 20 22 38 11
4423 34 36 66
4424 7 89 33
4425 3 85
4426 25 18 70 72 16
4427 43 75 40 48 19 79
4428 44 62 78 75 72
4429 13 44 61 29
4430 25 98 59 33 37 28
4431 26 14 77 10 5
4432 34 15 79 32 35 21
4433 19 25 72 96 32 35
4434 3 23 97 59 10 85
4435 19 95
4436 48 15 69 47
4437 2 99
4438 6 20 79 60 21 92
4439 40 94 99
4440 14 85 23
4441 40 97
4442 33 14 76
4443 30 88 92 34 13
4444 26 54 24 30 8
4445 3 87 60 37
4446 50 95 98
4447 17 77 75 79 70
4448 45 72 56 62
4449 42 8 5 39 73
4450 9 68 23 74 53
4451 39 91 61 88 62 60
4452 7 98 61 90 22 71
4453 49 65 62
4454 38 68 4 86 35
4455 40 96
4456 50 41 66 49 48 16
4457 41 67 64
4458 1 56 74 21 65
4459 12 5 16
4460 9 8 50
4461 49 34 78 61 4 100
4462 20 57 86 65
4463 45 62 29 6
4464 26 36 2 64 92 41
4465 16 13
4466 30 79 25 75
4467 33 77 41
4468 15 48 43 6
4469 29 84 33
4470 25 83 32
4471 3 73 14
4472 17 65 46 15 31 73
4473 19 46 38 12
4474 42 83 38 53
4475 34 16
4476 15 91
4477 28 66 87 42 100 27
4478 34 35 76
4479 5 25 57 95 71 79
4480 11 100
4481 3 34 56 88 79 19
4482 18 71 83
4483 33 86 46 79 55
4484 2 98
4485 4 95 50 11 1 97
4486 5 96
4487 33 74 70 33 16
4488 50 41
4489 38 31
4490 28 83 6 41 18 34
4491 43 94 37 57
4492 13 89 65
4493 26 69 36 24 52 81
4494 1 70
4495 18 68 29
4496 10 37 78
4497 16 64 13 22 100 24
4498 10 28 68 42 33
4499 18 37 22 71 89
4500 34 89
4501 33 29
4502 14 33 73 21 10
4503 17 12 39 100 87 4
4504 9 53
4505 3 10 52 78 58
4506 40 64 94 79
4507 48 76 88
4508 24 95 64 91 84 63
4509 34 98 27 35 48 97
4510 48 22 11 34
4511 46 82 35
4512 38 55 46 3 15 59
4513 17 31 79
4514 8 20
4515 23 69
4516 6 91 97 16
4517 34 10
4518 15 58 74
4519 5 44 88 58
4520 41 13 15 36 77 18
4521 42 61 98 57 96
4522 14 31
4523 37 82
4524 14 32 4 73 46
4525 24 43
4526 43 86 98 46
4527 37 60 16 26 70
4528 22 19
4529 32 13 70 96
4530 28 17 20 46
4531 46 30 51 76
4532 46 62
4533 15 64
4534 13 94
4535 28 53 82 78 4
4536 49 49 34 8 93 77
4537 38 4 73
4538 44 53
4539 36 35 74
4540 42 77 28 35
4541 34 43 30 10 20
4542 3 21 33 30 34
4543 50 76 70 50 74
4544 6 35
4545 13 46 87 3
4546 33 20 30
4547 31 58 30
4548 47 90
4549 5 10 9 15 39
4550 5 66 63 89 25
4551 28 60
4552 18 2 63 50 25 66
4553 44 17 88
4554 25 18
4555 6 88 23 25 66
4556 44 86 48
4557 28 84 9 92 22 63
4558 18 43 71
4559 12 25 35 43
4560 4 99 66 21 48 6
4561 35 57 64 26
4562 28 30
4563 23 53
4564 31 84 80
4565 5 32 94
4566 28 20 47 78 45
4567 44 53
4568 26 36
4569 8 26 18 62
4570 6 31 32
4571 5 15 71
4572 20 5 41 40 100 25
4573 21 16
4574 7 71 7 59 100
4575 20 56 77 20 54 33
4576 24 25 11 87 23
4577 22 2 75 79 86
4578 7 27 51 64 39
4579 30 98 91 96 101 31
4580 35 51 62 97
4581 9 54 85
4582 41 4 66 90 2 95
4583 5 64 62 1 25 85
4584 34 31 15 62 76
4585 19 40 97 79 25
4586 1 57 97 48 72 92
4587 41 74 60 35 29
4588 6 56 33 75
4589 28 91 63 65 28 44
4590 50 5 31 13 100 38
4591 47 31 92 1
4592 10 35 79
4593 36 32 55
4594 13 95 53
4595 13 41 81 96 34 4
4596 46 27 46 35 3
4597 3 70 75 12 58 67
4598 49 54 71 83 29 3
4599 19 64 86 42 23 44
4600 18 3 28
4601 44 1 18 40 53 30
4602 46 58
4603 45 6 71 85
4604 18 15 42 41 3 29
4605 8 67 57 11 25 99
4606 34 18 47
4607 19 24 68
4608 20 83 13 49 82 73
4609 47 49 77 89
4610 27 66 2 34
4611 11 71
4612 14 83 101 64
4613 18 57 41 81
4614 9 91 100 7 98
4615 9 60 4 6 66
4616 16 75 93 59 51
4617 17 29 78 53 62
4618 40 90 35 98
4619 39 21
4620 29 18
4621 48 80 97 38 94 75
4622 15 101
4623 13 85 91 99 4 28
4624 23 39 54 16 3
4625 49 34 19 69 57 33
4626 1 75 28 67 85
4627 2 40 56
4628 39 49
4629 18 88 21 44 77
4630 13 78 99 20 2
4631 18 56
4632 50 78 96
4633 38 18 97 27 71
4634 8 70 18 9
4635 38 88 27
4636 1 55 100 23
4637 21 42 45
4638 3 67 41 63
4639 36 18
4640 40 80 15 52 36 19
4641 50 3 22
4642 30 31
4643 3 6 36
4644 37 62 93
4645 11 93 59 46
4646 27 53 15 97
4647 48 99 5 23
4648 8 2 21 5 53 69
4649 29 61
4650 17 56 99 7
4651 15 36 73
4652 33 29 71
4653 11 11 56 47
4654 34 22 98 26
4655 20 76 68 100 78 56
4656 22 84 22 97
4657 5 24 95
4658 35 50 2 57
4659 34 47 38 50 77 48
4660 39 49
4661 38 16 68
4662 14 56 43 16 91 80
4663 35 74
4664 13 86 92
4665 6 91 58
4666 19 11 26
4667 5 84 38 9 4
4668 31 15
4669 48 19 80 2
4670 3 15 52
4671 8 67
4672 8 52 28 85
4673 25 13 5 96 48
4674 36 24
4675 27 54
4676 16 93 76
4677 43 77 43 55 54 67
4678 28 15 87 11 28 62
4679 49 71 4 20
4680 9 81 72 22 13 57
4681 40 43 48
4682 45 52 6 86
4683 46 76 39 87
4684 34 87 79
4685 24 78 38 50
4686 28 71 99 89 63
4687 30 61 68
4688 44 88
4689 4 73
4690 1 69 94 51 18 4
4691 18 59
4692 49 1 58 83 42 31
4693 16 81
4694 12 69
4695 25 90 56
4696 8 96 78 55 67
4697 42 86
4698 25 47 52 70 82
4699 37 96 99
4700 20 9 14 80
4701 31 48 18 80
4702 6 96 87
4703 6 82 67 41 38 19
4704 38 34 68 62 93
4705 40 16 90 62 89
4706 16 60 7 37
4707 1 51 43 16
4708 39 65 92 96 100
4709 18 63 94 74 85
4710 29 95
4711 50 62 13 81 72 38
4712 33 78
4713 34 13 21
4714 47 23
4715 9 58 52 7 44 33
4716 47 9 88
4717 24 47 3 68 81
4718 28 27 11 30
4719 43 83
4720 49 12 19 80
4721 35 2 57 90
4722 37 91 99 46
4723 39 42 88 76 41 32
4724 45 40 2 96
4725 28 91
4726 12 99 64 33
4727 44 39 48 94
4728 29 92 1 13 50 27
4729 2 24 63 57 96 78
4730 6 83 48 5 26
4731 42 42 56
4732 10 76 66 56 45 52
4733 15 73
4734 42 73 70 37 3 66
4735 46 20 59 82 54 69
4736 16 69
4737 29 96 21 79
4738 37 82
4739 21 96
4740 26 65 69 1 48 64
4741 17 91 74 5 25 65
4742 27 30
4743 49 18
4744 23 84 3 82
4745 4 99 13 14 68
4746 2 38 14 91 63 32
4747 48 100
4748 16 9 46 45 91
4749 28 100 99 67 94 5
4750 37 54 69 59
4751 24 17 10 18 94 14
4752 12 58
4753 26 5 82 24 11 18
4754 15 36 52 12
4755 18 37 41 2
4756 29 8 21 38 88 27
4757 23 33 2 3 19
4758 41 32
4759 40 85 65
4760 35 42 64 6
4761 1 25 89 37 14
4762 30 23 35 85
4763 24 33 25 50 56
4764 12 7 101 23 27
4765 31 83
4766 6 3 29 32
4767 17 98 83
4768 40 14
4769 14 75 101 38 36 85
4770 48 87 21
4771 33 50 34 85 96 99
4772 45 59 79
4773 21 15 61 30 84 3
4774 30 6 92 93 37 51
4775 17 39 49 34 14 48
4776 42 50 97 20 7 61
4777 44 10
4778 12 14 21 66 34
4779 33 94 99 47 78
4780 9 14
4781 24 20 96 12 13 69
4782 16 37 76 21 77 87
4783 46 49 74 42 27 23
4784 42 25 40
4785 8 75 23 49 4
4786 27 92 78 97 3
4787 36 96 44 97 46
4788 3 41 30 42 53
4789 26 82 53 35 6
4790 36 55 37
4791 41 24 44 72 78
4792 45 78
4793 19 2
4794 13 60 21
4795 9 98
4796 50 32 81 5 65
4797 48 9 54 90
4798 45 21
4799 36 1 91 28 38 100
4800 3 5 41
4801 41 10
4802 36 39
4803 7 34
4804 6 57
4805 31 82
4806 44 37
4807 45 33
4808 1 99
4809 7 78 79
4810 7 78 18
4811 27 101
4812 8 71
4813 39 91 67 73 3 61
4814 32 47 97 37 11 65
4815 7 58 73 60 86 50
4816 47 16 29
4817 18 23 33 13 16
4818 16 53 59 95
4819 4 54 20
4820 11 67 50
4821 12 87 95 39 78 5
4822 46 67 73 65 50
4823 49 72
4824 44 99 60 29
4825 19 16 20
4826 5 21 72
4827 47 52
4828 41 52 80
4829 1 87 90
4830 12 44 61 85 18
4831 46 37 55 17 95 50
4832 6 22 29 101 9 75
4833 30 49 3 76 40
4834 34 70 57 49 19 80
4835 25 92 41 67
4836 5 73 41 32 26
4837 9 1
4838 31 71
4839 12 73 36 2 15 35
4840 16 7 10 36 48
4841 48 92 71
4842 20 38 71 2 19 15
4843 33 87
4844 47 21 92 82
4845 48 37 30 84
4846 20 55 95 65 77 86
4847 10 26
4848 28 62 84 81
4849 32 68 64 3 14 53
4850 30 101 36 51 62 57
4851 2 43
4852 49 3 34
4853 33 58 9 84
4854 36 25
4855 46 36 22 92
4856 39 59 7 93
4857 39 20
4858 28 73 84 16 48
4859 16 34 13 42
4860 14 40 86 96 87 30
4861 36 40 89 32
4862 15 29 28 16 94
4863 40 68
4864 15 97 71 29 43 16
4865 30 57 82 95 14 91
4866 5 35 77 3 87 86
4867 17 16 8 28 70 90
4868 1 61 30
4869 13 26
4870 4 68 32 96 72 60
4871 17 49 32 66 97
4872 49 32
4873 8 97 59
4874 41 11 61 60 32 81
4875 23 86 7 15 57 12
4876 37 74 19
4877 48 31 29
4878 34 4 83 78
4879 19 24 54 49
4880 19 64 32
4881 6 72
4882 39 1 14
4883 16 74 72 21
4884 49 21 79 33
4885 7 100 73 58 80 41
4886 26 44 75
4887 41 73
4888 2 15 56
4889 50 37 16 43
4890 40 20 29 75 43 89
4891 12 82
4892 18 66
4893 37 39 5 46 7
4894 5 65 9 64 84
4895 41 100 80 34 59
4896 24 76 85 59 61 98
4897 43 92 54 84 16 22
4898 50 91
4899 23 46 81 10 51 39
4900 15 4 48 89 24
4901 9 46 87 31
4902 30 96 57 56
4903 7 26 72 48 65 91
4904 21 75 24
4905 29 89 41
4906 8 1
4907 34 64 53 69
4908 33 21 94
4909 30 5
4910 1 88 3 18
4911 27 88 97 96
4912 17 34
4913 15 42
4914 50 30 82 17
4915 48 39 41
4916 49 48 21 78 77
4917 24 64 21 90 84
4918 34 80 96 86
4919 11 77 5 18 9 12
4920 31 99 33 62 25
4921 48 51
4922 46 7 10 71
4923 12 17 91
4924 3 71 51 80
4925 48 85 64 90 24 88
4926 41 95 33 21
4927 3 95 49 19 90 41
4928 42 83 96
4929 20 34 56
4930 15 97 3 2
4931 2 78 22
4932 36 23 34 99 30
4933 48 72 93
4934 42 88 14
4935 13 19 24 61 52 27
4936 16 69
4937 44 52
4938 10 62 17
4939 36 86 31
4940 20 99 2
4941 23 4
4942 4 18 73 17
4943 36 23 68 50 99 37
4944 35 69 100 40 5 12
4945 32 55 72
4946 3 1
4947 31 26 68 20 24
4948 33 45 96 62
4949 47 48
4950 17 51 43 8 34
4951 32 41 99 23 83 76
4952 4 26 42 12
4953 29 72 68 27 62 73
4954 41 69 54 4 35
4955 41 6 66 37 70 45
4956 5 101 86 41 72
4957 1 34 59 26
4958 23 89 38
4959 16 75
4960 33 27 59
4961 42 76 79 82 92 42
4962 3 83 17
4963 13 70 2 25
4964 18 68 48
4965 21 16
4966 17 17 50 32 65
4967 21 70 90 68 56 52
4968 14 8 76
4969 29 84
4970 48 78 94
4971 39 45 91 93
4972 45 86
4973 21 38 91 72
4974 20 78 86
4975 6 14 9 40 30
4976 7 65 27 95 31
4977 13 86 24
4978 9 87 67 72 15
4979 46 35
4980 8 57 87
4981 10 76 80
4982 23 44 22 81
4983 33 88 36 2 91
4984 20 80 101 78 36
4985 32 44 59 18 71
4986 30 79 77 66 58 13
4987 25 23
4988 49 56
4989 3 24
4990 35 93 85 51 53 17
4991 38 43
4992 8 57 32 15
4993 26 58 36
4994 3 46 33
4995 49 47 11 44 45
4996 18 34 52 22 75
4997 38 13 19 67
4998 22 3 61
4999 38 54 5 71
5000 17 13 12 61 46 98
