500 2
1 2 399
2 1 288
3 2 668
4 1 946
5 1 576
6 1 450
7 1 868
8 2 730
9 1 784
10 2 970
11 2 819
12 2 386
13 1 478
14 2 37
15 1 167
16 1 807
17 2 562
18 2 804
19 1 209
20 1 936
21 1 438
22 2 415
23 2 577
24 2 934
25 1 436
26 1 396
27 2 570
28 1 691
29 1 62
30 1 254
31 2 74
32 2 105
33 1 474
34 1 304
35 1 889
36 1 703
37 2 163
38 2 80
39 2 493
40 2 256
41 1 533
42 2 355
43 2 959
44 1 528
45 2 111
46 2 509
47 2 454
48 2 914
49 2 895
50 2 550
51 1 342
52 1 292
53 2 619
54 2 207
55 2 237
56 2 509
57 1 227
58 1 622
59 2 196
60 1 963
61 2 279
62 2 572
63 2 387
64 1 889
65 1 65
66 2 709
67 2 506
68 1 885
69 2 799
70 1 556
71 2 560
72 1 766
73 1 847
74 2 985
75 2 520
76 1 462
77 1 886
78 2 611
79 1 387
80 2 985
81 2 943
82 1 107
83 1 911
84 2 773
85 2 768
86 1 656
87 2 124
88 2 998
89 1 546
90 1 501
91 2 833
92 1 641
93 2 666
94 1 957
95 2 919
96 2 273
97 1 906
98 2 911
99 2 797
100 2 31
101 2 986
102 2 560
103 2 36
104 1 775
105 1 113
106 2 437
107 1 914
108 2 637
109 2 811
110 1 790
111 1 520
112 2 211
113 2 763
114 1 25
115 2 277
116 2 749
117 1 538
118 2 477
119 2 191
120 1 997
121 1 789
122 2 696
123 1 952
124 1 841
125 1 492
126 2 134
127 2 213
128 1 533
129 2 233
130 2 948
131 2 291
132 1 626
133 1 418
134 1 238
135 1 660
136 2 690
137 2 57
138 1 217
139 1 502
140 2 179
141 1 832
142 1 822
143 1 904
144 1 608
145 2 119
146 1 901
147 2 708
148 2 564
149 1 62
150 2 195
151 1 644
152 1 62
153 2 146
154 2 644
155 2 974
156 1 130
157 2 594
158 1 991
159 1 949
160 2 196
161 1 83
162 1 193
163 2 963
164 2 590
165 1 235
166 2 221
167 2 718
168 1 533
169 1 820
170 1 912
171 1 822
172 2 707
173 2 155
174 2 450
175 1 258
176 1 106
177 1 479
178 1 750
179 1 665
180 2 586
181 2 886
182 1 776
183 2 545
184 1 847
185 1 75
186 1 792
187 1 953
188 2 550
189 1 23
190 2 730
191 1 144
192 2 187
193 2 823
194 1 322
195 1 428
196 1 880
197 1 121
198 2 147
199 2 334
200 2 169
201 1 464
202 1 71
203 1 132
204 1 114
205 2 426
206 1 367
207 2 215
208 1 489
209 1 188
210 1 965
211 2 329
212 1 968
213 1 725
214 1 603
215 1 39
216 1 873
217 2 305
218 2 452
219 2 442
220 1 965
221 2 867
222 1 254
223 1 754
224 1 856
225 1 672
226 2 290
227 1 669
228 2 478
229 1 528
230 1 13
231 1 757
232 2 388
233 2 584
234 2 20
235 2 604
236 1 254
237 1 501
238 2 664
239 1 793
240 1 404
241 1 581
242 2 64
243 2 611
244 1 506
245 2 202
246 2 642
247 2 609
248 2 115
249 2 704
250 1 159
251 2 916
252 2 117
253 2 749
254 1 465
255 2 434
256 2 729
257 1 476
258 2 731
259 1 503
260 2 553
261 2 29
262 2 457
263 1 53
264 2 146
265 2 760
266 2 690
267 2 512
268 2 518
269 1 249
270 2 680
271 2 823
272 2 54
273 2 812
274 2 828
275 1 962
276 2 128
277 1 964
278 2 558
279 1 370
280 1 74
281 1 574
282 1 528
283 1 980
284 2 780
285 2 248
286 1 96
287 1 434
288 1 823
289 2 163
290 1 921
291 2 964
292 1 510
293 2 373
294 2 46
295 2 855
296 2 11
297 1 72
298 2 868
299 2 392
300 2 277
301 2 329
302 1 543
303 1 684
304 2 654
305 2 930
306 2 773
307 1 646
308 1 797
309 2 814
310 2 381
311 1 645
312 1 93
313 1 24
314 2 84
315 2 292
316 2 866
317 2 842
318 2 335
319 1 617
320 1 540
321 2 410
322 2 946
323 1 242
324 1 710
325 2 758
326 1 628
327 1 390
328 2 320
329 2 872
330 2 48
331 2 843
332 2 278
333 1 700
334 2 188
335 1 675
336 1 751
337 1 275
338 2 653
339 1 325
340 2 498
341 1 129
342 1 317
343 1 56
344 2 299
345 1 713
346 1 515
347 2 940
348 1 638
349 1 48
350 1 907
351 2 661
352 1 284
353 2 322
354 1 801
355 1 567
356 1 819
357 1 943
358 1 342
359 2 822
360 2 668
361 2 810
362 1 252
363 2 868
364 1 668
365 1 33
366 1 105
367 2 488
368 2 604
369 2 246
370 2 939
371 1 821
372 1 521
373 2 796
374 1 853
375 2 971
376 2 832
377 1 192
378 1 193
379 1 652
380 1 780
381 1 524
382 2 663
383 2 429
384 1 548
385 2 871
386 2 583
387 2 669
388 2 224
389 2 234
390 1 396
391 2 400
392 2 567
393 1 370
394 2 260
395 2 142
396 2 970
397 2 738
398 2 675
399 2 373
400 2 777
401 1 763
402 1 495
403 2 679
404 2 226
405 1 167
406 1 235
407 2 326
408 1 317
409 2 608
410 2 14
411 1 55
412 1 304
413 2 976
414 2 966
415 1 343
416 2 908
417 1 756
418 2 330
419 2 62
420 2 508
421 2 712
422 1 93
423 1 399
424 2 608
425 1 647
426 2 151
427 1 277
428 2 806
429 2 93
430 1 641
431 1 668
432 1 611
433 1 74
434 1 415
435 2 898
436 1 16
437 1 618
438 2 225
439 2 224
440 2 704
441 2 293
442 2 795
443 2 82
444 2 188
445 1 14
446 1 543
447 2 293
448 2 155
449 2 929
450 1 345
451 1 184
452 1 264
453 2 962
454 1 60
455 1 752
456 2 875
457 2 438
458 2 721
459 2 479
460 1 576
461 1 713
462 1 553
463 2 700
464 2 290
465 2 79
466 2 827
467 1 43
468 1 420
469 2 88
470 2 412
471 1 538
472 1 898
473 1 966
474 2 84
475 1 865
476 2 452
477 2 771
478 1 658
479 1 724
480 1 691
481 1 794
482 2 337
483 2 750
484 1 763
485 2 868
486 1 868
487 2 867
488 2 736
489 2 770
490 2 616
491 2 703
492 1 866
493 1 94
494 2 627
495 2 756
496 2 738
497 2 132
498 1 565
499 1 257
500 1 599
1 359 15
2 180 93
1 2 287 487 104
2 1 178 393 60 162
3 1 255 334
4 2 479
5 2 374 422
6 1 258
7 2 92 448 295 453 197
8 2 306 119 167 152
9 2 48 487 246 424 410
10 1 332
11 1 435 126 379 29 212
12 2 134 399 233 226 42
13 1 181 442 250
14 2 11 493 490
15 2 96 386 475 388
16 1 132 38
17 2 194 383
18 1 40 222 261 236
19 1 388 457 43 396
20 2 103 201 295 303
21 1 376 388 463
22 1 31 128 170 459 357
23 2 328
24 2 109 70
25 2 445
26 2 284 229
27 2 297 90 462 163
28 2 11 75 454 308
29 2 196 259 448 26 11
30 1 8 163 86
31 1 218 260 471
32 1 444
33 1 71 129 76 425 462
34 1 225
35 2 467
36 1 494 23 427
37 1 452 132 13 146 411
38 2 87 434
39 1 7 313 246 428 482
40 1 50 107 308
41 1 443 117 395
42 2 427 399 113
43 2 296 190 100 387 83
44 2 312 317 347 288
45 2 183 38 337 284
46 2 233 433 51
47 2 404
48 2 352 452
49 2 333
50 2 419
51 2 48
52 2 382 60
53 1 302 389
54 2 389 464
55 2 121 403
56 2 199 326 456
57 2 375 86 186
58 1 35 395 285 287 21
59 1 380 287 225 241
60 2 147 19 250 344 58
61 2 341 50
62 2 272 448
63 1 415 313 328 85 83
64 1 282 355 237
65 2 298 472
66 2 34 132
67 1 96 57 261 151
68 1 241 37
69 1 138 492 483 262
70 2 75 383 116 455 188
71 2 80
72 2 143 74 30
73 1 120 260 398 192
74 2 82 96 436 1
75 2 30
76 1 264 392 106
77 1 199 442 399
78 1 183 472
79 1 88
80 1 226
81 1 215 55 428 184
82 1 226 201 498 69
83 1 149 402 473 377
84 2 11 236 282
85 1 292 85 252 352 317
86 1 364 258 58 220
87 2 295
88 2 375 372
89 2 125 198 152 150
90 2 44
91 1 65 317
92 1 444 40 113 132
93 2 166 421
94 1 386 298
95 2 68
96 2 112 341 442
97 1 145
98 1 45 244 311 400 383
99 2 10 402 79 307 210
100 2 32 212 488 404
101 1 225 176 499 374 410
102 2 44
103 1 180
104 2 101 363 103 344
105 2 86 288
106 2 212 428 238 481
107 1 76 275
108 2 124 312 53 338
109 2 239 482 363
110 2 83
111 1 273 9 325
112 2 136 388 419 97
113 2 401 387
114 1 202 129 19 500 59
115 2 143 119 464 45
116 1 22
117 1 92 138 327
118 2 273 59 63 469 359
119 2 344 432 328
120 2 420
121 2 223
122 2 155 9 346 364
123 1 165 484
124 2 319 453 289
125 1 39 144 109 125
126 1 371 269 359 149
127 1 122
128 2 113 68 18 461 355
129 2 134
130 2 467
131 2 238 130
132 1 180 456
133 1 128 416 439 211
134 2 370 275 217
135 1 316 46 220
136 1 74 389 406 322 490
137 2 202 32 263 290 332
138 2 258 412
139 1 310 467 50 276 244
140 2 120 469 233 213 53
141 1 63 146 353 9
142 2 333 59
143 2 171 181 464
144 1 231
145 2 42 200 283 483 93
146 1 196 119 26 317
147 1 352 191 250 349
148 1 106
149 2 416 366
150 1 89 357 378
151 1 143 104
152 2 304 126 367 407
153 1 482 156 165 470 91
154 1 4 476 339
155 2 291 369 303 100 450
156 1 490 384 226
157 2 496 23 109 442 500
158 1 4 259 462 168 340
159 2 57 291 191
160 1 360 176 498 420
161 1 437 117 312 136 112
162 1 41 327 52
163 2 251 376 425 270 449
164 2 408
165 1 349 111 398
166 2 339 150 122 106 390
167 1 256 219 67
168 2 27 18 433 336
169 2 212 76 499 268 290
170 2 245 385
171 2 223 147
172 1 255 133 223 451
173 1 227
174 2 203 196 115 11
175 2 363 195 377 228
176 1 279 301 144
177 2 500 54 361 309
178 2 213 455 334 211
179 2 137 315 164 474 42
180 1 225 404 63 45 386
181 1 292 58 113 439 220
182 1 482 452 231
183 2 35 146
184 1 109 1
185 2 76 374 315 61
186 2 93
187 2 256
188 2 181 366 70 303 470
189 2 236 122
190 2 486 240 147 390 433
191 1 341 368
192 2 172
193 2 275 166 355 9 33
194 2 458 1 99 384
195 1 38 17
196 1 374
197 1 69 115 341 319 335
198 1 243 423
199 2 165 137 66 81 71
200 2 299 444 368
201 1 178 144 54 218 90
202 2 200 311
203 1 431 51
204 2 341
205 2 349 283 144 313 495
206 2 113
207 2 415 11 155 217
208 1 165 447 353 486
209 2 113 178 181 240 332
210 1 500 12
211 1 428 32 437
212 1 395 332 358
213 1 177 108 498 243 195
214 2 71
215 1 275 39 14 360 7
216 1 185 73
217 1 370 181
218 2 241 233 157 45 309
219 2 153
220 1 115 72 211
221 1 308 23
222 2 282
223 1 93 300 182 192
224 1 341 223 106 495 370
225 1 255
226 1 350 446 173
227 1 169 87 485 434 100
228 1 334 340 266 130
229 2 172 164 163 324
230 1 282 11 154 447
231 1 97
232 1 441 160 437
233 2 264 189 191 110 492
234 1 442 283 164 372
235 2 432 199 171 176
236 2 418
237 1 445 314 74
238 2 269 195
239 1 208 48 355 424
240 2 130
241 2 37 121 261 241 349
242 1 434 425 415
243 2 18 396 356 406 349
244 2 280
245 1 64 466 49
246 2 150 316
247 1 8 157 376 381
248 2 155 406
249 2 129
250 1 463 32 173 53
251 2 253 304 198 468
252 2 120
253 2 319 288 65 78 246
254 2 342 22 170 229
255 1 496 408 63 193 72
256 2 229 262 77 216
257 1 454 401 206 193
258 2 207 55 191 82 209
259 1 291
260 1 304 228 343
261 2 240 312 130 366
262 2 223 379 112 476
263 1 299 112 454 255
264 1 144
265 2 125 480 213 301 247
266 1 442
267 1 34 496 91
268 2 1
269 1 141 250 117 362
270 2 23 109 348 188
271 2 346
272 1 50 110 457 117
273 1 69
274 1 269
275 1 140
276 1 64 460 406 419 72
277 1 338 402 366
278 1 337 45 491
279 2 211
280 2 443 147 347 399 485
281 1 128 327 303
282 1 480
283 2 97 213 409
284 1 348 233
285 2 444 380 205
286 1 447
287 1 144 438
288 1 294 310 441 385 212
289 1 281
290 2 455 487 237
291 1 440 326 234 341 159
292 1 234 321 455 145 115
293 1 52 158 56
294 1 85 91 53 11 275
295 2 135 58
296 1 35 12 174 172 407
297 2 391 78 40
298 2 384 128 7 435 137
299 1 23 27
300 1 459 466 222
301 1 481 323 283 244
302 1 96 191 101 68 125
303 1 493 313 379 402
304 2 403 253
305 2 389 482 159 53 417
306 1 76 273 139
307 1 461 4 367 385 342
308 2 329 443 45 285
309 1 409 359 469 71 219
310 2 41 75 346 483 479
311 1 113
312 2 231 444
313 2 110
314 2 128
315 2 389 346 209
316 2 277 56 248 307 229
317 2 321 434 50
318 2 500 343
319 2 500 301 186 134
320 2 75 408
321 1 42
322 1 361
323 2 467 296 113
324 1 334 28
325 2 248 61 348 235 200
326 2 381 109
327 1 199 84 314 128
328 1 39
329 1 101 414 307 164
330 2 16 234 3 269 81
331 1 86
332 1 29 355 327 438
333 2 410
334 1 76 6 191
335 2 118 115 366 356
336 2 302 12 455 287
337 1 161 301 127
338 1 5 365 158
339 2 474
340 2 261 403 123
341 2 156 60 187 132
342 2 74
343 2 209 239 155
344 2 230 127 257
345 1 80 112 104 53 296
346 1 233 102 5 42
347 1 436 395 384 190 128
348 2 203 218
349 1 102
350 1 454 207 36 382
351 2 239 445
352 1 300
353 2 332 464 458 351
354 1 322 99 155 338
355 2 347 305
356 1 211 245 91 96 223
357 2 377
358 2 497 468
359 1 68 429 387 498
360 1 101 335 12
361 2 24
362 1 349 23 33 149 271
363 1 472 96 183 128 258
364 1 163 210 277 173
365 1 209 437 335 446 212
366 1 140
367 1 255 93
368 1 267 187
369 2 397 173 23 295
370 1 139
371 1 25 124 54
372 2 129
373 1 371 368 460 493 315
374 2 278 232
375 2 449 25
376 2 240 376
377 2 325
378 1 315 214 382 139 352
379 1 30 63 67 9 43
380 2 266 105 177
381 1 459
382 1 70 292 48 166 118
383 2 1 26 80
384 2 15 462 303
385 1 278 20 370 101
386 2 459
387 2 354 288
388 1 322 417 290 47
389 1 430
390 1 490
391 1 296
392 2 380 52
393 2 147 238 421
394 2 444 468
395 1 340 371 38 297
396 1 491 467 368
397 2 434 319 442 347 180
398 2 115 369 405 332 46
399 1 204 494 330 173
400 2 431 425
401 2 178 285 292 288
402 2 432 67 18 451
403 2 491 348 460 359 193
404 1 141 379
405 2 207 459 230 380
406 1 157 312 342
407 2 103 473
408 2 90
409 1 214 77
410 1 216
411 1 110 492 39 429
412 1 210 318
413 2 340 420 45
414 2 322
415 1 338 329
416 2 148 292 119 95 375
417 1 344 89 227 138
418 1 432 384 190 216 331
419 2 28
420 1 339 412 38
421 2 423
422 2 103 379
423 2 178 9
424 1 429 232 146
425 2 194 61
426 2 93 432 382
427 2 452 327 431 306 399
428 1 231 396 418 440
429 2 380 279 133
430 1 191 367 23
431 1 435
432 1 328 220 90 271
433 2 350 44 133 11
434 2 34 154 117
435 1 261 430 182 306
436 1 266 232 296 209 401
437 2 377 376
438 2 90
439 1 305 414 190 102 452
440 2 273 216 308 490 368
441 2 217 264 368 68 473
442 1 303 334 139
443 1 467 10 286 61
444 2 330 53 402 399 189
445 2 369 304 221
446 1 159 165 490
447 2 386 240 118
448 2 186 324
449 1 441 230
450 2 109 228 102
451 1 259 150
452 2 144 259 43
453 1 327 489 170
454 2 20 171 219 133
455 1 356 202 350
456 2 442 284 309
457 2 34 160 39 368
458 2 387 300 251 154
459 1 187 307 404
460 1 338 355 460 348
461 1 203 291
462 1 327 139 174
463 2 495 498 261 87
464 1 494 336
465 1 162 297
466 1 403
467 2 318
468 1 271 476
469 1 220 51 267 64 99
470 2 317 112 154
471 2 234
472 2 351 9
473 1 141 430 312
474 2 429 371 356
475 2 407
476 1 486
477 1 326 266 387
478 2 19
479 1 380 264 123
480 2 461 178 277 239
481 2 326 103
482 1 186
483 1 363
484 1 350 276 111
485 1 477 232 132 14
486 2 325 256 170 254 138
487 1 183
488 2 395 176 111 78
489 2 485
490 2 137 121 268
491 1 377 112 242 241 173
492 1 180 350 27 470
493 2 224 163 364 174 480
494 2 315 352
495 2 351 73 56
496 2 88 491 217 480 237
497 2 470 162 155 201
498 2 345 203 319 196
499 2 137
500 1 364
501 2 475 44 337 253
502 2 31 40 417
503 2 222 115 423
504 1 400 164
505 1 151
506 2 309 59 489 283 214
507 1 193 111 294 43
508 1 204 93
509 2 293 458 213
510 2 447 124 376 237 70
511 1 493 411 451 326 199
512 1 364 382 346
513 1 382 14 328 235 82
514 2 106 152 34 110 55
515 1 259 309 401 198 95
516 2 95 115
517 2 116 196 125 290 338
518 1 107 252
519 1 462 444 224
520 2 74 246 385
521 1 148 192 303 156
522 1 233 27
523 2 123 460 137 262 379
524 1 135 325 281 480 272
525 1 451
526 2 163
527 2 180 168 91 407
528 2 296 189 230 358 166
529 2 493 254
530 1 251 297 298
531 1 465 459 372 331
532 2 24 190 323
533 2 320
534 1 202 71
535 2 79 481 26 310 357
536 1 261 353 194 363
537 2 14
538 1 89 117 298 196
539 1 4 181 420 236 221
540 2 398 173 433
541 2 3 353
542 1 133 39 38
543 1 215 85
544 1 371 357 85 44
545 1 87 104 479 181
546 1 337 275 155 126
547 1 306 344 425 431 119
548 1 161
549 1 286 424 131 2
550 2 356 191 331 190 3
551 2 446 247 108 454
552 2 36 130 282 278 318
553 2 16 185 112 292 376
554 2 31 214 113 212
555 2 181 72 170 263
556 1 466
557 2 407 162 308 307 314
558 2 203 369
559 1 430 257 463 69 235
560 2 283 30 244
561 1 385 126
562 1 278 306 230 59 112
563 1 463 57 288
564 1 186 143 388 145
565 1 147 415 497
566 1 223 104 114
567 1 340 488 479
568 2 482 362 249 354 150
569 1 493 300 494
570 1 146 47 91 441
571 2 452 32
572 2 476 12 410 63 271
573 2 8 312 91 459
574 2 462
575 2 47 398 237 289 87
576 1 117
577 2 117 176 142 365
578 2 334 342 369
579 2 102
580 1 17 8 399
581 1 211 92 358 262
582 1 104 72 474 252
583 1 353 389 213 4
584 1 285 383 4
585 2 234 231 478 210 442
586 1 195 293 317 37 291
587 1 398 126
588 1 285 43 247 303 357
589 2 297 325 345 9 11
590 1 112 328 479 209 421
591 1 184
592 1 214 293
593 1 401 204 300 473
594 2 176 499
595 1 109 297
596 2 144 204 392 112 40
597 1 68 154
598 2 171
599 2 433 226
600 2 300 328 413 183 367
601 2 130 292 204 377
602 2 445
603 2 251 355 278 186
604 1 363 209
605 2 46 149 128 491 12
606 1 222 279
607 2 26
608 2 358 468 496
609 1 326 484 108 380 274
610 1 317 315 278 406 371
611 1 364 210 44 114
612 1 430 238
613 2 257 101
614 1 455 9 119
615 1 378 89
616 1 57 429 85 252 72
617 2 116 373
618 2 141 223 458 477
619 1 95 378 433
620 2 478
621 2 136 141 418 38
622 2 290 138 215
623 2 412 243 228 265 201
624 2 12 207
625 2 16 452 157 299 480
626 2 17 396 423 159
627 2 387
628 2 196 246 36
629 2 162 190 329 69 65
630 2 374
631 1 26 117
632 1 205 113 257 346 456
633 2 112
634 2 216 134
635 1 34 209 454 32 305
636 1 254 99 65 314 180
637 1 101 472 269
638 2 230 132
639 1 100 453
640 1 460 108 481 249 345
641 1 156 274
642 2 112 462
643 2 112 307 236
644 2 474 348
645 1 280 468 366 67 183
646 1 101
647 2 62 376 153 214
648 2 122 292 6 449
649 1 51
650 1 498 308 311 35
651 2 364 46 31 267
652 2 275 297 407 120 152
653 1 297 64 45 310 322
654 1 31 287
655 2 190 74 325 53
656 2 282 207 18 350
657 1 52 389 201
658 1 231
659 2 133 492 25
660 2 314 153
661 2 33 76
662 1 339 395 132
663 1 465 31 479
664 2 119 48 241
665 1 274 401
666 1 28 478 21
667 2 175 104 285
668 1 297 372 317
669 2 421 34
670 2 482
671 1 458 485
672 2 262
673 1 204
674 1 293
675 2 222 278 386 220 314
676 1 117 199 405 291
677 2 343
678 1 31 354 370
679 2 399 42
680 1 296 217 414 170 219
681 2 106 350 200 446 416
682 2 336 114 420
683 2 38 167 8
684 2 406 176 179 143
685 2 482 112
686 1 213 171 112 383
687 1 337
688 2 70 77 222
689 1 366
690 2 196
691 2 286 315 100 54 333
692 2 247 75 87 110 35
693 1 89 412 380 22 216
694 2 346 472 263 42 372
695 1 103 369 22 200
696 1 72 385 351
697 2 25 16
698 1 160 149
699 1 369 346 464 341 98
700 2 392 29 264 306
701 2 292
702 2 206 90 469
703 2 493 93
704 1 27 8 439 443
705 1 455 335 75
706 2 408 267 487 174 278
707 1 442 45
708 2 470
709 2 27
710 1 488
711 2 480
712 1 499 331
713 1 390 97 123 497
714 2 260 251 163 368 348
715 1 166 129 269 75 412
716 2 180 295 4
717 2 421 463 466 422
718 1 64 229 77
719 2 386 289 237 152
720 2 184 132 347
721 1 182
722 1 4 15 321 167 295
723 2 385 487
724 1 74 268
725 1 398 55
726 1 360
727 1 261
728 1 442 21 366 469
729 2 491 472 217 216
730 2 478 160 266 224 485
731 1 52 488
732 1 362 253 154 240 68
733 1 272 429 87 136
734 2 300
735 1 273 367
736 1 421 119
737 1 188 48 469 491 400
738 2 171 62
739 1 429 1 456
740 1 305 480 210
741 1 337
742 2 34 375 457 261
743 1 217 276 272 347 136
744 2 291 309
745 2 215 115 184
746 2 263 447 7 455 368
747 2 378
748 2 442 396
749 1 499
750 1 122
751 2 209 12 275 205 84
752 1 473
753 1 262 163 90
754 2 220 189 361
755 1 285 392 346
756 1 432
757 2 358 193 383 152
758 1 344 73
759 2 240
760 1 22 31 74 18 59
761 2 220 119 198
762 1 368 202 327 250
763 2 285 188 193
764 2 198
765 1 483 210
766 1 191 434 61
767 1 306 398 109 14 163
768 2 495
769 1 342 490
770 2 335
771 1 156 402 362 69
772 1 10 429 252 7 487
773 1 417 244 164
774 1 69 260 179
775 2 38 451
776 1 308 259 395
777 2 288 119
778 2 137 200 78 196
779 1 463
780 2 224 436 22
781 2 72
782 1 410
783 1 45 172 182 192
784 1 351 298 52 287
785 2 62 419
786 1 55 426 224 325
787 2 150
788 1 382 126 233 344
789 1 259
790 1 125 337 14
791 2 200 94 269
792 1 79 345 304 37 344
793 1 384 446 114 22 149
794 1 223 369 59 387 328
795 1 97 197 380 268 441
796 1 185 78 360 439
797 2 213 433
798 1 20 309 157
799 1 243 338
800 2 259
801 2 441 259 87
802 1 26 158 385 74
803 1 261
804 2 199 97
805 2 26 414 183 188 360
806 1 283 305 2
807 2 215
808 2 163 410 312 433
809 1 293
810 2 461 426 441 344
811 1 431 28 170 102 359
812 2 153 453
813 2 197 118 179 87
814 1 58
815 1 243 314 387
816 2 492 387
817 1 151 291
818 2 406 112 477 418
819 2 251 9
820 1 334 15 417 236 494
821 1 66 39
822 1 297
823 1 339
824 1 34 168 83 312 223
825 2 367 391 346
826 2 161
827 2 481 275 76 214 289
828 2 175 278 207 327 226
829 1 412 368 94 35
830 1 480 476 426
831 1 170 190 357
832 1 30 393 158
833 1 45 346
834 2 436
835 2 226 387 469 176 125
836 2 236 130
837 2 137 370
838 1 336 115 346
839 2 317 307 82 91
840 1 131 309
841 1 401
842 1 300 465 314 50
843 2 88 477 474 72
844 1 58 443
845 1 100 126 331 237
846 2 107 62 357
847 2 91 93 449
848 1 223 349 345
849 1 164 300
850 2 429 116
851 1 198 92 100 217
852 2 465 37 186 277 184
853 2 54 235 32
854 2 493 330 77 427
855 1 381 257 465
856 2 162 498
857 1 82 428 490 222
858 2 4 302
859 2 309 273 343
860 2 371 133 207
861 2 1 272
862 2 490 486 27 463 97
863 1 43 471 413 56
864 1 415 21 8 467 307
865 1 244 330 51 267 144
866 2 413 70 322
867 1 308 177
868 2 177
869 2 119 62 392 353
870 1 224 405 331 169 339
871 1 448 123
872 1 229 491 487 302
873 2 414
874 2 235 112 442 182 484
875 1 436 171
876 1 372 249
877 1 349 231 115 262
878 1 431
879 1 231 494 449 484 107
880 2 192 156 375 444
881 2 167 197 482 49
882 2 344 415 236
883 2 234 33 51 293 237
884 1 143
885 1 405 263 291
886 1 85 474 256 183
887 2 254
888 2 229 495 100 171 385
889 1 82 8 242 379
890 2 64 392 329 262
891 2 44 361 311
892 2 386 288 296
893 2 52
894 2 39 426 6
895 1 282
896 2 478 34
897 2 245 441 295 361
898 1 124 59 268 381
899 2 431
900 1 206 409 34
901 2 32 340 406
902 1 20 110 442 25
903 1 271 142 279 303
904 1 125 244
905 1 232 283 250 439 366
906 2 90 500 284 49 47
907 1 411 39 342 410 135
908 2 263 317 186 76 466
909 1 391 17 394
910 2 26 429
911 2 486 161 315 186 462
912 2 450 318 442 53
913 1 128
914 2 388 421 177 410
915 2 182
916 1 56
917 2 276
918 2 106 424 487 220
919 2 247 75 118 122
920 2 197 208 350 344 71
921 2 198 327 325
922 2 174 426 271
923 1 166
924 1 320 61 455 67
925 2 172
926 2 112 401 193 88
927 2 234 190 217 92 374
928 1 354
929 1 219 254 247 321
930 2 478 370 273 10
931 2 500 68
932 1 249 93
933 2 159 308 368 207 125
934 1 495 448 172
935 2 154 284 440 452 105
936 2 65
937 1 25 342
938 1 178 190 114 473
939 2 383 431 152 40
940 2 385 495 300
941 2 449 186 130
942 1 220 380 336
943 2 335
944 1 159 339 347 296
945 1 76 4 138
946 2 385
947 2 442 397 27
948 2 71 384 11 479 336
949 1 285 150 444 485
950 2 171 33 123
951 2 234 118 412 265 89
952 2 219 71 291 482
953 1 287 177
954 1 302
955 1 256 157 127 175
956 1 37
957 2 27 404 423 479 249
958 1 408 416 357 31
959 1 461 329 304
960 2 246 4 157
961 2 165 162 82 55 6
962 2 481 193 71 98
963 1 282
964 1 160 360 380 374
965 1 225 324 68 329 336
966 2 419
967 2 17
968 2 161 183 243 57
969 1 442 242 5 57
970 2 450 139 66 344
971 2 421
972 1 304 65 315 476
973 1 146 475 88 248 227
974 1 461 491 204 365 198
975 1 460 456
976 1 138 149 388 148
977 2 252 323 371 102 216
978 2 338
979 1 318 1
980 1 295 481 59 434
981 2 380
982 2 73 133 60 234
983 2 200 427 369 417
984 2 314 356 66
985 1 471 367 312
986 2 309
987 1 261 31
988 1 230 40 172 374
989 2 3 198 374 264
990 1 323 50 61 4
991 1 483 127 49
992 2 397 440 142 90 157
993 2 165 375 115
994 2 42 61 127 419
995 1 264 229
996 1 499 251 179 316 314
997 2 39 412 304 454
998 2 29
999 2 25 15 293
1000 1 235 278 57 487
1001 1 10 252 18 93 360
1002 2 287 462 136 221 209
1003 2 158 133 316
1004 2 378 128 183 197
1005 1 423 401 203 287
1006 2 17 69 210 313
1007 1 87 424 188
1008 2 463
1009 1 440
1010 2 332 250 135 384 275
1011 1 306 38 254 315
1012 2 322
1013 2 42 480 442 366 173
1014 1 171 67 194 212 89
1015 1 182 455 105 311
1016 2 271 309 464 110
1017 2 200 300 175
1018 2 288 411 225 214
1019 1 345 130 383
1020 2 459
1021 2 485
1022 2 93 248 184 311
1023 2 151 303
1024 1 127 463 82 173 20
1025 2 434 232 244 269
1026 1 95 325 183
1027 2 499 262 253 206
1028 1 30 212 417 281
1029 1 443 111 133 451 18
1030 1 467 321 110 298
1031 2 94 71 436
1032 2 210 94
1033 2 478
1034 1 8 313 188 72 276
1035 2 322 428 159 479 287
1036 1 94 371
1037 2 354 476 124
1038 2 183
1039 1 231 137 379
1040 1 204 180 154 166 498
1041 2 140 251 179 31 44
1042 1 12 328 301
1043 2 352 312 489 29
1044 2 450 235 262 248 22
1045 1 441 217 473 13 363
1046 2 237 120
1047 1 453 301 493 340
1048 2 284 196 493
1049 2 438 155 486
1050 2 225 100
1051 1 87 342 16 266
1052 1 133 319 270
1053 1 274 74 320 267
1054 1 157
1055 1 410 349 306 6
1056 2 316 463 500
1057 2 18 315 134 48 273
1058 1 350 386 44 224
1059 2 115 323 95 22
1060 2 336 111 299 119 292
1061 1 490 306
1062 1 38 16
1063 2 190 13
1064 2 168 426 123 260 420
1065 1 328 472
1066 2 345 440 392 400 287
1067 2 381
1068 2 247 239
1069 2 46
1070 1 122 352 329 109
1071 1 404 121
1072 2 335
1073 1 416
1074 1 108
1075 2 275 270 383 133
1076 1 467 270 5
1077 2 41 340 351 382
1078 2 359 22 98 347 34
1079 2 273
1080 2 144 279 357
1081 1 162 423 71
1082 2 372 421 341 202 445
1083 2 334 64 437 155 298
1084 1 271 33 39 207
1085 2 341 34
1086 2 491 293 64 347
1087 2 87 407
1088 1 91 203 41 178 64
1089 2 417 242 1 327 396
1090 2 332 93
1091 1 498 16
1092 1 162 384 318 124
1093 1 446 254 277
1094 1 380 485 6 367 36
1095 2 58 459 470
1096 2 81 382 68
1097 2 373 160 94 78 33
1098 1 55 138 292 180 130
1099 1 128 227
1100 2 67 245
1101 1 6 401 478
1102 1 238 484 315
1103 2 446 69
1104 1 499
1105 1 118 250 306
1106 1 18 265
1107 1 192 28 309 391 21
1108 1 179 286
1109 1 377 308 417 176 470
1110 2 235 192
1111 1 173
1112 2 43 332
1113 1 248 137
1114 1 290 268 249
1115 2 195 292
1116 1 221
1117 1 217
1118 2 251 446 444
1119 2 414 111
1120 1 138
1121 2 74 390
1122 1 296 186 15 433 147
1123 1 393 67 424 52
1124 1 96 456 12
1125 1 54
1126 2 334
1127 1 325
1128 1 221
1129 1 260 49
1130 1 114 155 467 34 168
1131 1 70 168 447
1132 2 123
1133 1 396 403
1134 1 143 14 274
1135 2 407
1136 2 168 409 472 293
1137 2 18 94 341
1138 2 396 222 448 158 148
1139 2 400
1140 2 72 309 413 156
1141 1 282
1142 2 352 306 40
1143 2 56 426
1144 1 5 206 198
1145 2 130
1146 1 108 431
1147 1 203 389
1148 2 158 391 45
1149 1 463
1150 2 420 120
1151 2 379 346 176
1152 2 369 410 412 201 464
1153 2 482
1154 2 29 289 408 4
1155 2 390 30 367 379
1156 2 248 445 452
1157 1 43 399 151 250 323
1158 2 358 421 409 198
1159 2 56 124
1160 2 23 51 421 56 340
1161 1 494
1162 2 351 323 268 498 214
1163 1 272 415 450 187
1164 1 500
1165 1 213 155
1166 1 245 260 64 480 204
1167 2 453 302 186 420 334
1168 2 47
1169 1 338 66
1170 1 31 390 288 492
1171 2 40 105 187
1172 1 475 352 163
1173 2 498
1174 2 398
1175 2 93 205 338 72
1176 1 319 234 230 303 54
1177 2 499 390
1178 1 321
1179 1 77 191 108 439
1180 1 197
1181 2 86
1182 2 430
1183 1 37 157 66
1184 2 58
1185 2 353 252 274
1186 1 109
1187 2 62 139 124 407
1188 1 331 450 256
1189 1 341 307
1190 2 80 220
1191 2 335 213
1192 1 434 163 343 224
1193 2 12
1194 2 5 120 28 319 33
1195 1 484 172 125 479 238
1196 2 252 305 429
1197 1 326
1198 2 86
1199 1 486
1200 2 312 451
1201 1 66 286 336 432
1202 1 371 160
1203 2 79 116 484 40
1204 2 41 304 281 13 193
1205 1 100
1206 1 147 481
1207 1 481 429 246 219
1208 1 306 433 242 231 6
1209 2 420 398
1210 2 216 236 418
1211 2 393 200 20
1212 1 496 178 330 456
1213 1 432 190 465 106
1214 2 473
1215 1 304 242 284
1216 2 38 463 368 491
1217 1 152 342
1218 1 471 76 45
1219 2 347 272 150
1220 1 392 213 358
1221 1 42 136 207 91
1222 1 80 195 368 99
1223 2 4 348
1224 1 24 498 159 236
1225 2 96 302 227 64
1226 1 435
1227 1 316
1228 2 292 368 40
1229 1 401 196 245 340 96
1230 2 116 265 198 226
1231 1 62 407 498 166
1232 2 313 38
1233 1 256 335 126 477
1234 2 419 98 434 166
1235 1 41 105 491 363 171
1236 2 53
1237 1 321 10 432 141 379
1238 2 384 478 237
1239 1 108 357 153 180
1240 1 293 287 260 156
1241 2 275 194
1242 2 239 173 326 463
1243 2 154
1244 2 409 355 457 207 146
1245 2 168
1246 1 401 377
1247 2 433 296 114 482 379
1248 2 101 487 482 465 67
1249 1 333 397
1250 1 411 154 179 91 349
1251 1 275
1252 2 204 471 484 119 343
1253 1 52 247 385
1254 2 140 150 376
1255 1 220
1256 2 434 459
1257 2 307 480
1258 1 448 18 440 177 428
1259 1 381 469
1260 1 84 274
1261 1 256 349 323 261 447
1262 1 204 262 163
1263 1 393 4 232 292 340
1264 2 340 218 313
1265 2 93 273 205 217
1266 2 109 301 69
1267 2 218 344 380 430 86
1268 2 259 438 252 249
1269 2 255 323 20 410
1270 1 364 84 52
1271 2 239
1272 1 234 382 363 271 325
1273 2 189 401
1274 2 57 320
1275 2 389 491 360 387
1276 1 329
1277 1 11 154 41 35
1278 2 114
1279 1 463
1280 2 422
1281 2 474 266 282 280
1282 2 407 346 250 300
1283 1 469 208 30 466
1284 2 18 204 449
1285 2 401 405 125
1286 2 445
1287 2 304 331
1288 1 188 117 313
1289 1 412 368 410 340
1290 1 336 465 88 312 221
1291 2 178 366
1292 2 440 409 255 136 379
1293 2 428 303 462 25 77
1294 1 54 103 124
1295 1 226 347 49 45
1296 1 329
1297 1 332
1298 2 33 460
1299 2 14
1300 1 153 375 50 335
1301 1 355 53 277
1302 2 182 180 5
1303 2 466 415
1304 2 71 360 34
1305 1 132
1306 1 287 327 11
1307 2 47 224
1308 2 285 1 129
1309 2 105 286 377
1310 2 233 481 92
1311 2 382 466 285 299 278
1312 1 130 435 246 81 200
1313 1 40 242
1314 2 191 74 419 464 261
1315 1 325 158 209 193 260
1316 2 46 325 210 186 313
1317 1 484 232 96
1318 2 486 218 427 217 158
1319 1 256 326 366 393 311
1320 2 263 168 93
1321 1 473
1322 2 209 279
1323 1 119
1324 1 293 144 156 9 303
1325 1 175 278
1326 1 139 304 153 446
1327 2 407 336 262 316 134
1328 1 451 124 347
1329 1 337 423
1330 1 29
1331 1 164
1332 2 365 410 176 224 168
1333 1 248
1334 2 138 440 436 448
1335 1 175 239 416
1336 2 101 191 184 172 422
1337 1 144 119 50
1338 2 361 44
1339 2 22 120 267 252
1340 2 233 258 184 86 212
1341 2 118 342 483
1342 1 213
1343 1 259 90 394 280 409
1344 1 226 468 294
1345 1 45 95
1346 1 7 494 13
1347 1 363
1348 1 103
1349 1 260 100 467
1350 1 221
1351 2 388 494
1352 2 7
1353 2 232
1354 1 305 257 181 220 236
1355 1 385 104 4 332 445
1356 1 487 471 383
1357 1 47
1358 1 327
1359 2 477 3 274 390
1360 2 108 381
1361 1 435 486 139 306 295
1362 2 96 353 40 75
1363 1 406 14
1364 2 254 177
1365 1 428 122 70
1366 2 437 307 327
1367 1 397 65
1368 1 126 229 142
1369 2 109
1370 1 29 399 165
1371 1 365 216 495 435
1372 1 306 63 416
1373 1 69 221 35 28 317
1374 2 47 89 8
1375 2 391 61 496 490
1376 1 59 259 246 210 182
1377 2 75 439 475
1378 2 491 268 199 323 457
1379 2 131 355 25 97
1380 2 287
1381 2 30 218 313
1382 1 350 84 74
1383 1 435
1384 1 10 465 113 181 178
1385 1 128 402
1386 2 397 5 107 283
1387 1 142 292 184
1388 1 157
1389 1 41 59 470
1390 1 62 165 455 23 461
1391 2 356 196 246 468 275
1392 2 499 490 289 282 191
1393 2 141 395
1394 2 243 422 260 45
1395 1 104 418 84 192 29
1396 1 385 129 436 261
1397 1 45 245
1398 1 285 62 423 381
1399 1 313 353 363
1400 1 110 287 353 48
1401 2 316 266 490 94 283
1402 1 172
1403 1 86 383 413
1404 1 300
1405 1 326 414
1406 2 416 167 32 482 212
1407 2 463
1408 1 152
1409 1 28 451 449 476 412
1410 1 136 257 211 416 154
1411 1 479 64 419 292 438
1412 2 318 366 452
1413 2 144 7 370
1414 1 137 207
1415 1 310 307 404 433
1416 2 244 223 147 287
1417 1 380 273 144 324 500
1418 1 242
1419 1 334
1420 1 151 185
1421 1 253 93 479 59
1422 2 224 50 459 97 478
1423 1 152 379 251 95 464
1424 2 121 339 317 416 357
1425 1 254 241
1426 2 455 301 81 162 124
1427 2 421 343 355
1428 1 205
1429 1 423
1430 2 105 162
1431 1 415 286 57 475
1432 2 304 270
1433 2 346 484
1434 1 368 274 1
1435 1 133 84
1436 2 27 329 174 196
1437 2 139 473
1438 2 162 349 61 278
1439 1 164 422 79 487
1440 1 23 459 159 97 453
1441 1 197 415 19
1442 1 50
1443 1 98 21
1444 1 30 39 336 367 366
1445 2 345 334
1446 2 393 110 137 28
1447 1 27 39
1448 2 409 327
1449 2 417 445 247
1450 1 7 210
1451 1 192 312
1452 2 73 117
1453 1 485
1454 1 7 438 180
1455 2 399 447
1456 2 349 155 142
1457 1 195 199 191 13
1458 2 349 193 466
1459 1 42 423 202
1460 2 402
1461 2 191 37 449
1462 2 425 284 91 491
1463 1 431
1464 2 108 388
1465 1 225 206
1466 2 413 230 418 300
1467 2 9 160 278 489 74
1468 2 201
1469 1 468 49 491
1470 2 264
1471 2 172 72 312 427 277
1472 2 321 309 338 153
1473 2 343 338
1474 2 139
1475 1 237 298
1476 1 127 278 34
1477 1 213 431 411 500
1478 2 251 158 179 341 330
1479 2 143 305 70 192
1480 1 133 390
1481 1 102 281 346 109
1482 2 269
1483 1 358 178 106 204
1484 2 384 261 100 79 383
1485 2 8 244 240
1486 2 37 145 247 118 440
1487 2 102 173 499 248
1488 1 52
1489 2 95 136
1490 2 302
1491 1 296 242 118
1492 1 83 493 38
1493 2 193 399 269 308
1494 1 301 422
1495 2 435 176
1496 2 49 446 66 355 50
1497 1 303 310
1498 1 37 157
1499 2 83 478
1500 2 135 443 173
1501 2 466 253 342 143 181
1502 2 5 446 266
1503 1 16 158 315 412 140
1504 2 418 193 37 260 417
1505 1 288 208 233 325 177
1506 1 218 154
1507 2 443 285 141 153 124
1508 1 300
1509 2 161 331 131 225 354
1510 1 274
1511 2 308 13 110
1512 1 497 206 173 350 147
1513 1 321 174 163
1514 1 132 148 471 208
1515 1 108 87 40 248 212
1516 1 335 100
1517 2 128 264 54
1518 1 483 444 412 245
1519 2 111 8 255
1520 2 356
1521 2 42 454 412 45
1522 1 378 232 55 206 485
1523 2 33 24 106 302 85
1524 1 322 291
1525 1 66
1526 1 211 263 14 433
1527 2 434
1528 1 340
1529 2 198
1530 2 183 229 258 178 309
1531 1 6
1532 2 189 176 85 196
1533 1 121 31
1534 2 215 30 51 460 202
1535 1 308 71 413 372
1536 1 127
1537 2 216 302 248 280 240
1538 2 404 42 438 368
1539 2 369 124 394 204
1540 2 184 288 380 331
1541 2 204 334 270 264 396
1542 2 251 380 71 433 463
1543 2 458 37 485
1544 1 253 367 464
1545 1 354
1546 1 328 399 105
1547 1 71 356 377
1548 2 346 491 53 330 134
1549 2 239 242 238 453
1550 1 333 290 118 399 441
1551 2 278 2
1552 1 72
1553 1 407
1554 2 489 298 336 165
1555 2 175 85 383
1556 1 321 470 360 354
1557 2 402
1558 2 218 419 297 40 377
1559 1 228 132
1560 1 15 152 416 35 184
1561 2 495 252
1562 1 172 165 219 431 49
1563 1 427
1564 2 265
1565 1 124 445
1566 2 490 137
1567 2 282 409
1568 1 247 443 48 312
1569 2 346 337 192
1570 1 71
1571 2 384 415 203
1572 2 174 144 98 488
1573 2 238 201
1574 2 215 63 77
1575 1 452 152 200 47 402
1576 2 489 222
1577 1 67 152 220
1578 1 43 166
1579 1 432 24
1580 1 30 73 406 179 261
1581 1 322 196 381 475
1582 1 58 399
1583 1 324 146
1584 1 237
1585 2 59 84 498
1586 1 45 125 403
1587 1 136 406 386
1588 2 499 219
1589 2 374 271 326
1590 2 380 7 453 202
1591 1 161 335
1592 1 481 87
1593 1 153 322 167 326 228
1594 2 435
1595 1 352 296 260
1596 1 159 242 200 85
1597 1 321 463 292 13 272
1598 1 202
1599 2 19 382 479 10 396
1600 1 423 109
1601 1 194 485 63 279 281
1602 2 179
1603 1 258
1604 2 131 255 195 55 323
1605 2 377
1606 1 497 7
1607 1 500 401 369
1608 2 384 286 228
1609 1 12 118 151 167
1610 1 62 183 385
1611 2 232 11
1612 1 358
1613 1 392 97
1614 1 87
1615 2 440 263 384
1616 2 469 289 258
1617 1 242 392 321
1618 2 251 98 481 349
1619 2 125 143
1620 1 353 10 293 138
1621 2 117 432
1622 2 351
1623 1 443 13 237
1624 1 110 75 165 192
1625 2 244 330
1626 2 269 323 433
1627 2 73 382 372 207
1628 1 65 303 56 159
1629 2 12 143 339
1630 1 461 484 446 72
1631 1 289 234 162
1632 1 122 348
1633 1 337 34 456
1634 2 190 182 445
1635 2 249
1636 2 366 446
1637 1 194 8 43
1638 2 318
1639 1 430 424 283 206
1640 1 296 405
1641 1 53 280 459
1642 2 15 294 136
1643 2 114 256 194 444 211
1644 2 212
1645 1 253 54 255 413
1646 2 352
1647 1 190 78 60
1648 2 256 466
1649 1 204 387 186 77
1650 1 201 117 65 362
1651 2 426 388 122
1652 1 497
1653 1 283 473 110
1654 2 165 8 484
1655 1 6 41 222 37
1656 2 454 383 428 96
1657 2 466 281 116 379 436
1658 2 142 251
1659 2 13
1660 1 140 79 256 339
1661 2 172 364 389 407 275
1662 1 136 287
1663 2 496 330 195
1664 1 391 90 269
1665 1 244
1666 2 293 239 228 443 378
1667 1 290 281 413 110 310
1668 2 160 315 215 431 450
1669 2 328 294 130 447
1670 2 396 195
1671 2 84 184
1672 1 69 322 478
1673 1 452
1674 2 210 190 184
1675 2 202 173 498 60 311
1676 1 475 153 291
1677 2 209 45 360
1678 2 140 487 11 120
1679 2 376 304 233
1680 2 427 144
1681 1 28
1682 2 455 304
1683 1 379 302 196 388
1684 1 118 195 34 490 302
1685 1 280
1686 2 340 13 286
1687 1 365 372 88 400 277
1688 2 204 202
1689 1 402 24
1690 2 500 8
1691 2 317 189 58 265 162
1692 1 430 39 162 184 48
1693 2 424 267 444
1694 1 257 117 106
1695 2 70 140 414
1696 2 286 132 14
1697 1 1 175
1698 1 86 18 319 450 475
1699 1 202
1700 2 405 445 30 221
1701 1 87
1702 1 488 499 279 147
1703 1 241 110 373
1704 2 245 130 370 401
1705 2 418 291 198 295
1706 1 76
1707 2 280 452 144
1708 2 385 71
1709 2 58 418 10
1710 1 494 318 301 407
1711 1 248 106 313
1712 1 158 406 459 404
1713 1 320 128 132 154 499
1714 2 11 390
1715 1 279
1716 1 494 203
1717 1 195 189 299
1718 1 413 205 4 92 479
1719 2 451 194 461 150 500
1720 2 71
1721 1 257 277
1722 2 168 405
1723 1 380 162 306 260 151
1724 1 56 389 377 108 281
1725 1 232 260 314 97 411
1726 2 410 115 137 74 262
1727 2 397
1728 1 113 95 158
1729 1 161 493 10
1730 1 424
1731 1 108 485
1732 1 21 45
1733 2 455 187
1734 2 48
1735 1 469 453
1736 1 14 106 252 130
1737 2 151
1738 1 177 66 353 277
1739 2 221 193 85 441 319
1740 1 54
1741 2 366 282 82 378
1742 2 398 323 384
1743 2 97 443 471 219
1744 2 210
1745 2 79 70 140
1746 1 20 238 84 278
1747 2 53 182 183
1748 2 444 460 356 480
1749 1 369
1750 1 66 190 495 426 215
1751 1 404 279 471 474
1752 1 383 342
1753 1 179 325
1754 1 118 33 490 231 487
1755 1 244 146 152 130
1756 2 394 426
1757 1 249 452
1758 2 359 482 95
1759 1 159 395 197 30 320
1760 2 144 489 180 488 16
1761 1 478 483 343
1762 1 173 471 17 415 45
1763 1 26
1764 2 255 151 353 263 464
1765 2 232 279 160 2 321
1766 2 40 219 44 130
1767 1 174 420 77 379 338
1768 2 186
1769 1 139 4
1770 1 470
1771 2 337 292
1772 2 320 64 220 387
1773 1 115 276
1774 2 458 460
1775 2 308
1776 1 149 143 206 403 476
1777 1 413 444
1778 2 258 483
1779 2 66
1780 1 17
1781 1 73
1782 2 498 472 269 358 241
1783 2 6 159 274 455
1784 2 439 209 187
1785 2 353 468 313 303
1786 2 284 305 251 315
1787 2 336 226 407 128 386
1788 1 236 476 45 430
1789 2 83 210 336 30
1790 1 161
1791 1 233 220 110 10 203
1792 1 239 341 351 273
1793 1 304 432 150 160 427
1794 1 359
1795 1 262 294 355 59 3
1796 2 255 398 381
1797 2 242 270 377 223 463
1798 2 495 325
1799 2 330 193
1800 1 47 34
1801 2 407
1802 1 406 18 450 27
1803 2 77 165 249 59
1804 2 51 383 177
1805 1 83 39 22
1806 1 483 348 165
1807 2 195 493 412
1808 1 462 81 129
1809 1 207 412
1810 1 40
1811 1 161 289 54
1812 1 456 381 287
1813 1 38 335 487 349 284
1814 2 259 371 218
1815 1 315 333 147
1816 1 348
1817 1 7 415 400 261
1818 1 152 430 218
1819 1 443 446 16 19
1820 2 50 2
1821 2 70 376
1822 2 314 175
1823 2 332 187
1824 2 358 305 425 466
1825 2 495 56
1826 2 401 290
1827 2 46 424 132 461 407
1828 2 42
1829 2 345 443
1830 1 109
1831 1 384 334 284 225
1832 1 191 454 382 428 311
1833 1 252
1834 1 456
1835 1 27 141
1836 2 104 120 430 99
1837 2 76 53
1838 2 414 181
1839 1 451 47 409 29
1840 1 342 95 417 428 296
1841 2 467 219
1842 2 201 20
1843 2 330 210 5
1844 2 242 444 319
1845 1 389 11 308 401 16
1846 2 131 481 233
1847 1 322 493
1848 2 51 363 103 240 128
1849 1 141 46
1850 2 164 189
1851 2 352
1852 1 15
1853 2 462 93 64 103
1854 1 265 8 479 404
1855 1 432 320 230
1856 2 29
1857 1 224 93 420 155 334
1858 2 274 26 315 79 46
1859 1 187 182
1860 2 46 195 215 175
1861 1 296 314
1862 1 245 283
1863 2 113 87 460
1864 1 318 369 202 418
1865 2 62 37 389 356
1866 1 361 4 359 295
1867 1 138 259
1868 1 174 347 59 497
1869 1 33 208
1870 2 79 177 388 219
1871 1 184
1872 1 373 99 482 413
1873 1 126
1874 2 82 386 235
1875 2 360 259 149
1876 1 135 197
1877 1 215 226
1878 1 247 275 236
1879 1 26 494 310
1880 2 388 208 416 357 455
1881 1 114 493 66 261
1882 2 305 118 131 252 250
1883 2 60
1884 1 420 106 333
1885 1 138
1886 2 227
1887 1 51 246 316
1888 2 9 215 247 193 260
1889 1 165
1890 2 311 187 233 148 204
1891 2 248 103
1892 1 109 259 142 369 250
1893 2 280 225 489 483 90
1894 2 57
1895 2 180
1896 1 164 22 486 28 266
1897 1 361 55 141 222
1898 2 434 106 297 23 134
1899 2 178 10 223
1900 2 462 91
1901 2 415
1902 1 45 334 11 433 479
1903 1 22 444 160 321 157
1904 2 241 356 315 270
1905 2 450 468 190
1906 2 181 390 6 489
1907 1 437 208 19 497 284
1908 1 110 56 39
1909 2 327
1910 2 368 429 410 350 415
1911 1 163 15 95
1912 2 233 39 499 435 173
1913 1 110 158 105 296 381
1914 2 173 92 94 26
1915 2 36 276 473 196
1916 1 261
1917 2 423
1918 1 181
1919 2 354 215 72 80
1920 2 483
1921 2 37 227
1922 2 427 438 400
1923 1 176 272
1924 1 215 11 143
1925 2 374 1 79 416 404
1926 1 376
1927 1 463 290 332 219
1928 1 214 431
1929 2 402 46
1930 1 449 275
1931 1 278 291
1932 2 148 156 37 207 334
1933 2 283 111
1934 1 165
1935 2 124 329 181 9
1936 1 450 475 413 466 391
1937 2 33 401 149 73 315
1938 2 239
1939 1 451 186 385
1940 1 333 270 210 108
1941 2 482 348 48 113
1942 2 439 373 386 144
1943 1 424 404 461 79
1944 2 269 256 461
1945 1 383 358 420 177 386
1946 2 225
1947 1 158 207
1948 2 493 285 33 35 364
1949 2 481 45 135 325
1950 1 158 310 142 248 107
1951 1 416 384
1952 1 248
1953 1 161 315
1954 1 156 289
1955 1 468 367 222 128 461
1956 1 239 407
1957 2 227
1958 2 260 372 490 52
1959 1 67
1960 2 332 147 494 427 3
1961 2 316
1962 2 141 404 44 167
1963 2 156 334
1964 1 233 162 269 29
1965 1 79 179 460 333
1966 2 313 455 447
1967 1 204 333 181 478 493
1968 1 10 487 77 81
1969 2 8 458 214 25
1970 2 280 64
1971 1 64 217
1972 2 130
1973 1 285 11
1974 1 105 279 266 161
1975 1 454
1976 2 462 130 273 365 98
1977 2 371 91 439 180
1978 1 202 254 274 250 16
1979 2 110
1980 2 361 389
1981 1 250
1982 1 350 220 334 495 67
1983 1 101 422 8 327 71
1984 1 164 154 276 279
1985 1 253 410 463
1986 2 144 67 316 350
1987 1 116 130 273 481 128
1988 2 191 55 258 486 213
1989 1 254
1990 1 180
1991 1 476 324 182 330
1992 1 195 303
1993 1 239
1994 1 222 377
1995 2 212
1996 1 81 487 402 439
1997 2 434 155
1998 1 214 302 361
1999 1 94 240 58 91
2000 2 62 268 58 334 180
2001 2 306 118 406 231 241
2002 1 97 368 337 279 198
2003 2 198 163 131 169 437
2004 1 279 393 288 178 104
2005 1 390 178 68 400 335
2006 1 426 245 255 492
2007 1 468 398
2008 1 342
2009 2 430
2010 1 348
2011 2 465 263 95
2012 2 321
2013 1 222
2014 1 22
2015 2 200
2016 2 188 19 380 226 493
2017 2 306 315 186 225
2018 1 284 31 161 478
2019 1 324 124 388 291
2020 2 416 96 294 245
2021 1 196 327 61 16 450
2022 2 144
2023 1 105 211 495 491
2024 1 39 450
2025 2 12 64 298 363 128
2026 1 170 406
2027 1 204 249 236
2028 2 486 352
2029 1 225
2030 2 11
2031 1 379 60 484 79 493
2032 1 399 17 195 369 450
2033 2 312
2034 1 291 129 49 259
2035 2 249 357 319 112 498
2036 2 322 306
2037 1 433 312 126
2038 1 407 53
2039 2 395 494 306 345 436
2040 2 455 156 323 368 270
2041 1 72 199 487
2042 1 318
2043 1 159 145
2044 2 398 333 166 141
2045 1 172 406
2046 1 77 322
2047 1 293 81
2048 2 443 8 161
2049 1 169 252 437 452
2050 2 353 254 283 245 49
2051 2 460 302 62 67
2052 1 51 64 133 312
2053 2 14
2054 2 434 361 278 133 297
2055 2 500 209 165
2056 1 87 325 289 190 113
2057 2 50 330 378 268
2058 1 380 296 116
2059 2 407 64 91
2060 2 465 200 410
2061 1 399 271
2062 2 423 201
2063 1 367 237 360
2064 1 270 395 165
2065 2 234 367 441 452 52
2066 1 340 242 343 169
2067 1 420 486 129 23
2068 1 90 276 112 227
2069 1 452 411
2070 2 171 339 14
2071 1 264 234 241 54 499
2072 2 338 465
2073 2 326 117 408 301
2074 2 496 268 375 290
2075 2 63 448 157 270 439
2076 1 211
2077 2 132 461
2078 2 457 350 206 451
2079 1 25
2080 2 390 247 36 39
2081 1 44 487
2082 1 158
2083 1 288 167 257
2084 2 82 426
2085 1 386
2086 2 60 384 426 374
2087 1 134 282 189 374
2088 2 37 340 12
2089 2 399 112
2090 2 366 347 467 38 235
2091 1 277 301 341 368 343
2092 1 188 313 323 342
2093 2 39 381 86 433 121
2094 1 375 231 430 261 365
2095 1 450 237
2096 2 35 449 212 314
2097 1 115 83 493 414
2098 1 148 360
2099 1 40 450 139 183
2100 2 429 473 360 354 40
2101 1 442
2102 1 61 121
2103 1 371
2104 1 494 228 448 325
2105 2 220 407 203
2106 2 470 405 277 427 381
2107 1 268 209 27
2108 1 121
2109 1 158 246 222 8 54
2110 1 428 200 115
2111 2 56 181 391 385
2112 2 466 268 264 469
2113 2 55 434
2114 1 59 50 184
2115 2 482 420 60 430
2116 2 140 397 105 213 292
2117 1 375 419 97
2118 2 132
2119 1 299 428 313 423
2120 1 441 156 422
2121 1 317 38 50 23 492
2122 1 212 77 435
2123 1 147
2124 1 254
2125 1 84 4 46 147 460
2126 1 379 422 299
2127 1 482 417 256 126 222
2128 2 332 396 68 389 129
2129 2 324 498 239
2130 1 185 381 232
2131 1 343 116 276 470 349
2132 1 287 175
2133 1 163 10
2134 2 225 290 51 213 375
2135 1 253 54 71 453 277
2136 2 96 202
2137 1 227 287
2138 2 321 418
2139 2 151 106
2140 1 399 352 1 166
2141 1 12 393 343 2 44
2142 1 381
2143 2 386
2144 1 20 291 408 223
2145 1 493
2146 1 364 164 336 2 83
2147 2 272 294
2148 1 88
2149 1 365
2150 2 271 366 341
2151 2 157 57 284 132 62
2152 1 200 484 495
2153 2 489 355 340 139 457
2154 1 407 343 414 236 66
2155 2 353 202
2156 2 421 137 371
2157 2 430 368 289
2158 2 7 324 294 446
2159 2 68
2160 1 192 380 435 403
2161 2 53
2162 2 461 311 436 308 131
2163 1 224 149 82 354 472
2164 2 11 205 388 415 424
2165 2 57
2166 2 339 368 61
2167 2 499 94
2168 2 203 331 470 285
2169 1 321 278 108 128 441
2170 2 214 234
2171 2 467
2172 2 391 193 184 307 499
2173 2 52 105 31 44 473
2174 2 293
2175 2 396 129
2176 2 353 36 96 199
2177 2 403 459 256 334
2178 2 183 29 485
2179 1 175 336 404 182
2180 2 302 159 416 339 269
2181 1 325 52
2182 1 222 283 192
2183 1 59 240 42 321 308
2184 1 317 127 307 297
2185 1 438 421 182
2186 1 166 217 284 179
2187 1 385 424 261 148 200
2188 2 323 481
2189 1 58 128 393 313
2190 2 64 292 460 151 452
2191 1 73
2192 1 242
2193 1 218 470
2194 2 209 419 75 256
2195 2 1
2196 2 29 136 179
2197 2 210 441 108 182 293
2198 1 340 146 7
2199 2 178
2200 2 36 476
2201 2 446 52 78 280 185
2202 2 372 462 83 31
2203 2 31 437 453
2204 1 191
2205 1 325 284 237 263 485
2206 2 429 317 393
2207 1 65 492 260
2208 2 107 232
2209 2 10 125 161 499
2210 1 434 223 45 139 96
2211 2 469 91
2212 2 264 173 94 87
2213 2 437 290 461 393
2214 1 299 236
2215 1 397 404
2216 2 239
2217 1 335 371
2218 1 13 284 475 97
2219 2 375 209
2220 2 220 496
2221 2 73 253 217 233
2222 1 462 476 111
2223 2 7
2224 1 283
2225 2 165 62
2226 2 69 175 413
2227 1 240 318
2228 1 221 201 280 126
2229 1 16 39
2230 2 4 166 88 47 463
2231 1 146 373
2232 2 485 144 116 460
2233 2 79 137 280
2234 1 416 87 238
2235 2 218 130 269 143
2236 2 112 64
2237 1 267 87 71 8 474
2238 1 60 363 63
2239 2 450 381 95 451
2240 1 405 246 348 220 429
2241 2 388 134
2242 2 398 463 363 379
2243 2 412 256
2244 1 105 306 88
2245 2 445
2246 2 221
2247 1 138 364 489
2248 2 291 181 403
2249 2 150 441 206 260
2250 1 229 364
2251 2 35 13 299 261
2252 1 169 261
2253 2 315 327
2254 1 332 407 400 203
2255 2 205 368 405
2256 1 253 216
2257 2 176
2258 2 405 240 419
2259 1 337 262 142
2260 1 4 275
2261 1 403 75 366 316
2262 1 324
2263 1 306 116 150 375
2264 2 382 258 349 385
2265 1 452
2266 1 334 185 136 316
2267 1 288 75 434 469
2268 2 107 278 261 196
2269 1 351 127
2270 1 115 419 150 143
2271 1 442 49
2272 2 248 335 90 241
2273 1 56 276 16 28
2274 2 223 299 177
2275 1 245 425 68 259 310
2276 1 477 114 393
2277 1 20 129 13 310
2278 2 177
2279 2 497 158
2280 1 493
2281 1 212 92 332
2282 2 199 209
2283 1 164 34
2284 1 330 391
2285 1 454
2286 1 178 23 86 450 314
2287 1 440 129
2288 2 156 234 112 41 397
2289 1 81 474
2290 1 63 320 412 360 82
2291 2 377 355
2292 1 28
2293 2 328 492 153
2294 2 298 451
2295 2 280 136
2296 2 254 291
2297 1 167 437
2298 2 440
2299 2 250 325 82 460
2300 2 475 244 335
2301 1 219 185
2302 2 397 359 417
2303 2 181
2304 1 140 208 174 422 259
2305 1 321 314 433 341
2306 2 95 337 422 426
2307 1 291 500 71
2308 2 392
2309 1 118 188 359 334
2310 1 71 8 266 415 241
2311 2 196
2312 2 299 214
2313 1 411 447 331 364 108
2314 2 310 236 139 18 124
2315 2 190 352
2316 2 244 276 19 211 236
2317 2 79 374 40 485
2318 2 430 15 378 130
2319 2 225 51 123 416
2320 1 450
2321 2 403 486
2322 2 211 446 456 208 412
2323 1 21 138 484
2324 2 297 376
2325 2 206 404 338 475 175
2326 1 201 313 219
2327 2 201 278 183 452
2328 1 244 134 19
2329 2 457 452 42 340 57
2330 2 56 96
2331 1 46 30
2332 1 388 373
2333 2 172
2334 1 331 44
2335 1 453 31 325 204 330
2336 2 312 57
2337 2 243
2338 1 459 229 108 378 101
2339 2 224 460 96 13 157
2340 2 183
2341 1 469 395 300
2342 1 306 119 305 281 442
2343 2 29 315 126 463 453
2344 1 130 28 495 158
2345 2 369
2346 1 326 123 379 287
2347 1 33 250 148 384 153
2348 1 402 53 197
2349 2 96 239 480
2350 1 198
2351 1 234 386
2352 1 227 119 245 55 393
2353 2 424
2354 2 25 52 377 149
2355 1 433
2356 1 354 292 318 118
2357 2 73 343 466 28 357
2358 1 52 40 368 206 98
2359 2 196
2360 2 340 93 357 378
2361 1 119 446
2362 2 61 237 365
2363 2 217 360 353 277 473
2364 2 20 251
2365 1 267 151 261 20 346
2366 2 480
2367 1 257 299
2368 1 254 300 238
2369 1 39
2370 2 188 415 219
2371 2 431
2372 1 368 1 189 139 228
2373 2 34 67 7
2374 2 43 139
2375 2 300 253 294
2376 2 93
2377 1 211 83 314 172
2378 1 312 248 322 264
2379 1 6 386 381
2380 2 334
2381 2 70
2382 2 219 129 182 40 261
2383 2 286 211 366 184
2384 1 124 35
2385 2 56 9
2386 2 430 258
2387 1 186 436 297 212 313
2388 2 82 17 208 29
2389 1 357 249
2390 1 279 477 259 458 450
2391 1 85 400 448 205
2392 1 378 99 94 420
2393 2 386 138
2394 1 257 107 317
2395 2 303 334 315
2396 1 394 172 405 488 323
2397 2 161 262 490
2398 2 156 18 366 469
2399 2 124 447
2400 2 123 268 53
2401 1 50
2402 1 307 482 298 394 160
2403 2 241 27 369 104
2404 2 264 409
2405 2 263 96 223
2406 2 89 53
2407 2 37 273 239
2408 2 13
2409 1 433 454 119
2410 2 314 189
2411 2 207 395 51 158
2412 2 433 500 20 140
2413 2 99 479 152
2414 1 335
2415 1 487 416
2416 2 243 347 35 407 160
2417 2 384 442 203
2418 2 441 484
2419 2 179 331 470 76 152
2420 1 281
2421 1 73
2422 1 394 21 488
2423 2 54 408
2424 2 461 249 187 259
2425 2 258
2426 1 48 496 3 176
2427 1 294 24
2428 2 470 485 312 75
2429 2 243 122
2430 2 325 250 419 49
2431 2 428 177 302 353 155
2432 2 173 362 495
2433 1 265
2434 1 282 216 27 249
2435 2 304 94 499
2436 1 232
2437 1 462
2438 1 22 118 484 100 480
2439 2 475 107 303 375
2440 2 343 253
2441 1 2 470 150 181 62
2442 1 200 372 345 389
2443 2 9 49
2444 2 224 91 313
2445 2 251 79
2446 2 189 23 61 224 111
2447 2 176 415 270
2448 2 315 158 222
2449 2 338 363 307 412
2450 1 282 466 359 309
2451 2 4
2452 2 390 429 346 160 311
2453 2 367
2454 2 334 248
2455 1 258 495 415 496
2456 1 440 92 475 38
2457 1 229 226 93
2458 1 64
2459 1 403 333 327 418 351
2460 2 495 478
2461 2 67 169
2462 2 127 391 486 429
2463 1 183 389 157 90 122
2464 1 112 182 162 370
2465 1 460
2466 2 361
2467 2 486 181 188 219 248
2468 1 285 50
2469 2 125
2470 2 44
2471 1 425
2472 2 306 9
2473 1 352
2474 2 445 486
2475 2 331 233 323 489
2476 1 325 64 256 335
2477 1 263 235 340 287
2478 1 256 485 18 229 180
2479 2 362 163 56
2480 2 60 368 270
2481 2 216 251
2482 2 362 166 276 441 397
2483 2 374 275
2484 1 248 259 82 377
2485 1 23
2486 1 368 46 408 207 109
2487 1 171 88
2488 1 151 385 287
2489 2 496 182 334
2490 2 365 70 24 313
2491 1 22 443 152 410 11
2492 2 236 360 95 21
2493 1 488
2494 1 401 189 468 396
2495 2 154 159
2496 1 210 294 21 430 34
2497 1 255
2498 1 421 218 420 446 279
2499 1 129 14 304 237
2500 1 339 1
2501 2 499 380 263 195
2502 1 191 477 51
2503 1 458 295 259 141
2504 1 320 339 454
2505 1 286 331 437 294
2506 2 57 174
2507 1 392
2508 1 198 429
2509 2 139 158
2510 1 472 383 318
2511 2 396 11 469 152 387
2512 2 250 425 74 26 185
2513 1 208 215 187
2514 1 401
2515 1 37 2
2516 2 478 363 495 202
2517 1 89
2518 2 314
2519 1 126 210 470 49
2520 2 364 482 431 178
2521 1 447
2522 2 292 272
2523 1 256 99
2524 1 138 370 429 311
2525 2 456 204 277
2526 2 275 34 452 127
2527 2 380
2528 2 423
2529 2 293 163 421
2530 2 127 67 316 191 110
2531 1 231 135 47 365 444
2532 2 4 90 214
2533 1 139
2534 2 179 247 265 311 365
2535 2 339 433 310
2536 1 365 107
2537 1 43
2538 2 206 155
2539 1 298 498 185 469
2540 1 214 448 76 37
2541 1 386 389 180 200
2542 2 493 447
2543 1 426 472
2544 2 363 229 296 311
2545 2 330 361
2546 1 216 404 152 182
2547 1 346 441 193 435
2548 2 178 499 264 66
2549 1 346 448 49
2550 2 6
2551 1 164
2552 1 307
2553 2 49 71
2554 2 305 51
2555 2 141 366 106 173 196
2556 1 101 291
2557 1 343 365
2558 2 296 49 286 327 199
2559 2 454
2560 1 461 434
2561 2 418 335 334 333 116
2562 1 345
2563 2 261 4
2564 2 49
2565 2 341 235 72 321 128
2566 1 27 25
2567 1 247 422 96
2568 2 79 76 447 197
2569 2 354 478
2570 1 167 467
2571 1 180 73 266 38
2572 1 79 65 181 480
2573 1 228
2574 2 433 157
2575 1 283 68 313
2576 1 360 48
2577 1 334
2578 2 424 305 14 121 414
2579 2 466
2580 2 113
2581 1 326 351 383
2582 2 412
2583 1 223 293 409
2584 1 166 391 129 271 370
2585 2 54 143
2586 1 210 238 344
2587 2 62
2588 2 34 376 66 124
2589 1 414 134
2590 2 274 378 270 163
2591 2 121
2592 2 151 435 478
2593 1 128
2594 2 471 65 332
2595 1 348
2596 1 365 396 166 14
2597 2 432 307 35 403 8
2598 1 223 352 11 38
2599 2 319 161
2600 1 431 472 349 406 257
2601 2 40 291 199 340
2602 2 328
2603 2 241 29 260 107
2604 1 63
2605 1 45 426
2606 1 129 365 397 223 35
2607 1 24
2608 1 269 218 25 316
2609 1 274 238 190 272
2610 1 11 460
2611 2 26
2612 1 153 403
2613 2 198 386 475 248
2614 1 213 387
2615 2 398 80 477 255 368
2616 1 53 437 476 343 386
2617 1 239 418 184 104 166
2618 2 368 194 250
2619 2 196
2620 2 125 249 47 29 480
2621 1 179 227 103 499
2622 2 143 104 260 322
2623 2 182 236
2624 1 336
2625 2 242 140 206
2626 2 426 302 28 182
2627 2 280 55 187 13
2628 2 112 339 498 301 128
2629 2 252 475 314 22 143
2630 1 169 418 8 445
2631 1 334 446 153
2632 1 102 239 302 139 320
2633 2 8 3 240 142 155
2634 1 361
2635 2 88
2636 2 167 464 209 485 131
2637 1 131
2638 1 249
2639 1 45 197 249 191 100
2640 1 471 467 153
2641 2 426 483 167 281 444
2642 1 286
2643 1 68 160
2644 2 490 393 282
2645 1 457 198 362
2646 2 223
2647 1 291 311 165 371
2648 2 98 212 334 225 190
2649 1 265
2650 2 423 500 129 364
2651 2 155 283 222
2652 2 464 485 35
2653 1 452 424 461
2654 2 235 20 109 485 339
2655 1 393 155
2656 1 499 437 478 133
2657 1 440 339 392 426
2658 2 311 276
2659 1 314 320 379
2660 2 499 155
2661 2 8 203 460
2662 2 414
2663 1 104 392 177 400
2664 2 158 456 235 476
2665 2 251
2666 1 39 119
2667 1 304 284 156 102
2668 2 401 368 176 388 124
2669 1 482
2670 2 234 372 30 394
2671 2 111 99
2672 2 490 260
2673 1 138 44 114
2674 2 422 148 100 390
2675 1 328 317 367
2676 2 69 291 278 23 284
2677 1 420 417
2678 2 208 31 42 229 49
2679 1 59 227 177 133
2680 1 224 390 257 346
2681 1 228 368 335 119 182
2682 2 45 128
2683 2 46 114 316 229 341
2684 2 48 305 180 95 153
2685 2 266 293 74 10
2686 1 69
2687 2 436 431 461 17 421
2688 1 232 161
2689 2 57 170 178 172 176
2690 1 278 269 302 84 445
2691 1 434 440
2692 1 278
2693 2 59 415
2694 2 127 468
2695 1 47
2696 2 306 412 279 205
2697 2 247 363 246 156 20
2698 1 204 409 421 465
2699 2 162
2700 2 304 69
2701 2 408
2702 1 396 175 60 44 462
2703 2 12
2704 1 238 40 412 50
2705 2 237 406 131 234
2706 2 308 72 325
2707 2 151 73 428 27 462
2708 1 4 468 187 430
2709 1 46 143 432
2710 2 271 344 146 489
2711 1 10 147 19 314 254
2712 1 337 445
2713 2 384 178 337
2714 2 134 184 467 127
2715 2 78 221
2716 2 7 138 405
2717 2 260 362
2718 2 80 361 96 199 26
2719 1 359 103 399
2720 2 39 453 283 400 170
2721 2 292 399 323
2722 1 498 300
2723 1 10 227 440 346
2724 2 125
2725 1 32
2726 1 34 468 328 116 58
2727 2 170 490
2728 1 419
2729 2 103 367 157
2730 1 6 124 428 281 392
2731 2 422 455
2732 1 369 73 200 352 187
2733 2 285 408 365 153 414
2734 1 83 68 358 375 491
2735 2 140
2736 2 420 311 370
2737 1 439 444 153
2738 1 182 168 337 231 268
2739 1 414 409 318 214
2740 2 197 377 452
2741 2 218
2742 1 84 315 179 94 392
2743 2 179 489 473
2744 1 190 108 118 332 192
2745 1 398 139
2746 1 149 482
2747 1 172 336 483 423 427
2748 2 468 345 333 380 16
2749 2 303 12 462 450
2750 1 274 344 189 424
2751 2 470 239 146 328
2752 1 193 9 131
2753 2 437 113 333 103 283
2754 2 108 11 51 280
2755 1 229
2756 2 263 122 2 86
2757 1 183 103 155
2758 2 449 28 446
2759 1 54 448 78 143
2760 2 296 237 439 165
2761 1 194 177
2762 2 246 288
2763 2 16 499 166 105
2764 2 267 352
2765 1 313 4 465 115
2766 1 175
2767 2 460 153 151 13
2768 2 462 41
2769 1 179
2770 2 3
2771 1 74 470 381 128 171
2772 1 58 342 210 290
2773 1 429 439 386 397
2774 1 42 487
2775 1 247 208 66 175
2776 2 429 237
2777 1 340 455 130
2778 1 469 178 484
2779 2 102
2780 2 158 349 490 185
2781 1 197
2782 1 450
2783 1 136 445
2784 2 491 449 306 255
2785 2 228
2786 1 96 254
2787 2 328 481 224 200 195
2788 2 251 443 52 350
2789 1 372 490
2790 2 335 180
2791 1 322 363
2792 1 276 134 53
2793 2 319
2794 1 38 376 39 174 158
2795 2 200 455
2796 1 214 416 354 466 341
2797 1 296 450 358 107
2798 1 118 135 47
2799 1 190 298
2800 2 380 194 386
2801 2 113 401 357 15
2802 1 26 86 494 480 1
2803 1 458 364 23
2804 1 262 82 194 428
2805 2 106 430 304 22 249
2806 1 337
2807 1 493 154
2808 1 101
2809 1 176 94 88 178
2810 1 445 119 237 151 291
2811 1 104 489 188
2812 2 496 473 77 56 386
2813 1 151
2814 2 333 436 221 76 269
2815 2 460
2816 1 284 127 149 15
2817 1 203 345
2818 2 79 373 290
2819 1 89 72 156
2820 2 219 388 26 42
2821 1 100 61 254 481 70
2822 2 239
2823 1 60
2824 2 197 219 184 260
2825 1 125 192
2826 2 232 231 327 380
2827 1 443
2828 1 487 62 86
2829 1 289 447 469
2830 1 408 203 415
2831 1 185
2832 1 348 118 245
2833 1 424 314 119 104
2834 2 8 352 140
2835 2 23 450 369 462 395
2836 1 12 437
2837 1 3 44 163 424
2838 2 275 268 139 249
2839 1 4 161 288 42 411
2840 1 430 62
2841 2 457 402
2842 2 376 473
2843 2 342
2844 2 93 9 249 141 86
2845 1 181
2846 2 14 5
2847 2 448
2848 2 375 482 381 276
2849 1 129 253
2850 2 133 435 431 317
2851 2 299 495
2852 2 122 57
2853 2 184 47 204
2854 2 179 330 285 129
2855 1 159 475 181 320 288
2856 1 217 442
2857 1 198 404 77
2858 1 35 259 286
2859 1 217 320 276
2860 2 24 367
2861 2 151
2862 2 119 447 311
2863 2 86 398 317 359
2864 1 251 301
2865 1 217 24 69 354
2866 2 185
2867 2 133 46 418 426
2868 2 430 18 450 465 71
2869 1 457 484 77
2870 1 59 48 259 289
2871 1 284 311
2872 2 49 191 476 9
2873 1 84
2874 1 143
2875 2 50
2876 2 215 36
2877 1 153 328 174 403 132
2878 2 381 401 466 339 31
2879 2 193
2880 1 420 266 371 482 450
2881 2 247
2882 2 134 207 246 156
2883 1 218
2884 1 327 289 358 176
2885 1 445
2886 1 338 221
2887 1 238 110 430 99
2888 2 65 410 483 389 500
2889 1 35
2890 1 70 444
2891 1 133 25 465 221
2892 1 74 318
2893 2 246 31
2894 1 445 202 57
2895 2 345 81
2896 2 316
2897 1 223 411 109 404
2898 2 52 280 422 84
2899 2 168 370
2900 2 233 484
2901 1 372 358
2902 1 47 484 482 161
2903 1 401
2904 1 244 174 16 495 213
2905 1 283 299 35 382
2906 2 460
2907 1 243
2908 2 387 349 362
2909 1 34
2910 2 169 177
2911 1 142 152 364 92
2912 2 371
2913 2 295 291 218 159 115
2914 2 458 283 127 383
2915 1 308 268 133
2916 2 112 484
2917 1 285
2918 2 180 475 106 371 401
2919 1 476
2920 1 125 333 271
2921 2 419 202 307 128
2922 1 72 80 234 389 98
2923 1 414
2924 2 385
2925 1 37 381 350 337 285
2926 1 378 148 471
2927 1 126 483 110 37
2928 1 206 64 84 150 112
2929 2 136
2930 1 260 32 309 168
2931 2 216 233 248
2932 2 188 214 449
2933 1 232 122 135
2934 2 479 161 170 336
2935 1 470 362 33
2936 2 8 24
2937 1 42 27
2938 2 111 121
2939 2 455 218 196 98 236
2940 1 365 123 326 54
2941 1 499
2942 1 334
2943 2 426 58 232
2944 1 245
2945 2 170
2946 2 200
2947 2 390 173
2948 1 434 299 447 162
2949 1 355 68 321
2950 2 136 151 62 286 125
2951 2 360 233 468 99
2952 1 153 318
2953 1 116 180 86 175 197
2954 2 231 500 469 240 33
2955 2 82 64
2956 1 391
2957 2 120 323
2958 2 347 19 338
2959 1 181 295 453 452 141
2960 2 142
2961 1 448 154 442
2962 2 245 380 448
2963 2 376 377 408 121
2964 1 191 264
2965 2 354 380 322 46 300
2966 1 169 24 201 140
2967 1 41 487 407 438 354
2968 1 460
2969 2 391 367 350 379 45
2970 2 338
2971 1 496 292 380
2972 2 188 64
2973 2 172
2974 2 34 133 330 380
2975 2 335 390 289
2976 1 180
2977 1 130 407 435 89 382
2978 1 486 148 96
2979 1 262 452 126 300
2980 1 350 269
2981 1 466 215 264 362
2982 1 397 228
2983 2 431 350 347 206 487
2984 1 398
2985 1 121 428 430 378
2986 2 376 264 343
2987 2 365 5 96 89
2988 2 68 101 75 252 367
2989 2 145 406
2990 1 347 288 132 142
2991 1 49
2992 1 363 418 387 44
2993 2 250 127 202 375 47
2994 1 242 429 283
2995 1 428
2996 2 270
2997 1 297 123 408 500 101
2998 2 143 93
2999 2 82 77 486 405 491
3000 1 322 24
3001 2 261 321 162 145
3002 1 7 21 313
3003 2 96 298 187 161
3004 1 84
3005 2 390 410 197
3006 1 466
3007 2 252 449 380 374 190
3008 1 317 426 168 338
3009 2 420 121 452
3010 2 396
3011 2 236 400 315 126
3012 1 364 145
3013 1 434 50 280 5 391
3014 2 114 232 395
3015 2 179 220
3016 1 322 414 312 76
3017 1 330 52 291
3018 2 319 354 324
3019 1 5 200 315 189
3020 2 456 156 305 28 440
3021 1 269 134 314 58
3022 2 396 261
3023 2 51 228 190
3024 2 148 500
3025 2 101 95 172 33 250
3026 2 49 215
3027 2 300 257
3028 2 432 308 29 449 21
3029 2 230 354 148 154
3030 1 110 134 28 438 396
3031 2 483 416 471 149
3032 2 487
3033 2 377 492 144
3034 2 243 284 38 213
3035 1 199
3036 2 244
3037 1 279 379 391
3038 1 87 172
3039 2 155 148
3040 2 283
3041 2 425
3042 1 97 321 134 108
3043 1 67 142 383 315
3044 2 436 54 78
3045 1 275 293 324 397
3046 1 96
3047 1 160 376 306
3048 2 5 490 193
3049 1 81 431 108 24 109
3050 2 200 34 92 326
3051 2 220 167 152 436
3052 2 38 208 201 332
3053 1 16
3054 2 144
3055 1 360 379 210 299
3056 2 174
3057 1 274 122 321 49
3058 2 131 432 326
3059 2 18
3060 2 460 156
3061 1 343
3062 2 307
3063 1 454 253 243
3064 1 472 69 278
3065 2 347 51
3066 1 415 330 429
3067 1 5 391
3068 2 225 35
3069 2 217
3070 2 77 343 123
3071 1 333
3072 1 250 338
3073 2 338 447 412 344 260
3074 1 145 192 17
3075 2 340 288 17 272 30
3076 2 326
3077 2 347
3078 2 6 454 435 250 227
3079 2 71 275 82 119
3080 2 457
3081 1 203 390 426
3082 2 212 194
3083 2 163 184 64 146
3084 1 482 312
3085 1 9
3086 2 68 92
3087 1 295
3088 2 76 329 73 67 449
3089 1 158 210 255 254
3090 2 242 478
3091 1 355 245
3092 1 106 426 270 10 297
3093 2 399 33 155 345 96
3094 2 323 209 127
3095 2 109
3096 2 319 441 84
3097 1 419 492 201 216 436
3098 2 443 174
3099 2 499 414 196
3100 1 440 278 422 340 273
3101 2 454 380 272
3102 1 410 43 116 395 413
3103 2 84 206 267 417 204
3104 1 280 328 240 152 263
3105 2 278 340 312 276 344
3106 1 435 181 242 136 78
3107 2 330 464 184
3108 2 473
3109 1 139 138 212 282
3110 2 162 213 165 325 134
3111 2 202 425 5 183
3112 2 100 133
3113 1 93 73 344 437 429
3114 2 166 23 413 333
3115 1 1
3116 2 334
3117 2 135
3118 1 328 240 304
3119 2 107 37 175 51 412
3120 1 433 57 238 454
3121 2 142 362
3122 2 131 344 436 156 93
3123 2 374 207 87 224 498
3124 2 293 315
3125 1 479 173 314 238 437
3126 1 431 149 105 240 288
3127 1 130
3128 1 114
3129 1 309 310 377 333 98
3130 2 258 356 174 421
3131 2 429 470 438
3132 1 85 451
3133 2 301
3134 2 492
3135 2 152 498
3136 1 285
3137 2 347 278 445 283
3138 2 482 270 310 110 195
3139 1 299
3140 2 188
3141 2 359 292 33
3142 2 361 173
3143 2 243
3144 1 253 233 159 79
3145 2 342 414 244 53 206
3146 2 303 233 194
3147 2 273 295 169 368
3148 2 398 10 261 218
3149 2 363 309 76
3150 1 165 75 117 116 17
3151 1 259 249
3152 2 356 444 488 435
3153 2 471
3154 1 263
3155 1 1 346 351
3156 2 437
3157 2 290
3158 2 97 79
3159 1 159 302 63 93 482
3160 2 88 206 443 167 62
3161 1 176 150 166 301 366
3162 2 424 73
3163 2 500 178
3164 1 430 112 94
3165 1 32
3166 2 132 170 360 174
3167 1 412 491
3168 2 309 60
3169 2 268 39 17
3170 1 281 223 411 52
3171 1 179 209 162 413 175
3172 2 298 192
3173 1 395 361
3174 2 246 441 261 26 459
3175 2 411 380 288 326 274
3176 2 164 290
3177 2 274
3178 1 415 30 372
3179 2 375
3180 1 46 279 58
3181 2 54 182 38 432
3182 1 144 267
3183 2 214 327 101 140
3184 1 435 87
3185 2 401 96 23 380 465
3186 2 28 359 409
3187 2 373 447
3188 2 462 318
3189 2 333 403 128 405 398
3190 1 205
3191 2 277
3192 1 387
3193 1 303 187 494 244
3194 1 297 144 27 272
3195 2 343 299
3196 1 80 332 387
3197 2 150 361
3198 2 437 118 358 71 1
3199 2 70 134 136 396
3200 1 198 378 469
3201 2 138 422 405
3202 2 318 417 99 155
3203 2 171 198
3204 1 220 320 124
3205 2 416 388 265 213 189
3206 1 373 479 149 80
3207 1 66 398 417
3208 1 291 101
3209 1 464 491 348 37 116
3210 1 465 97 121
3211 2 258 180 404
3212 1 491
3213 2 176
3214 1 211 116 395 500 173
3215 1 404 420
3216 1 494 287 149
3217 2 301 478 204 305 408
3218 2 158 484 440
3219 2 479 140 95 432
3220 2 76 450 113 111 368
3221 1 165
3222 1 326 267 278 78 131
3223 2 33 450 11 390 238
3224 1 203 168
3225 2 324 218
3226 1 94
3227 1 52 218 65 241 311
3228 2 8 344 147 466 26
3229 1 441
3230 1 285 406 358
3231 2 412
3232 2 8
3233 2 456
3234 1 26
3235 1 474 471 112 335
3236 2 415 153
3237 2 328 209 207 342 296
3238 2 295 4 224 316 64
3239 1 465 366 420 403
3240 1 271 102
3241 2 59 483 143
3242 1 293 203 306 269 179
3243 1 38
3244 2 439
3245 2 290 62 390
3246 1 480 448 152 61 198
3247 2 155 32 44 269
3248 1 404 13 486 58 287
3249 2 332 133 478 262 432
3250 1 51 80 232 472 85
3251 1 40 488
3252 1 62 139 153 347 190
3253 2 60 197
3254 1 438 383
3255 1 42 332 401
3256 1 366 290 99
3257 1 274 232 30
3258 1 273 319 290 494 37
3259 1 93 157 453 472
3260 2 351
3261 1 197 204 353 8
3262 2 364 380
3263 2 294 227 258
3264 2 241
3265 1 118 220 339 251
3266 2 48 3
3267 2 209 137 203 380 208
3268 2 124 23 364 325 115
3269 1 387 296 352
3270 2 220 200 486
3271 2 291
3272 2 357 486
3273 1 463 454
3274 2 266 172 310
3275 1 2 351 120 5 425
3276 1 219 236 126
3277 2 18 69 93 263
3278 1 65 180 463
3279 2 407 261 404 331 255
3280 1 168 307 283 35 162
3281 2 359
3282 2 383
3283 2 263 271 176 287 320
3284 1 21 185 479
3285 2 347 468 35 493 60
3286 2 404 470
3287 1 334 230
3288 2 372 160
3289 1 164 3 474 247
3290 1 107 18 237 19 492
3291 1 379 291 20
3292 2 141 393 226
3293 2 100 16
3294 2 351 73 320
3295 2 112
3296 2 13 2 428 407 129
3297 1 419 77
3298 1 386 423
3299 1 390 466 286 278
3300 2 425 310 343
3301 2 393 374
3302 2 295
3303 1 348 196
3304 1 111
3305 1 44
3306 2 333 355 286 468
3307 2 285 355 21
3308 2 201 422 149
3309 2 493 21 354
3310 2 212 228 456 487
3311 2 231 298 297 29 27
3312 2 141 246 226
3313 2 249 5 435 61 319
3314 2 16 399 9 389
3315 1 280
3316 1 468 177 1
3317 1 175
3318 2 51 385 460 491
3319 1 141 22 394
3320 1 424 221 374 141 16
3321 2 45 304 155
3322 2 435 94 278 42 119
3323 2 5 47 56 372 170
3324 2 70 160 249
3325 2 179
3326 2 36 51 8
3327 1 107 315
3328 1 249 352 495 302 402
3329 1 361 71 145 246 261
3330 2 26 376
3331 1 26
3332 1 188 81 373 361 200
3333 1 367 297 405 103
3334 2 353 334 269 254 235
3335 1 48
3336 1 477 104
3337 2 153
3338 1 222 169
3339 2 499 110
3340 1 17 99 239
3341 1 38 476 71 94 97
3342 1 98 142 369 482 334
3343 2 148 259 217
3344 1 346 100 39
3345 2 114 265
3346 1 274 374 256 104
3347 1 124 362 55 349
3348 2 202 322
3349 2 201 66 260
3350 1 187
3351 1 193 310 334 386 467
3352 1 497 271 401 167 226
3353 2 460 234
3354 1 277 300 349 261 71
3355 2 375 280 404
3356 2 100
3357 1 427 406
3358 2 106
3359 1 285 70 141 43 312
3360 1 337 401 264
3361 2 306 456
3362 2 423 319 277 380 434
3363 1 264 50 78
3364 2 19 412 271 193 155
3365 1 470 129
3366 1 461 163 480 30
3367 1 183
3368 2 82
3369 2 450 366 51
3370 2 113 91 210 456 276
3371 1 323 339
3372 2 246 147
3373 1 363 28 214 348 347
3374 2 32
3375 2 196 112 233 379
3376 1 370 82
3377 2 225 283 265
3378 2 151 2 193 172
3379 1 305 490
3380 2 184 420 189
3381 1 20 277 21
3382 1 161 48
3383 2 292
3384 1 119 323 244 332
3385 1 317 306
3386 2 437 358
3387 1 464 127 355 478 387
3388 2 361 84 268 241 198
3389 1 221 281 356 167 62
3390 1 234 40
3391 2 323 248 260
3392 2 209 434 321
3393 1 175
3394 2 181 110 324
3395 1 14 378 473 181 23
3396 2 195 184
3397 1 401 342 190 121 292
3398 2 347 354
3399 2 120 5 231 264 467
3400 2 178 485 439 79 420
3401 2 45 432 420
3402 2 156 471 140 431 484
3403 2 353 114 2 166 162
3404 2 366 161
3405 2 387 464 36 115
3406 2 60
3407 1 266 222 431 252
3408 1 51
3409 1 34 495 99 274 152
3410 1 354 346 249 60 484
3411 1 339
3412 2 470 138
3413 2 134 449 201 439 172
3414 1 23 106 411 222
3415 1 32 76 407 464 140
3416 1 163
3417 2 340 374 241 35
3418 1 292 137 295
3419 2 482 391 146 33
3420 2 395 211 31 59
3421 1 127 485 342 312 426
3422 2 29
3423 1 152
3424 2 419
3425 2 334 74 356
3426 2 174 278 483
3427 1 215
3428 2 193 197 220 405 464
3429 1 397
3430 2 464 421 101
3431 1 464 149 26 59
3432 1 372 5
3433 1 359 47 268 56
3434 1 173 77 462 64
3435 1 428 73 332 212
3436 1 43 183 193
3437 1 436
3438 1 46 182
3439 2 457 462 381 107 330
3440 1 37
3441 1 59 333
3442 2 14 144 380
3443 2 20 69
3444 2 148 195 418 284
3445 2 412 377 445 236
3446 1 314
3447 2 462 223
3448 1 189 86 358 495 328
3449 2 80 189
3450 1 452 21
3451 1 162 332 156 298
3452 1 358 88 272 447
3453 1 149 411 123 160
3454 1 499
3455 1 483 486 222
3456 1 466 56 404 331
3457 2 493 395
3458 1 412
3459 1 152 398 174
3460 1 25
3461 1 182 71 285 358
3462 2 294 101 246 479 60
3463 1 369 274
3464 2 314 178 284 191 388
3465 2 471 331 199 28 124
3466 2 65 213 301 124
3467 2 83 500 224 344
3468 1 196 399 231 364 4
3469 1 71 81
3470 2 205 362 422 283
3471 1 185 113
3472 1 82 406 479
3473 1 215 409 93
3474 2 222 39 34
3475 1 199 208
3476 1 25
3477 2 319 331
3478 1 316 389 215 397 353
3479 1 400 271 294
3480 2 478
3481 1 64
3482 1 211 203 209
3483 2 316 277 255
3484 2 442 319 132
3485 2 157 208 106 242
3486 2 434 498 326 22 465
3487 2 233 468 108
3488 2 462 266 90
3489 1 36 247 371 305
3490 2 451 170 110 57 362
3491 2 482 164 257
3492 2 337 362
3493 1 262 215
3494 2 179 16 366 247 495
3495 1 243 216 160 237 386
3496 1 352 462
3497 1 70 235 454
3498 2 172 355 235 15 482
3499 2 162 213 244 63
3500 1 484 367 376
3501 2 224 92 29
3502 2 298 475 367 262 406
3503 2 489 405 186 226 433
3504 2 55 422 163 453
3505 1 332 354 433
3506 2 192 37
3507 1 333 379 334 259
3508 2 482 50
3509 1 132
3510 2 62 497
3511 2 311 180 67
3512 1 290 32 228
3513 1 133 233 412
3514 2 422 239 82
3515 1 438
3516 2 466 310 491
3517 1 232 24
3518 2 429
3519 2 38 196 94
3520 2 385 239 133 476 416
3521 1 113 114 280
3522 2 276 310 431 65 500
3523 2 268 373 101
3524 1 357 3 69 292
3525 1 151 445
3526 2 289 242
3527 1 79 206
3528 1 81 303 500 438 70
3529 1 16
3530 1 12 218
3531 1 260
3532 1 378 268 322 205
3533 1 300 302 407
3534 1 405 21 236 422
3535 2 240 26
3536 1 45 255
3537 2 493 278
3538 2 326 380
3539 1 21 51
3540 1 255 311 96 127 100
3541 1 396 257
3542 1 238 467 254 181
3543 2 363 263 294 191
3544 1 144 303 314
3545 2 135 396 219
3546 1 139 21
3547 1 105 312 155 216
3548 1 19 375 460 436 21
3549 2 345 39 149
3550 1 467 459 458 297 149
3551 1 188 151
3552 2 493 125
3553 2 189 74 148 342
3554 2 375 38 333
3555 1 331 336 37
3556 2 477 281
3557 2 496 332 70
3558 1 203 77 487 109
3559 2 475 488
3560 2 192 13
3561 2 390 139
3562 2 12
3563 2 374 435
3564 1 207
3565 1 182 179 105 469 435
3566 2 68
3567 1 75 170 177 294 175
3568 1 113 109 110 183 167
3569 2 184
3570 2 72
3571 1 442 480 407
3572 1 152 295 90
3573 1 468 391 48 267 356
3574 1 323 34 236 19
3575 2 313 350
3576 2 360 351
3577 1 59 185 63 4 359
3578 2 227
3579 2 205 482 492 46
3580 1 127
3581 2 119 497 207
3582 2 42 423 431 194 383
3583 1 2 473 72 160 432
3584 1 370 452 117
3585 2 86 112 33 190
3586 1 173 46 279
3587 1 75
3588 1 271 397 207 381
3589 2 384 146
3590 1 460 311 159
3591 1 443 206 299 11
3592 1 371 114
3593 1 217
3594 1 152 104 36 337
3595 1 222 281 75 316
3596 1 20 487 222 87
3597 2 197 434 458
3598 2 84 439 179 203 407
3599 1 388 76 41
3600 1 449 365 113
3601 2 384 406 51
3602 1 300 383 248
3603 2 23 162
3604 1 499 32 249 190
3605 2 388 485 426
3606 1 214 436 390 270 435
3607 2 457 439 132
3608 1 19 115 90 431
3609 1 181
3610 2 15 399
3611 1 60
3612 2 83 288 227 304
3613 2 486 10 451
3614 1 137 487 400 32
3615 2 97 452 124
3616 1 232 88 400 483
3617 2 194 269 491 14
3618 1 444 415 461 130 166
3619 1 70
3620 1 90 458 115
3621 1 51 406 471
3622 2 297 5 469 246 392
3623 1 328
3624 1 438
3625 2 41 410 2
3626 1 278 445
3627 1 412 253 56 8 142
3628 2 119 220 413 250 17
3629 1 481 363 146 69 185
3630 2 88 129 485
3631 2 128 81 480 134 117
3632 1 427 298
3633 1 82 252
3634 2 220
3635 1 113
3636 1 142 462
3637 1 40
3638 2 246 151 328
3639 1 267 346 417 233 238
3640 2 279 490 265
3641 1 500 364
3642 1 121 124 281
3643 1 355
3644 1 4 179
3645 1 273 76
3646 1 500 184 380
3647 2 338 462
3648 2 164 136
3649 1 445
3650 2 211 241 233 170 291
3651 1 314 102
3652 2 450 101 295 385
3653 2 412 269 123
3654 2 484
3655 1 417 496 274 320
3656 1 80 201 59 125 12
3657 1 26 5 10 466 88
3658 2 318 357
3659 2 45 244 91 413
3660 1 293
3661 2 496
3662 2 13 65
3663 1 372 233 53
3664 2 15
3665 2 404
3666 1 208 323 203
3667 2 417 368 192 290
3668 1 35 299 57
3669 2 461 84 240 82
3670 1 332 334 206
3671 1 384 369 389 66 480
3672 2 226 257 66 86 51
3673 2 223 111 165 444 373
3674 1 439
3675 1 151 340 281 140 470
3676 2 383 7 412
3677 1 191 89 462
3678 1 480 359 329 254 2
3679 2 421
3680 2 136
3681 1 250 415
3682 2 190 287 34
3683 1 458 475 15
3684 2 421 368 294 279 93
3685 1 49 343 224 103
3686 2 462 485 367
3687 2 61 438 483 132 317
3688 2 412 426 262 419 209
3689 1 492 317 398 470 192
3690 2 477
3691 2 288 418 143 83 218
3692 2 412 163 167 379 103
3693 2 474 190 175 416
3694 1 128
3695 1 419 318
3696 2 225 272
3697 2 266 53 35
3698 1 209 419
3699 2 35 346 47
3700 1 302 172 28
3701 2 205 310 247 271 421
3702 2 248
3703 2 33 405 361
3704 1 378 69 245 147 431
3705 1 69 18
3706 1 81 217 83 254 401
3707 1 54
3708 1 167 373
3709 1 184 63
3710 2 415 28
3711 2 114 392 390
3712 2 325 297 222
3713 1 267 67
3714 2 311 45 90 317 181
3715 1 44
3716 1 346
3717 1 264 400 471
3718 1 429
3719 1 198
3720 1 251 125 110
3721 2 275
3722 1 455 60 38 97 234
3723 2 274 95 142
3724 2 8
3725 2 286 14
3726 2 106 211 466
3727 1 334 468 141 489
3728 1 54 48 198 397 250
3729 1 364
3730 1 289 25 424
3731 2 180 108 454 270 237
3732 2 358 235 254 48
3733 2 413
3734 2 448 13 482 114 341
3735 2 197 123 149 151 202
3736 2 300 134 65 279 109
3737 2 263
3738 1 174 282 63 495
3739 1 453 325 394 369 429
3740 1 288 453 394 73
3741 1 222 122 376
3742 1 20 193 111
3743 1 38 44 436
3744 1 98 477
3745 1 319 165 65
3746 2 452
3747 1 83 211 414
3748 1 92 43
3749 2 379 186 68
3750 1 416 233
3751 2 107
3752 1 309 79 493 204 456
3753 2 318 93 393 108 409
3754 2 238 168 50
3755 1 142 179 24 412
3756 2 442 119 166 16 199
3757 2 422
3758 1 243 381
3759 2 175 439 264 25
3760 1 307
3761 2 275 95 118 491 212
3762 2 353 165 46 41 311
3763 2 486 112 46
3764 1 351 26
3765 2 5
3766 2 184 150 280 456 445
3767 1 250 428 216 202 11
3768 1 199 12 347
3769 1 352
3770 2 316
3771 1 374 278
3772 1 148 115 235 471
3773 1 49 251
3774 2 205 69 273 100 180
3775 2 424 33 281 450 392
3776 2 418
3777 1 245 422 27 266 336
3778 1 319 468 134 4
3779 2 115
3780 1 378 158 430 471 225
3781 1 366 453 349
3782 2 319 262 200 185 373
3783 2 361 220
3784 1 238 328 305
3785 1 394 346 3
3786 2 449 486 253 461 89
3787 2 15 194 227 355
3788 2 369 41 157 90
3789 2 478 296 75 127 224
3790 1 203 297 146 25
3791 2 438 252 368 37
3792 1 397 170
3793 2 361 288
3794 1 423
3795 1 358 371 148 47
3796 1 302
3797 2 251 273 169
3798 2 17 284 242 194 185
3799 1 460
3800 1 413 324 437
3801 1 262 256 379
3802 1 308 184 499 167
3803 1 309 49
3804 2 312
3805 1 23 121 496
3806 1 306 252
3807 2 332
3808 2 497 29
3809 1 411 98 243
3810 2 13 325 147 171 477
3811 1 13 387 366 93 233
3812 2 175 358 455
3813 2 465 39
3814 2 271 6 33
3815 1 12 487 24 208
3816 1 378 62 129 248
3817 2 349 497 350 20 90
3818 1 152 107 34
3819 1 401 247 278 464
3820 2 265 174 185
3821 2 405 490 41 16
3822 2 125 335
3823 2 475 87 360 172 279
3824 1 181 7 485 185
3825 2 419 207 208
3826 1 15 187 487 215 2
3827 1 258 63
3828 1 405 220
3829 2 316 172 227 15
3830 1 290
3831 2 427 489 398
3832 1 392 245
3833 1 267 160
3834 1 167 330 20
3835 2 206 416 171
3836 2 213 278
3837 2 124 157 394 21
3838 1 184
3839 1 131 406
3840 2 434 493 290 35
3841 2 28 423 455 175
3842 1 344 41 151
3843 1 349 316 280 30
3844 1 480
3845 2 29 88 413
3846 1 367
3847 2 175 476 99 419
3848 1 158 353
3849 2 37
3850 2 498 331 85 463
3851 1 245
3852 1 209 444
3853 2 287 25 218 286 241
3854 2 41 116 235 193
3855 1 211
3856 1 215
3857 2 437 86
3858 1 386 206 371 38
3859 2 157 269 75 71
3860 2 462 202 13 290
3861 2 143
3862 2 337 195
3863 2 405 133 214
3864 2 194
3865 2 487 198 323
3866 2 468 75
3867 2 464 185 53 20 155
3868 2 341
3869 1 481 439 56 312 398
3870 2 26 162 373 128
3871 1 202 346 314 419 258
3872 1 269 456 279
3873 1 195
3874 2 438 422
3875 1 275 414 312
3876 2 243 291 261 334
3877 1 370 444 488 313
3878 2 469 488 464 344
3879 1 406 115 204
3880 2 98 414 407 83
3881 2 176 392 65 330
3882 2 319 281
3883 1 477 213
3884 2 30 490 267
3885 1 326
3886 2 217 111 155
3887 1 196 469 81
3888 2 277 457 485
3889 2 115 341 1 56 297
3890 1 264 54 287
3891 1 36
3892 1 500 346
3893 2 398 351
3894 2 450 238 25 240
3895 1 354 38 81
3896 1 265 30 308
3897 1 408 261 436
3898 1 15
3899 2 439 437 39 473 452
3900 1 338 227
3901 1 435 50 30 226 12
3902 1 344 316 194
3903 1 218 211
3904 1 424 356 464 355
3905 2 103 8 429
3906 2 193 384
3907 2 313 428 186 142
3908 1 215 340
3909 2 402 409 4
3910 1 270
3911 1 402 184 80
3912 1 295 244 492 55
3913 1 321 438
3914 2 221 394 44 80
3915 2 213 166 115 10
3916 1 299 94 263 346 7
3917 1 367
3918 2 417
3919 2 283 312 66 89
3920 1 233
3921 2 39
3922 1 78 90 458 100
3923 2 500 420 193 183 266
3924 2 247 19 182 212
3925 2 236
3926 2 235 2 155 17
3927 1 229 242
3928 1 61
3929 1 371
3930 2 401 294 89
3931 2 80 7 493
3932 1 488 379
3933 1 406 47
3934 1 233
3935 2 192 13 272
3936 2 141 364
3937 1 60 184 318 414 444
3938 1 339 446
3939 1 494 163 393
3940 2 79 96 50 421
3941 2 453
3942 2 244 222
3943 2 33 219 247 447
3944 2 366 247 114 166
3945 1 317 451
3946 2 214 17 236
3947 2 409 194 452 101 94
3948 1 416
3949 2 105 82 36 415
3950 2 499
3951 2 172
3952 2 185
3953 2 95 172 214 146 495
3954 1 336
3955 1 418
3956 2 305 277
3957 2 134 399 462
3958 1 210 260 173
3959 2 435 459 150
3960 1 166 266 280 209
3961 2 95
3962 2 363
3963 2 478 241 99
3964 2 484 286 280
3965 1 177 89 193
3966 2 247
3967 2 343 247 144
3968 2 459 131 405 90 325
3969 1 16
3970 1 396 316
3971 2 181 44 69
3972 1 1 27
3973 2 70 368 397 116 400
3974 1 174 103 430 276 53
3975 1 328 496
3976 1 78
3977 2 380 228 312
3978 2 291 146 319
3979 2 20 408
3980 1 347 41
3981 1 255
3982 2 495 65 80 424
3983 2 396 109 153 349 325
3984 2 103 66 154 46 287
3985 2 54 103 150 441
3986 2 470 176 387 168
3987 1 263 232 440 227 150
3988 2 254 264
3989 2 171 377 158
3990 1 405 296
3991 2 343 80 236 361
3992 1 320 7
3993 1 176 26 293
3994 1 37 487 213 460 302
3995 2 80 137
3996 1 431
3997 2 77 90 372
3998 2 109
3999 2 435
4000 2 240 280
4001 1 481
4002 2 146 446 23
4003 1 476 372 420
4004 2 20 350 76
4005 2 148 237 411 428
4006 1 123 69 231 314
4007 2 469 332 420 377 157
4008 2 24 12 407 279
4009 1 117 69 264
4010 1 410 114 450
4011 1 386 477 478 72 335
4012 1 393 26 223 180
4013 1 478
4014 1 331
4015 1 116 373 222 20
4016 2 263 77
4017 2 491 408 471 12 38
4018 2 337
4019 2 116 161
4020 1 476 220 241 198 368
4021 2 185 448 27 113 349
4022 1 62 172
4023 1 356 364 383 140 295
4024 1 461 417 272
4025 2 275 305 209 145 458
4026 1 75 295
4027 2 387
4028 1 359 238 453 306 291
4029 2 141 251
4030 1 217 55 265
4031 1 330 51 478 309
4032 2 337
4033 1 3
4034 1 25 12 401 258 316
4035 1 148 357 419 457
4036 1 492
4037 1 10 8
4038 1 340 500 487 42
4039 2 118 40 353 483 324
4040 1 365 452 128 250
4041 1 313 217
4042 2 126 137 315
4043 1 52 331
4044 1 381 282
4045 1 260 64 266 492
4046 1 233
4047 1 57 487 13
4048 2 458
4049 2 260
4050 1 141 369
4051 2 262
4052 2 103 139 195 221 265
4053 1 357 450 312
4054 2 209 240 215 295
4055 1 360
4056 2 317 308 17 5
4057 2 110 455
4058 1 243 10
4059 2 409
4060 2 265 446
4061 2 128 183 439 42 40
4062 2 262 434
4063 2 430
4064 2 102
4065 1 69 429 329
4066 2 437 140 241 143 118
4067 2 257 304 390 393 493
4068 2 87 444 220
4069 2 364
4070 1 488 20
4071 2 174 486 20 85
4072 2 363 323
4073 1 91 25 349
4074 2 306
4075 1 193 354
4076 1 75 51 405 439
4077 1 430 232
4078 2 410 215 426 281
4079 1 310
4080 2 308 71
4081 1 80 451
4082 2 126 89
4083 2 137 160 418 438
4084 1 173 197
4085 1 337 350 436 414
4086 1 239 346 221 394
4087 1 96
4088 1 102 86
4089 2 158
4090 2 270 183 360 461 423
4091 2 247 348 199 445
4092 2 127 21
4093 1 28 222 213 90
4094 1 130 108
4095 1 65 496 33 93
4096 1 407 170 99 475
4097 1 224 198 104 468 116
4098 1 308 211 241
4099 2 120 216 198 7 164
4100 2 45 159 128
4101 2 124 111 427 78
4102 2 131
4103 2 26 383 50 135 181
4104 1 260 468 368
4105 2 24
4106 2 259 328
4107 1 454 151 171 158
4108 2 320 160
4109 1 301 478 157 123 466
4110 1 12 153 349 244
4111 2 445 237 270 246 317
4112 2 354
4113 2 302 240 375
4114 2 460 99 224 107 236
4115 1 498
4116 1 143 400 147
4117 2 206
4118 2 266 285 121 314
4119 2 454
4120 1 274 102 111 123
4121 2 17 307 79
4122 1 280
4123 2 412 487 103 54 322
4124 1 86 371 4
4125 1 490 395
4126 1 304 337
4127 1 272 434
4128 2 81 378 92
4129 2 284 54 157
4130 1 329 139
4131 1 464 189
4132 2 167 329 326 63
4133 1 315
4134 1 409 24 193
4135 2 355
4136 2 429 261 55
4137 1 83 319 85
4138 2 390
4139 1 221 172 412 164
4140 1 216 85 408
4141 2 9 311 145 420 326
4142 2 200 211 26
4143 2 63 244
4144 2 136
4145 2 158 405 156
4146 1 12 97 209
4147 2 498 465
4148 2 256 155 489
4149 2 158 379 39 241
4150 1 77
4151 1 329 231
4152 2 280 79
4153 1 359 306
4154 1 166 257 31 213 236
4155 2 147
4156 1 79 44 423 180
4157 1 336 260 140 129 324
4158 1 395 226
4159 1 232
4160 1 49 10 31 383 412
4161 1 84 484 55 217 354
4162 1 408 75 80 413 194
4163 1 394 483 459 103
4164 2 4
4165 2 115 191
4166 1 298 320
4167 1 476 188
4168 2 495 73 228 238
4169 2 341 371 348 175
4170 1 190 492 132 493 231
4171 2 20 369 130 163
4172 1 227 157 312 99
4173 1 488
4174 2 260
4175 1 188 428 411
4176 2 373 288 326 260
4177 2 6
4178 2 75 358 467 417 52
4179 2 367 104 10 454
4180 2 4 159 227 66 216
4181 1 295 499 495
4182 2 74 492
4183 2 414
4184 2 429 244 61 293 204
4185 2 10 402 366 104 59
4186 1 181 237
4187 1 143 471 182 41
4188 1 130 344 444
4189 1 175 274 177 170
4190 2 341 13 458 306 365
4191 1 386 47 342 440
4192 1 246 82
4193 2 479
4194 1 456 200 236 295
4195 2 4 488 407 370 494
4196 2 17
4197 2 275 270 125
4198 1 272 404 332 318
4199 2 91 433
4200 2 48 183 297
4201 2 227
4202 1 171
4203 2 398 293 31
4204 2 310 449 49 192 168
4205 2 94
4206 1 253 1
4207 2 361 461 21
4208 1 462
4209 1 105 27
4210 2 273 247
4211 1 96 378 40 439 174
4212 1 134 443
4213 1 30
4214 2 269 274 416 212
4215 1 190
4216 2 14 218
4217 2 451
4218 1 71 144 440
4219 2 295 199
4220 1 353 59 28
4221 1 38
4222 2 400 155 181 70
4223 1 423 105 53 42 315
4224 2 58
4225 2 51
4226 1 2
4227 2 289 82 327 126 273
4228 2 17 254
4229 1 175 471 315
4230 2 118
4231 1 42 135 115
4232 2 114 216
4233 2 76 348 214 398
4234 1 340 74 273
4235 1 216 27 344 2
4236 1 9 306 409 73
4237 2 358 288 207 186 167
4238 2 454 226 52 60
4239 1 305
4240 1 426 6
4241 2 61
4242 1 234 131 295
4243 1 487 347 374 24
4244 1 17 285 9
4245 1 34 48
4246 1 265 352
4247 1 133 227 440 68 358
4248 2 485 310
4249 1 103 85 11 377
4250 2 373 405 315
4251 1 80 353
4252 1 394 188 430 400
4253 1 262 292
4254 1 66 438 161
4255 1 70 71
4256 1 273
4257 2 427 477 459 347 306
4258 2 237 480 444 157
4259 2 388 167 292 97
4260 2 113 153
4261 2 322 149
4262 2 478 357 54 137
4263 1 444 442 111 371 436
4264 1 167 241 107 96 417
4265 1 420
4266 2 280 10
4267 1 120 484 184 181 255
4268 2 72 435 381 393 71
4269 1 379 295 8
4270 2 73
4271 1 104
4272 2 251 436 209
4273 1 235 422 44 104 58
4274 2 188 281
4275 2 156 176 254
4276 2 307 131 349 12
4277 1 114
4278 1 15 324 21
4279 1 341 184 64 386
4280 2 94 99
4281 1 233
4282 1 319 151 74 360 490
4283 2 303 8 145 306
4284 1 47 320 103 131
4285 1 455 91 363 20 441
4286 1 225 290
4287 1 203 477 164 72
4288 2 443 376 488 340
4289 1 321 54 201 59 301
4290 1 298 56 82 155 423
4291 2 47 345 428
4292 1 71
4293 2 439 382 352
4294 1 93 308 50 374
4295 1 282 51 206 452
4296 2 241 204 171
4297 1 201
4298 2 408
4299 2 398 478 256
4300 1 190 267 138
4301 1 132
4302 1 201 312 129 410 457
4303 2 361 499 160 119
4304 2 259 490 222 429
4305 1 156 109 210
4306 2 234 168
4307 2 11 370 64 483
4308 1 292 375
4309 2 44 219 380
4310 2 203 209 435
4311 1 360 215 269
4312 1 454 173 49
4313 1 389 71
4314 1 441 42
4315 2 139 427 475
4316 2 47 498 421 166 175
4317 2 103 26
4318 1 49 393 333 327
4319 1 201 318 406 464
4320 2 421 466
4321 1 71 148
4322 2 1 92 237
4323 1 16 411
4324 1 389
4325 1 308 7 161 378 118
4326 2 276 369 221 230
4327 2 157 189 372 366
4328 1 191 8 181 471
4329 2 404
4330 1 276 207 326 399 408
4331 1 102 447 407 117
4332 1 255 413 312
4333 2 122 378 37 174 120
4334 2 375 25 61 464
4335 2 423 34 406 440 419
4336 1 126 182 74 449 359
4337 1 60 205 67
4338 2 469 431 454
4339 2 405 256 322
4340 1 143 172 1
4341 2 485 5 194
4342 1 297 65 77 462
4343 1 278 466
4344 2 163 310 112 278 342
4345 1 286 420 245 48 339
4346 1 70 106
4347 2 215 471
4348 2 483 286 150 490
4349 1 217 351
4350 1 341 139
4351 1 449 333
4352 1 378
4353 2 217 282 25 57 342
4354 2 418 239
4355 1 309 382 84 220 61
4356 2 91 471 34 16 247
4357 1 166
4358 2 119 425 102
4359 1 323 218 369
4360 2 98 146
4361 2 482 444 450 66
4362 1 420 320 183 226
4363 2 238 445
4364 1 107 355 390 304 450
4365 2 251 143 72 340 242
4366 2 40 476 241
4367 1 335 243 280 316 214
4368 2 246 489 11
4369 1 90 474 373 303 455
4370 1 251
4371 2 145 91 467 216
4372 1 11 455 434 78
4373 1 225 413 197
4374 2 495
4375 2 458
4376 2 448 190 260 496 142
4377 1 359 45
4378 1 314 60
4379 2 283 152
4380 2 395 279 218 350 479
4381 1 233
4382 2 499
4383 2 439 346
4384 2 268 298 181
4385 2 55 297 273 190
4386 2 9
4387 1 10 62
4388 1 375 33
4389 2 495 170 74 460
4390 1 392 201 125 491
4391 1 79 479
4392 1 158 342 214 94
4393 2 245 149 74
4394 1 186 58 256 108
4395 1 103 457 279 318
4396 1 243 401 79 266
4397 1 369
4398 2 341 400
4399 1 115 103 303 129 35
4400 2 171 49 451 484
4401 1 301 347
4402 2 99 431 131
4403 2 413 101 469 488
4404 1 74 86 346 386 352
4405 1 263 367 183 496 393
4406 1 17 418 391 435
4407 2 448
4408 2 52 282
4409 2 479 461
4410 2 293 487 260 74
4411 2 358
4412 1 242 291
4413 2 317
4414 1 189 230 103 241
4415 2 222 386 426 424
4416 2 338 478 133
4417 2 342 412
4418 2 158 118 18 108
4419 1 450 59
4420 2 133 281 167
4421 2 403 475 353 182
4422 2 357
4423 1 114 380 251 480
4424 1 252 314
4425 1 44
4426 1 23 4 418
4427 2 464 192 388
4428 1 340 39 496 466 370
4429 2 42 267 477
4430 2 8
4431 1 405 346 77 179
4432 1 399 465 256 271 37
4433 2 453
4434 1 187 255 89
4435 2 479 229 405 30
4436 2 154 119
4437 1 288 106 237
4438 1 324 26 346 257
4439 2 274 250
4440 2 89 171 436 384 253
4441 1 350 380 243 69
4442 2 33
4443 1 404
4444 1 308 220 63
4445 1 385
4446 2 374
4447 1 257 364 349 171
4448 1 467 280 80 396 192
4449 1 334 436 72 51
4450 1 474 70 379 287
4451 1 20 240
4452 2 135 126 81
4453 1 36 389 428 405
4454 2 447
4455 1 404
4456 1 377 59 13 86 450
4457 2 362 213 52 402
4458 1 218 105
4459 2 77 448 19 155 339
4460 2 103 128
4461 1 225 469 50 203
4462 2 392 40 358
4463 1 398 162
4464 1 388 419 253
4465 2 279 314 401 391 338
4466 2 317 415 114
4467 2 300 299 387
4468 2 23 471 385
4469 2 79
4470 1 214 101 46
4471 2 178 405 346 124 311
4472 1 277
4473 2 3 50 168 484 225
4474 1 326 334
4475 1 4 366 199
4476 1 385 141 123 23
4477 1 304 269 201 322 427
4478 1 51 47 99 499
4479 2 75 34 25 257 155
4480 1 461
4481 2 434
4482 1 18 65 479
4483 1 356 170 131
4484 1 310 99 221
4485 1 351 375
4486 1 34 344 12 164 368
4487 1 1 313 72
4488 1 231 163 87 428
4489 1 298 71 206
4490 1 328 227 488 340
4491 1 53 225
4492 2 367 432 435 130
4493 2 122 232 451
4494 2 71
4495 1 231 433 145 34 135
4496 2 459 354 217
4497 2 227 86
4498 2 385 410 413 168 5
4499 2 39
4500 2 311 390
4501 2 135 202
4502 2 370 476 238 362
4503 2 336 116
4504 1 73 15 252
4505 2 422
4506 1 422 476 236 197
4507 2 13
4508 2 185 419 102
4509 2 97
4510 2 462 297 481 159 264
4511 2 329
4512 1 122 232 294 344
4513 1 187 119 302 141
4514 1 492
4515 2 268 408 201
4516 2 71 500 93 84 182
4517 1 319 60 268
4518 2 474 256 436 162
4519 2 102
4520 1 359 220 178
4521 2 130 147 442 88
4522 2 102
4523 1 260 452 406
4524 2 74 317 290 168
4525 1 437 469 396 50 77
4526 1 439 384 181 402 198
4527 1 106
4528 1 45 221 414
4529 1 99 217 475
4530 1 242 42 230
4531 2 441
4532 1 22 419
4533 1 292 453 159 172 402
4534 1 493 3 242
4535 1 206 490
4536 2 58 402 361 319
4537 1 59 376 353 106 141
4538 2 313
4539 2 461
4540 1 401 132 284 356 441
4541 2 356 493 438 71 492
4542 1 309 58 488
4543 1 249
4544 2 16 15
4545 2 458 77
4546 1 316 499
4547 1 431 180 185 36
4548 2 80 462 453 79 164
4549 1 65 410 84 216 449
4550 1 323 461
4551 2 255 405 352
4552 2 34 474 164 125
4553 2 72 10 307 312 32
4554 2 63 428 323 226 285
4555 1 200 239 1
4556 2 474
4557 1 222
4558 1 272 484 230
4559 2 156 332 481 375
4560 2 297 311 176
4561 2 450 307 306 186
4562 1 377 161 240 143
4563 2 7
4564 1 22
4565 1 45 311 344 331
4566 2 188 159
4567 2 421 436 277 392
4568 1 431 317 403 62
4569 2 210 213 1 206
4570 2 411 500 261 248 332
4571 2 398
4572 1 40 35 348 314
4573 1 89 53 429
4574 2 59 244 338 73 326
4575 2 282 465 492
4576 2 113 400 274 232 160
4577 1 124
4578 2 84 181
4579 2 271 366 323 426
4580 1 309 297 248
4581 2 164
4582 2 396 461 215 463 250
4583 1 10 395
4584 1 182 318 472
4585 1 476
4586 2 294 467 367 169
4587 2 138 333 368 416 85
4588 1 268
4589 1 194 286 25 83
4590 2 485 256 414 327
4591 1 395
4592 1 128 123 94
4593 2 412 452
4594 1 474 404
4595 1 165 476 434
4596 1 480 331 1 353
4597 1 160 427 451 332
4598 1 197 141 237
4599 2 466
4600 1 24 126 106
4601 1 263 379 51 424
4602 1 59 114 253 121
4603 1 41 410
4604 1 186
4605 1 296 348 185 437
4606 2 198 447 498 239 23
4607 2 54
4608 1 450 355 367
4609 1 456 323 280 67 232
4610 1 90
4611 2 182 250 467 107
4612 1 334 402 482 151 201
4613 1 466 135 372 461 439
4614 1 79 411
4615 1 472 394 360
4616 1 428 25 104
4617 1 484 314 7 311 99
4618 1 219
4619 1 474 185 244 408
4620 2 456 121 243
4621 1 457 412
4622 1 317 343 241 207
4623 1 383 19 354 352 78
4624 1 178 131 313
4625 2 378 174 438 423 44
4626 2 415
4627 1 293
4628 2 302 204
4629 1 135 324 299 103
4630 2 216 18
4631 1 22 438
4632 1 415 410 235 139
4633 2 101
4634 2 397
4635 1 327 451 189
4636 2 297 128 290 391
4637 2 80
4638 1 421 218 30 104 332
4639 2 54 321 183 399 297
4640 2 414
4641 1 171 421 465
4642 1 463 184
4643 2 239 17 99 162 169
4644 2 285 499 343
4645 1 209 339 432 271
4646 1 196 133 414
4647 2 106
4648 2 416
4649 1 201 288 187
4650 2 435 77 133
4651 1 97 165 189 44 138
4652 2 469 231
4653 2 396 323 81 253 179
4654 2 192 25 201
4655 2 461 94 482 314
4656 1 330 336 394 255 229
4657 2 76 112 103 56 442
4658 1 26 87
4659 1 258 153
4660 2 161 83 11 141 210
4661 2 70
4662 2 43 98 9 39
4663 1 25
4664 1 121
4665 1 253 435 235 136
4666 2 70 261
4667 1 182 458 410
4668 2 26 279 57 5
4669 2 442 464 344
4670 2 363 210 475 99 185
4671 2 66 375
4672 1 370 19
4673 1 259 269 472 180 239
4674 2 314 499 328 213
4675 1 284 383 496
4676 1 423 466 63 246 306
4677 1 488 5 281 89
4678 2 106 51 256
4679 2 278 403 408 121
4680 2 278 68 208
4681 1 162 242 294 455
4682 2 24 400 345 399
4683 1 13 403 413
4684 1 172 338
4685 2 30 175 355
4686 1 102 346 393 80
4687 2 181 473 382 42 485
4688 2 62 123 224
4689 1 227 459 47
4690 1 497 273 254 247 165
4691 1 244 391 113
4692 2 356
4693 1 413 373 164 172
4694 2 206 143 466 408 189
4695 2 295 70 334
4696 2 266 28 432
4697 1 438 493 211 98 468
4698 1 105 304
4699 1 427
4700 1 160 231
4701 2 21 373 376 130
4702 2 190
4703 1 7
4704 2 169 146 237 469 481
4705 2 335 183 88
4706 1 95
4707 2 176 486
4708 2 294 332 44 219 15
4709 2 392 431
4710 1 63 81 291
4711 1 341 131 367 277
4712 1 182 357 164 29 245
4713 1 402 367 266 55 259
4714 2 407 87 369 242 266
4715 2 379
4716 1 277 246 133 175
4717 1 56 121 448 15
4718 1 42 156
4719 1 211 56 198 142
4720 2 145
4721 2 166
4722 2 385 9 246 326 393
4723 1 389 299 466 148 494
4724 1 446 96 2 264
4725 2 166 115 114 215 268
4726 1 20 38
4727 2 419 55 431
4728 1 306
4729 2 167 458 311 81
4730 2 137 444
4731 2 247 322
4732 2 443 34 59 492
4733 1 419 448 47
4734 2 179 69 123 495 47
4735 1 321 137 372
4736 1 32
4737 2 318 39 104 423 268
4738 2 134 455 334 260 52
4739 2 469 212 155
4740 2 154
4741 1 89
4742 2 457 64 303 133
4743 2 96 33 136 471 315
4744 1 447 115 20 13 159
4745 1 392
4746 2 200 204 290
4747 1 252 25
4748 2 75 202 116 206
4749 1 93 125
4750 2 43 275 431
4751 1 69
4752 1 86 358
4753 2 469 356 16 243
4754 1 378 436 454 170 3
4755 2 363 122
4756 1 442 279 368 111 342
4757 2 108 419 362
4758 2 146 443 13 66 79
4759 1 469 63 396
4760 2 469
4761 1 325
4762 1 145 80 343 79
4763 1 128 493 275 287 79
4764 1 54 126 213 311
4765 2 444 226 354 434 66
4766 2 43 163
4767 1 213 128 284 60 274
4768 1 54 261 32
4769 1 296 465 443
4770 1 15 468 97
4771 1 383
4772 2 380
4773 2 57 390 16 24 355
4774 2 368 406 310 26
4775 2 351 21 61 218 290
4776 1 162 11 165 328 349
4777 1 295 386 159 391 304
4778 1 96
4779 1 83 118
4780 1 32 451
4781 2 458 203
4782 1 112 177 71 270 464
4783 1 132 320 145 233
4784 1 482 15 185 355 165
4785 2 384 158 459 250 112
4786 2 393
4787 1 469 89 194
4788 1 268 186 444 229
4789 2 400 199 186 410 44
4790 1 155 125
4791 1 233 33 136 379
4792 1 478
4793 1 366
4794 2 308 216 72 484 105
4795 2 135 495 301 286
4796 1 495 198
4797 1 497 465 419
4798 2 171 353
4799 1 274 85 491 136
4800 2 141 443 178 473
4801 2 279 390 309 302
4802 2 114 121 461 416
4803 1 485 450
4804 2 424 285 404 352
4805 1 92 451 37 255
4806 1 253 336 433
4807 2 458 213 5 464
4808 1 453 182 228 389 154
4809 1 15 257 483
4810 2 394 350
4811 1 150 353 147 400
4812 1 72 138
4813 1 68 95 265 240
4814 1 129
4815 1 82 98
4816 2 53 265
4817 1 373 412 36 372
4818 2 123 79 74 318
4819 1 35
4820 2 330 78 54 63 26
4821 1 380
4822 2 29 452 243
4823 2 241 58 431
4824 2 368 256
4825 1 283 253 304 272
4826 1 224 367
4827 2 224
4828 1 127 284 73
4829 2 200 49 86 31
4830 1 94
4831 2 267
4832 1 381
4833 2 199 478 134 163
4834 1 295 477
4835 2 273 203 32 10 4
4836 2 447 499 138 58
4837 1 431 45 25 372 126
4838 1 333 151
4839 2 385 204 332 482 239
4840 2 448 225 163
4841 2 499 126 270 222
4842 1 180 95
4843 1 409 137 477
4844 2 150 472 204 117 375
4845 2 386 451 180 227 285
4846 1 154 491 407 53 76
4847 2 140 144
4848 2 265 17 134
4849 2 474
4850 1 240 217 455 227
4851 2 44 443 235 453
4852 2 470 42
4853 1 313 168 270 308 217
4854 1 271 106 21
4855 1 475 316 401 298 37
4856 1 277 254 189 230
4857 2 149 73 45 138
4858 1 251 473 425
4859 1 54
4860 2 363 129 308 292
4861 1 75 151 202
4862 1 223
4863 1 134 12 28 70
4864 1 291 2
4865 1 236
4866 1 400 491 468
4867 1 251 102 497
4868 2 255 86
4869 2 271
4870 2 116 41 396 154 1
4871 1 205 331 127 427 460
4872 1 315 125 482
4873 2 86
4874 1 417 315 304 260 74
4875 1 414 283 419 138
4876 1 149 392 498 301
4877 1 94 248 206 80
4878 1 225 194
4879 2 83 15 270 400 2
4880 2 449
4881 2 500 489
4882 1 275 210
4883 2 22
4884 2 392 184 245
4885 1 131
4886 2 438 278 320 57 197
4887 2 17 356
4888 1 278
4889 2 228 316
4890 1 156 280 498 229 85
4891 2 319 308 155 104 410
4892 1 95 365 328 440 336
4893 1 30 83 167
4894 1 96 316 461 343
4895 1 74
4896 1 499 284 54
4897 1 429 461 237 441
4898 2 438 353 155
4899 1 40 221 167
4900 1 441
4901 2 157 348 244 5 122
4902 1 397 332
4903 1 20 353 75 381
4904 1 160 325 136 192
4905 1 385 302 347 421
4906 1 438
4907 1 425 461 151 384 83
4908 2 348 201 337 321
4909 2 126 286 21 125
4910 2 177 146 143
4911 2 96 87 446 321 296
4912 2 125 159 63
4913 1 339 111 37 436 468
4914 1 379 264
4915 2 492
4916 1 73 487 229
4917 2 449 29 95
4918 1 496 428
4919 2 298 159
4920 1 6 330
4921 1 204
4922 2 128 122 314 297
4923 2 179
4924 2 496 293
4925 2 390 284 153
4926 1 316 132 258
4927 2 382 236 172 23
4928 2 353 69 4 121 58
4929 1 301 184 139 40 232
4930 1 86 447 160 73
4931 1 33 498 481 329 277
4932 2 129 147 442 454
4933 1 428 471 354 342 62
4934 2 257 299
4935 1 251 12 288 488 53
4936 1 47 77
4937 2 263
4938 2 371 272 199 141
4939 2 489
4940 2 435 200 382 170
4941 1 27 268 352
4942 2 184 296
4943 2 146 237 14 442
4944 2 255 266 187 184 214
4945 2 379 325 262 353
4946 2 365 139
4947 2 481 113 346
4948 1 126 395
4949 2 91 36 266 417
4950 1 107
4951 2 478 252
4952 1 57 90 135
4953 2 36 484
4954 2 236 226 30
4955 1 416 413 53
4956 1 99 11 164 232
4957 2 364 245 57 92
4958 1 420 196 440 215 60
4959 2 315 237 175 173
4960 2 255 199 244 51 184
4961 2 470 311 304 399
4962 2 126 465
4963 2 47
4964 2 356
4965 2 455 187 370 50 309
4966 2 416
4967 1 136
4968 1 272
4969 1 301 438 437
4970 2 160 121
4971 1 317 145 360 403
4972 2 423 91
4973 2 105
4974 2 171 187 344 387 130
4975 1 83
4976 1 291
4977 2 306 300
4978 1 61 116 35 92 253
4979 1 149 347 420 255 441
4980 2 481 24 278
4981 1 144 164 57 106 168
4982 2 249 33 332
4983 1 370 38
4984 2 483
4985 1 330 380 89
4986 1 500 199 456 28
4987 1 305 59 475
4988 1 210 497 273 445 446
4989 1 40 127 295 413 277
4990 1 316
4991 1 486 54 441
4992 1 287 127 374
4993 2 493
4994 1 405 138 468 272
4995 1 185 318 470 87
4996 2 31 80 458 26
4997 2 106 317
4998 2 354 272
4999 2 473 195
5000 1 125 477 47 247
