2000 2
1 2 894
2 2 134
3 2 170
4 1 240
5 2 876
6 1 641
7 2 418
8 2 27
9 2 529
10 2 682
11 1 190
12 1 115
13 1 972
14 1 277
15 2 573
16 1 763
17 1 493
18 2 494
19 2 442
20 2 41
21 2 135
22 1 432
23 2 67
24 1 343
25 1 449
26 1 269
27 2 194
28 2 981
29 2 969
30 1 424
31 2 713
32 1 830
33 2 886
34 2 27
35 1 713
36 2 685
37 1 730
38 2 715
39 1 909
40 2 327
41 2 256
42 1 601
43 1 730
44 1 241
45 1 20
46 1 467
47 2 481
48 2 153
49 2 496
50 1 622
51 2 772
52 2 636
53 1 124
54 2 454
55 2 157
56 1 696
57 1 796
58 2 582
59 1 588
60 2 197
61 2 786
62 1 577
63 1 580
64 2 258
65 1 546
66 2 369
67 2 584
68 2 256
69 1 828
70 2 519
71 1 164
72 2 804
73 1 160
74 2 894
75 1 142
76 1 711
77 1 107
78 1 356
79 1 31
80 1 266
81 1 718
82 1 81
83 2 854
84 2 602
85 1 742
86 1 76
87 1 322
88 1 65
89 1 372
90 2 299
91 1 328
92 1 238
93 1 865
94 2 229
95 1 577
96 1 739
97 2 445
98 2 665
99 1 500
100 1 808
101 1 133
102 1 99
103 2 112
104 2 699
105 2 197
106 2 49
107 1 899
108 2 99
109 1 185
110 2 145
111 1 82
112 1 136
113 2 292
114 2 209
115 2 446
116 1 42
117 2 865
118 1 21
119 2 814
120 1 380
121 2 890
122 2 710
123 2 565
124 2 489
125 1 535
126 1 667
127 1 271
128 1 466
129 2 588
130 1 534
131 1 66
132 2 154
133 2 960
134 2 307
135 1 619
136 2 844
137 2 560
138 1 643
139 1 160
140 1 691
141 2 930
142 2 546
143 2 122
144 1 189
145 1 692
146 1 560
147 2 124
148 1 291
149 2 688
150 2 876
151 1 322
152 2 108
153 1 240
154 2 246
155 2 694
156 2 590
157 2 878
158 1 114
159 1 703
160 1 200
161 2 622
162 2 462
163 1 467
164 2 128
165 2 510
166 2 189
167 2 833
168 1 715
169 1 27
170 2 976
171 2 211
172 2 881
173 1 977
174 2 579
175 2 592
176 2 568
177 2 569
178 2 314
179 1 452
180 2 870
181 1 544
182 2 176
183 1 575
184 1 557
185 2 75
186 1 352
187 1 407
188 1 624
189 2 133
190 2 177
191 1 125
192 2 108
193 2 691
194 1 101
195 2 593
196 1 388
197 2 427
198 2 940
199 1 679
200 2 28
201 2 879
202 2 898
203 1 714
204 1 810
205 2 913
206 1 29
207 2 306
208 2 287
209 2 873
210 2 614
211 2 224
212 2 37
213 1 766
214 1 367
215 1 58
216 2 242
217 1 117
218 1 765
219 2 925
220 1 295
221 1 161
222 2 568
223 2 554
224 2 282
225 2 934
226 2 343
227 2 250
228 1 473
229 1 771
230 2 752
231 1 24
232 1 162
233 1 953
234 1 86
235 2 649
236 1 692
237 2 82
238 1 234
239 2 984
240 1 192
241 2 986
242 1 464
243 1 104
244 1 915
245 1 44
246 2 418
247 2 410
248 2 897
249 2 76
250 1 63
251 2 482
252 1 350
253 1 968
254 2 595
255 1 809
256 2 934
257 1 331
258 1 101
259 2 480
260 2 254
261 2 81
262 1 670
263 2 976
264 2 737
265 2 89
266 1 148
267 1 939
268 1 645
269 2 191
270 1 560
271 2 843
272 2 625
273 2 141
274 1 514
275 1 210
276 1 426
277 1 578
278 1 675
279 2 877
280 1 166
281 2 193
282 2 112
283 1 610
284 1 527
285 1 141
286 1 647
287 2 39
288 1 624
289 1 599
290 2 826
291 2 82
292 1 905
293 1 547
294 1 335
295 2 465
296 1 779
297 1 241
298 1 679
299 2 18
300 1 674
301 1 848
302 2 705
303 1 503
304 2 323
305 1 897
306 1 588
307 2 139
308 1 627
309 2 107
310 1 360
311 2 364
312 2 485
313 2 928
314 1 268
315 1 349
316 2 737
317 2 229
318 2 380
319 2 978
320 2 741
321 1 238
322 1 921
323 1 674
324 1 611
325 1 415
326 2 911
327 1 53
328 1 823
329 1 492
330 1 542
331 2 802
332 2 706
333 2 19
334 1 152
335 1 137
336 1 805
337 1 993
338 1 326
339 2 269
340 2 749
341 1 643
342 1 516
343 1 178
344 2 946
345 2 395
346 2 265
347 2 574
348 1 450
349 2 434
350 2 900
351 1 994
352 1 31
353 1 974
354 1 871
355 1 581
356 2 190
357 1 449
358 2 228
359 2 141
360 1 511
361 2 472
362 2 360
363 1 30
364 1 124
365 1 688
366 1 257
367 1 463
368 1 636
369 1 372
370 2 179
371 2 576
372 1 935
373 2 105
374 1 204
375 2 531
376 2 376
377 2 832
378 2 981
379 2 972
380 1 616
381 2 917
382 1 365
383 1 827
384 2 661
385 1 452
386 2 579
387 1 857
388 2 535
389 2 976
390 2 393
391 2 18
392 1 932
393 2 159
394 2 187
395 2 241
396 2 412
397 1 723
398 2 693
399 1 842
400 1 702
401 2 640
402 1 763
403 1 548
404 2 692
405 1 763
406 1 350
407 1 187
408 2 388
409 2 664
410 1 338
411 1 68
412 2 702
413 2 990
414 2 727
415 2 544
416 1 529
417 1 480
418 2 144
419 1 872
420 1 122
421 2 112
422 1 325
423 2 76
424 2 844
425 2 348
426 2 274
427 1 797
428 2 294
429 2 115
430 2 853
431 1 146
432 1 23
433 2 228
434 2 971
435 1 535
436 2 242
437 1 667
438 2 40
439 2 374
440 1 817
441 1 783
442 2 566
443 1 631
444 1 372
445 2 788
446 2 205
447 2 666
448 1 412
449 1 254
450 1 134
451 1 376
452 2 262
453 2 810
454 2 823
455 2 85
456 2 100
457 1 800
458 1 789
459 1 168
460 2 155
461 2 103
462 1 669
463 2 844
464 2 174
465 2 254
466 2 466
467 2 56
468 1 144
469 2 261
470 2 164
471 2 742
472 2 855
473 2 454
474 2 767
475 2 584
476 1 154
477 2 786
478 2 683
479 2 351
480 2 548
481 2 776
482 1 382
483 1 641
484 2 389
485 1 906
486 1 953
487 1 782
488 2 771
489 2 790
490 1 755
491 2 162
492 1 908
493 2 449
494 1 479
495 2 642
496 2 420
497 2 508
498 1 93
499 2 467
500 1 223
501 1 271
502 2 438
503 2 842
504 1 523
505 2 986
506 1 891
507 2 950
508 1 670
509 2 659
510 1 705
511 2 952
512 2 610
513 2 993
514 1 812
515 1 44
516 1 974
517 2 355
518 2 73
519 1 318
520 1 851
521 2 754
522 2 127
523 2 443
524 2 748
525 1 354
526 2 524
527 1 960
528 1 820
529 2 922
530 2 653
531 1 317
532 1 682
533 1 664
534 2 184
535 2 277
536 2 311
537 1 454
538 1 965
539 1 291
540 2 705
541 2 562
542 2 52
543 2 130
544 1 494
545 2 118
546 1 559
547 2 156
548 2 141
549 1 767
550 2 300
551 2 33
552 2 878
553 2 152
554 2 270
555 1 957
556 1 540
557 2 536
558 1 716
559 1 39
560 1 992
561 1 692
562 1 488
563 2 900
564 2 916
565 1 463
566 1 631
567 2 190
568 2 873
569 2 841
570 2 777
571 1 464
572 2 159
573 2 696
574 1 467
575 2 872
576 1 494
577 1 736
578 1 769
579 2 225
580 2 628
581 2 29
582 2 235
583 1 557
584 2 678
585 1 514
586 1 31
587 2 810
588 1 923
589 2 453
590 2 525
591 2 463
592 1 710
593 1 324
594 2 329
595 1 436
596 2 854
597 1 796
598 1 457
599 1 44
600 1 29
601 2 871
602 1 489
603 2 442
604 2 916
605 2 678
606 2 374
607 1 42
608 1 955
609 2 893
610 1 559
611 2 247
612 1 200
613 2 876
614 1 458
615 2 208
616 2 714
617 1 530
618 2 220
619 2 596
620 2 488
621 2 93
622 2 348
623 1 727
624 1 735
625 1 234
626 2 756
627 1 661
628 1 969
629 1 870
630 1 280
631 2 347
632 1 95
633 2 97
634 2 952
635 2 607
636 1 224
637 1 848
638 1 606
639 2 292
640 1 817
641 2 911
642 2 422
643 2 713
644 1 257
645 1 561
646 1 607
647 1 753
648 2 951
649 1 563
650 1 815
651 2 91
652 2 616
653 2 594
654 2 129
655 2 159
656 1 473
657 1 860
658 2 14
659 1 290
660 2 528
661 1 479
662 1 731
663 2 229
664 2 836
665 1 352
666 2 743
667 1 508
668 2 797
669 2 596
670 2 758
671 2 243
672 2 705
673 2 599
674 2 887
675 1 578
676 1 744
677 2 190
678 1 359
679 1 26
680 2 789
681 2 266
682 1 48
683 2 807
684 2 373
685 2 469
686 2 335
687 1 476
688 2 636
689 1 325
690 1 799
691 1 282
692 2 440
693 2 393
694 1 574
695 1 46
696 1 807
697 2 969
698 2 111
699 1 820
700 2 965
701 1 781
702 1 335
703 1 123
704 1 611
705 2 960
706 2 446
707 2 502
708 1 120
709 1 505
710 1 875
711 1 993
712 2 369
713 1 960
714 1 863
715 2 987
716 2 278
717 1 516
718 2 813
719 1 866
720 1 488
721 2 777
722 2 335
723 1 448
724 2 902
725 2 580
726 2 826
727 2 988
728 2 692
729 1 785
730 2 987
731 1 249
732 1 326
733 1 112
734 1 605
735 2 790
736 2 71
737 2 760
738 1 212
739 1 719
740 1 979
741 2 846
742 2 653
743 2 916
744 2 446
745 2 343
746 2 339
747 2 602
748 1 794
749 1 769
750 2 636
751 1 969
752 1 371
753 2 314
754 2 810
755 1 270
756 2 786
757 2 188
758 1 626
759 1 456
760 1 78
761 1 204
762 2 268
763 2 417
764 2 691
765 2 390
766 1 512
767 1 974
768 2 437
769 2 514
770 1 449
771 1 11
772 2 274
773 1 865
774 2 208
775 2 866
776 1 541
777 2 400
778 2 209
779 2 587
780 2 100
781 1 937
782 2 229
783 2 227
784 2 986
785 1 561
786 1 441
787 2 581
788 2 996
789 2 622
790 1 68
791 2 1000
792 1 173
793 1 432
794 2 535
795 2 307
796 1 521
797 2 617
798 1 114
799 1 923
800 2 581
801 2 26
802 1 29
803 2 193
804 2 717
805 1 72
806 2 435
807 2 401
808 1 359
809 1 929
810 2 315
811 2 648
812 1 641
813 1 13
814 1 682
815 2 683
816 1 532
817 2 988
818 2 748
819 2 743
820 1 14
821 2 555
822 2 919
823 2 979
824 1 690
825 1 327
826 1 265
827 2 956
828 2 384
829 1 701
830 2 33
831 1 593
832 2 877
833 2 816
834 2 642
835 1 475
836 1 726
837 2 18
838 2 450
839 1 715
840 2 227
841 1 906
842 1 433
843 2 15
844 2 466
845 2 209
846 1 738
847 2 110
848 2 567
849 2 574
850 2 620
851 2 341
852 1 119
853 2 894
854 1 759
855 2 224
856 1 444
857 2 535
858 2 316
859 1 488
860 2 34
861 2 872
862 2 28
863 2 96
864 2 957
865 1 928
866 2 32
867 1 85
868 2 934
869 2 751
870 1 364
871 1 857
872 1 241
873 2 835
874 1 788
875 1 104
876 1 961
877 1 92
878 2 680
879 1 487
880 2 334
881 1 148
882 2 108
883 2 637
884 1 30
885 1 278
886 1 602
887 1 254
888 1 532
889 1 786
890 1 778
891 2 305
892 1 586
893 1 216
894 2 979
895 1 184
896 2 662
897 1 763
898 1 69
899 1 436
900 2 973
901 1 891
902 1 74
903 1 667
904 1 96
905 1 696
906 1 653
907 1 50
908 1 371
909 2 59
910 1 370
911 2 200
912 2 763
913 2 541
914 2 380
915 2 829
916 1 578
917 2 998
918 2 823
919 2 558
920 1 235
921 2 729
922 1 21
923 2 396
924 2 54
925 2 31
926 2 535
927 1 481
928 2 253
929 2 918
930 1 889
931 1 635
932 1 825
933 2 800
934 1 372
935 1 733
936 1 673
937 2 222
938 2 799
939 1 980
940 1 507
941 2 24
942 1 399
943 2 805
944 2 955
945 1 245
946 1 163
947 1 353
948 2 451
949 1 397
950 1 310
951 1 487
952 2 662
953 1 265
954 1 525
955 1 370
956 1 747
957 1 593
958 2 561
959 2 639
960 2 718
961 2 834
962 2 15
963 2 253
964 1 228
965 1 223
966 2 95
967 1 95
968 2 335
969 2 252
970 1 48
971 1 967
972 2 39
973 1 623
974 1 967
975 1 303
976 2 634
977 1 217
978 2 629
979 1 227
980 1 807
981 2 164
982 1 404
983 1 421
984 1 775
985 1 586
986 2 762
987 2 263
988 2 968
989 2 500
990 2 710
991 1 136
992 2 145
993 1 709
994 1 996
995 1 280
996 2 122
997 1 514
998 1 703
999 1 71
1000 1 163
1001 1 792
1002 2 525
1003 1 560
1004 1 243
1005 2 763
1006 1 708
1007 2 807
1008 2 699
1009 2 168
1010 1 302
1011 1 828
1012 2 40
1013 2 853
1014 1 292
1015 1 456
1016 1 532
1017 2 78
1018 2 791
1019 1 883
1020 2 810
1021 1 848
1022 2 61
1023 1 914
1024 2 803
1025 2 439
1026 2 222
1027 2 165
1028 1 780
1029 1 39
1030 2 378
1031 1 699
1032 2 807
1033 2 413
1034 1 739
1035 2 801
1036 1 508
1037 2 519
1038 2 208
1039 2 700
1040 2 785
1041 1 436
1042 2 400
1043 2 349
1044 2 584
1045 1 208
1046 1 643
1047 2 214
1048 1 136
1049 1 773
1050 2 874
1051 2 977
1052 1 449
1053 2 866
1054 1 325
1055 1 466
1056 2 582
1057 1 379
1058 2 485
1059 1 882
1060 2 718
1061 1 691
1062 2 770
1063 2 499
1064 1 642
1065 2 743
1066 1 533
1067 1 777
1068 2 269
1069 1 615
1070 1 134
1071 2 237
1072 1 622
1073 2 260
1074 1 133
1075 2 362
1076 2 718
1077 2 535
1078 2 654
1079 1 566
1080 1 959
1081 1 93
1082 1 413
1083 1 926
1084 1 702
1085 2 513
1086 2 982
1087 1 527
1088 1 762
1089 1 233
1090 1 453
1091 2 220
1092 1 958
1093 1 647
1094 2 631
1095 1 61
1096 1 754
1097 1 995
1098 2 514
1099 2 791
1100 1 750
1101 2 446
1102 2 407
1103 2 687
1104 2 13
1105 1 648
1106 1 761
1107 1 952
1108 2 684
1109 2 334
1110 1 658
1111 2 181
1112 2 220
1113 1 853
1114 2 297
1115 2 384
1116 1 446
1117 2 904
1118 2 72
1119 1 77
1120 1 967
1121 1 950
1122 2 832
1123 2 975
1124 1 947
1125 1 306
1126 2 574
1127 2 216
1128 1 522
1129 1 662
1130 1 102
1131 2 977
1132 1 757
1133 2 636
1134 2 914
1135 1 960
1136 2 821
1137 2 378
1138 1 841
1139 2 367
1140 1 585
1141 1 312
1142 1 806
1143 2 442
1144 1 20
1145 2 267
1146 2 466
1147 2 843
1148 2 749
1149 2 798
1150 1 456
1151 1 838
1152 1 401
1153 2 852
1154 2 35
1155 2 223
1156 1 199
1157 1 834
1158 1 783
1159 1 366
1160 2 838
1161 2 871
1162 2 993
1163 2 559
1164 1 171
1165 2 932
1166 2 775
1167 1 772
1168 1 890
1169 2 102
1170 1 351
1171 1 914
1172 1 347
1173 2 875
1174 1 705
1175 1 623
1176 2 447
1177 1 363
1178 2 514
1179 1 841
1180 1 515
1181 1 952
1182 1 930
1183 1 733
1184 2 765
1185 2 690
1186 2 509
1187 2 920
1188 1 589
1189 1 908
1190 1 738
1191 2 562
1192 2 293
1193 2 400
1194 1 207
1195 2 654
1196 1 90
1197 1 730
1198 2 176
1199 2 234
1200 2 579
1201 2 191
1202 2 365
1203 1 151
1204 1 740
1205 1 436
1206 1 401
1207 2 267
1208 1 695
1209 1 568
1210 2 377
1211 2 758
1212 2 354
1213 2 607
1214 2 833
1215 1 150
1216 1 370
1217 2 35
1218 1 951
1219 2 523
1220 1 354
1221 2 105
1222 2 211
1223 2 425
1224 2 573
1225 1 725
1226 1 636
1227 2 532
1228 1 165
1229 2 561
1230 2 599
1231 1 596
1232 1 948
1233 1 772
1234 2 642
1235 1 31
1236 1 477
1237 1 105
1238 2 396
1239 1 732
1240 2 481
1241 2 933
1242 2 167
1243 2 681
1244 2 903
1245 1 495
1246 1 396
1247 1 834
1248 1 620
1249 1 582
1250 2 101
1251 2 507
1252 2 98
1253 2 624
1254 2 477
1255 2 480
1256 1 332
1257 2 602
1258 2 265
1259 2 185
1260 2 71
1261 2 899
1262 2 233
1263 1 610
1264 1 294
1265 1 461
1266 2 337
1267 1 979
1268 2 450
1269 1 372
1270 2 563
1271 1 465
1272 2 750
1273 2 324
1274 1 908
1275 2 756
1276 2 503
1277 1 302
1278 1 620
1279 2 89
1280 2 142
1281 2 267
1282 1 47
1283 1 624
1284 2 38
1285 1 115
1286 1 513
1287 2 150
1288 1 480
1289 1 779
1290 1 654
1291 1 425
1292 1 673
1293 1 65
1294 2 570
1295 2 564
1296 2 47
1297 2 441
1298 2 489
1299 1 591
1300 2 813
1301 2 115
1302 1 761
1303 1 860
1304 1 638
1305 1 74
1306 2 375
1307 2 646
1308 1 753
1309 2 998
1310 1 678
1311 1 157
1312 2 729
1313 2 988
1314 1 284
1315 2 377
1316 2 446
1317 1 47
1318 1 806
1319 1 101
1320 1 933
1321 1 380
1322 1 392
1323 1 727
1324 2 966
1325 2 607
1326 2 342
1327 2 614
1328 2 819
1329 2 454
1330 1 572
1331 1 646
1332 1 956
1333 1 272
1334 2 89
1335 1 393
1336 2 582
1337 2 702
1338 2 951
1339 1 434
1340 1 397
1341 1 914
1342 2 53
1343 1 51
1344 1 830
1345 1 342
1346 2 692
1347 2 530
1348 1 185
1349 2 775
1350 2 855
1351 1 124
1352 2 164
1353 2 219
1354 2 84
1355 2 366
1356 2 391
1357 1 318
1358 1 443
1359 1 229
1360 1 504
1361 2 72
1362 1 453
1363 2 359
1364 2 128
1365 2 253
1366 2 715
1367 1 465
1368 2 603
1369 1 649
1370 1 411
1371 1 801
1372 1 943
1373 1 143
1374 2 528
1375 2 62
1376 2 87
1377 1 594
1378 2 847
1379 1 754
1380 2 577
1381 1 258
1382 1 868
1383 1 920
1384 2 491
1385 1 792
1386 2 207
1387 1 600
1388 1 264
1389 1 580
1390 2 215
1391 2 283
1392 2 308
1393 1 915
1394 2 301
1395 1 231
1396 1 736
1397 1 159
1398 1 304
1399 2 678
1400 1 586
1401 2 170
1402 2 261
1403 2 491
1404 1 815
1405 1 241
1406 1 300
1407 2 744
1408 1 619
1409 1 682
1410 1 43
1411 1 675
1412 2 644
1413 1 327
1414 1 184
1415 1 42
1416 1 172
1417 2 114
1418 2 446
1419 1 345
1420 2 126
1421 1 326
1422 2 943
1423 2 722
1424 2 777
1425 1 605
1426 1 665
1427 2 360
1428 2 499
1429 1 258
1430 2 668
1431 2 512
1432 1 617
1433 2 945
1434 2 815
1435 1 642
1436 1 294
1437 2 882
1438 1 626
1439 2 296
1440 1 151
1441 1 468
1442 2 859
1443 1 724
1444 1 705
1445 2 652
1446 1 149
1447 1 694
1448 1 192
1449 2 802
1450 1 858
1451 2 709
1452 2 71
1453 2 691
1454 1 57
1455 1 448
1456 1 320
1457 2 945
1458 1 798
1459 2 262
1460 2 477
1461 1 623
1462 2 452
1463 2 656
1464 2 152
1465 2 102
1466 2 463
1467 1 458
1468 1 905
1469 1 838
1470 1 70
1471 1 736
1472 2 808
1473 2 370
1474 1 378
1475 2 305
1476 1 500
1477 1 467
1478 1 429
1479 1 21
1480 2 683
1481 1 34
1482 1 32
1483 2 792
1484 2 927
1485 2 983
1486 1 436
1487 1 764
1488 2 117
1489 1 451
1490 2 779
1491 2 34
1492 1 234
1493 1 591
1494 1 695
1495 1 199
1496 1 903
1497 2 273
1498 2 75
1499 1 817
1500 1 74
1501 1 797
1502 1 938
1503 1 264
1504 1 114
1505 1 528
1506 1 901
1507 2 257
1508 1 963
1509 2 987
1510 1 799
1511 1 107
1512 1 943
1513 1 110
1514 1 209
1515 1 589
1516 1 752
1517 1 967
1518 1 386
1519 1 413
1520 2 774
1521 1 554
1522 2 222
1523 1 331
1524 1 864
1525 2 514
1526 1 831
1527 1 727
1528 1 113
1529 1 822
1530 1 820
1531 1 594
1532 2 805
1533 2 529
1534 1 481
1535 1 93
1536 2 139
1537 2 466
1538 2 160
1539 2 119
1540 2 164
1541 1 888
1542 1 100
1543 1 543
1544 1 838
1545 2 905
1546 2 185
1547 2 406
1548 2 909
1549 2 700
1550 1 725
1551 2 716
1552 2 794
1553 2 836
1554 1 816
1555 1 912
1556 1 966
1557 1 43
1558 1 431
1559 1 789
1560 2 963
1561 1 415
1562 2 648
1563 2 265
1564 2 911
1565 2 377
1566 1 339
1567 2 872
1568 1 78
1569 2 41
1570 2 614
1571 2 333
1572 1 803
1573 1 109
1574 2 659
1575 2 542
1576 2 348
1577 1 556
1578 2 87
1579 2 457
1580 2 651
1581 2 173
1582 2 569
1583 1 716
1584 1 393
1585 1 242
1586 2 70
1587 2 550
1588 1 217
1589 1 923
1590 2 100
1591 2 317
1592 2 141
1593 1 277
1594 1 321
1595 2 103
1596 1 329
1597 2 562
1598 1 142
1599 1 436
1600 2 991
1601 2 704
1602 1 628
1603 1 802
1604 2 578
1605 1 81
1606 2 872
1607 1 445
1608 1 289
1609 1 360
1610 2 67
1611 2 550
1612 1 786
1613 2 173
1614 1 474
1615 1 346
1616 1 227
1617 1 769
1618 2 716
1619 2 604
1620 1 632
1621 2 754
1622 2 267
1623 2 908
1624 2 142
1625 1 697
1626 2 590
1627 1 491
1628 2 535
1629 2 567
1630 1 256
1631 2 160
1632 1 702
1633 1 261
1634 2 739
1635 1 644
1636 1 841
1637 2 910
1638 2 762
1639 2 93
1640 1 638
1641 1 263
1642 2 642
1643 1 947
1644 2 74
1645 1 673
1646 2 857
1647 2 523
1648 1 227
1649 1 810
1650 1 659
1651 1 955
1652 1 390
1653 1 265
1654 2 819
1655 1 416
1656 1 717
1657 2 195
1658 2 542
1659 2 253
1660 2 724
1661 1 286
1662 2 928
1663 1 16
1664 2 688
1665 2 447
1666 1 124
1667 2 428
1668 1 675
1669 1 335
1670 1 656
1671 2 793
1672 2 881
1673 2 821
1674 1 672
1675 1 954
1676 2 487
1677 1 983
1678 1 847
1679 1 725
1680 2 744
1681 1 348
1682 1 703
1683 1 329
1684 2 599
1685 1 973
1686 1 100
1687 2 642
1688 2 498
1689 1 44
1690 1 824
1691 1 831
1692 2 83
1693 2 821
1694 2 782
1695 2 883
1696 2 17
1697 1 496
1698 1 924
1699 2 315
1700 2 727
1701 1 820
1702 1 168
1703 2 857
1704 2 467
1705 2 98
1706 1 338
1707 2 410
1708 1 107
1709 1 624
1710 1 11
1711 2 345
1712 1 390
1713 2 56
1714 2 225
1715 2 412
1716 2 460
1717 1 396
1718 1 421
1719 2 913
1720 2 168
1721 2 55
1722 1 73
1723 1 93
1724 2 951
1725 2 179
1726 1 539
1727 1 974
1728 2 848
1729 2 458
1730 2 479
1731 1 916
1732 2 236
1733 1 682
1734 2 815
1735 1 860
1736 1 895
1737 1 621
1738 1 854
1739 1 953
1740 1 236
1741 1 78
1742 1 531
1743 2 414
1744 2 892
1745 1 296
1746 1 890
1747 1 889
1748 1 134
1749 2 916
1750 2 140
1751 2 915
1752 2 867
1753 2 13
1754 2 136
1755 1 422
1756 2 582
1757 1 301
1758 2 116
1759 1 95
1760 2 547
1761 1 1000
1762 2 924
1763 2 992
1764 2 721
1765 2 745
1766 1 438
1767 1 632
1768 2 791
1769 1 38
1770 2 499
1771 1 455
1772 1 888
1773 2 693
1774 2 414
1775 2 264
1776 1 696
1777 1 513
1778 1 743
1779 1 354
1780 1 863
1781 1 462
1782 1 560
1783 1 834
1784 2 352
1785 1 885
1786 1 409
1787 1 870
1788 1 90
1789 2 207
1790 2 299
1791 2 537
1792 1 411
1793 2 496
1794 1 50
1795 2 816
1796 2 908
1797 2 395
1798 1 662
1799 2 555
1800 1 537
1801 1 417
1802 2 854
1803 1 548
1804 2 39
1805 2 136
1806 2 90
1807 2 729
1808 1 693
1809 2 269
1810 1 743
1811 1 783
1812 2 437
1813 2 643
1814 2 598
1815 1 488
1816 1 602
1817 1 407
1818 2 129
1819 1 557
1820 2 241
1821 2 980
1822 2 65
1823 1 59
1824 1 642
1825 2 712
1826 2 803
1827 2 244
1828 2 643
1829 1 320
1830 2 183
1831 1 824
1832 1 821
1833 2 778
1834 2 146
1835 2 388
1836 2 540
1837 2 158
1838 2 853
1839 2 453
1840 2 756
1841 2 633
1842 1 547
1843 2 127
1844 1 595
1845 2 219
1846 2 700
1847 2 136
1848 2 427
1849 2 351
1850 2 784
1851 1 193
1852 1 65
1853 2 16
1854 2 15
1855 2 860
1856 1 833
1857 2 11
1858 1 744
1859 1 420
1860 1 681
1861 2 678
1862 1 805
1863 1 758
1864 1 813
1865 1 254
1866 1 272
1867 2 310
1868 2 629
1869 1 877
1870 2 377
1871 2 226
1872 1 541
1873 2 510
1874 1 621
1875 2 422
1876 1 876
1877 2 749
1878 2 667
1879 2 988
1880 1 328
1881 1 739
1882 2 687
1883 1 265
1884 1 795
1885 1 290
1886 2 876
1887 2 686
1888 2 518
1889 2 609
1890 1 834
1891 1 458
1892 2 620
1893 1 423
1894 1 473
1895 1 643
1896 1 212
1897 2 677
1898 1 923
1899 2 131
1900 2 310
1901 1 215
1902 2 434
1903 2 125
1904 2 175
1905 1 215
1906 1 396
1907 1 43
1908 1 544
1909 1 13
1910 2 901
1911 1 261
1912 1 290
1913 1 674
1914 2 329
1915 1 409
1916 2 132
1917 1 215
1918 2 456
1919 2 384
1920 1 460
1921 2 668
1922 1 311
1923 2 86
1924 1 386
1925 1 251
1926 2 657
1927 2 580
1928 2 498
1929 2 967
1930 1 275
1931 2 908
1932 2 339
1933 2 307
1934 1 759
1935 2 108
1936 2 336
1937 1 184
1938 2 179
1939 1 367
1940 2 572
1941 2 504
1942 2 237
1943 2 974
1944 2 533
1945 1 156
1946 1 719
1947 2 432
1948 2 83
1949 1 439
1950 2 262
1951 2 488
1952 2 93
1953 2 151
1954 2 530
1955 1 746
1956 1 430
1957 2 807
1958 1 893
1959 1 25
1960 1 68
1961 1 637
1962 2 433
1963 2 745
1964 1 194
1965 2 358
1966 1 663
1967 2 566
1968 1 915
1969 1 88
1970 1 149
1971 1 356
1972 2 239
1973 2 540
1974 1 319
1975 2 74
1976 2 315
1977 2 482
1978 1 377
1979 1 134
1980 2 697
1981 2 505
1982 2 545
1983 1 490
1984 1 51
1985 2 845
1986 2 137
1987 2 106
1988 1 750
1989 1 380
1990 2 749
1991 2 510
1992 1 713
1993 2 957
1994 1 680
1995 2 433
1996 1 238
1997 2 183
1998 1 257
1999 1 800
2000 2 250
1 296 92
2 453 80
1 1 1633 1298 745
2 1 916 642 437 1671
3 2 1310 1105 70
4 2 1127 1149 1884 1657 1163
5 1 1441 682 147
6 2 614 821 655 291
7 2 491 1413
8 1 839 1640 1252
9 2 207 482 988 743
10 1 86 370 418 1892
11 2 359
12 1 1264 691 1802 1866
13 2 198 171
14 1 1210 833 735 285
15 2 1278 666
16 1 1800
17 1 602 860 1519 1915
18 2 765 1072 1584 677 1952
19 2 175 413 230 997
20 2 278 1410 274
21 1 557
22 2 479 1144 496
23 1 403
24 2 1861 446 1001 187 644
25 2 1373 1112 786
26 2 65 1903 1412 174 338
27 1 310 1705 697 602 1822
28 1 1142 1736 1103 456
29 2 985 489 705
30 1 791
31 1 1509 107 23 1568 1855
32 2 1710
33 2 94 1679 1613 187 1574
34 1 1690 1660
35 1 650 456
36 2 1191 1858 860 1524 520
37 1 1596 179 1809
38 2 1367 1512 908 1298 469
39 2 893 690 210 845 1710
40 1 1905 306 1219 816 1358
41 2 628 798 1389 890
42 2 1723 1669 264 753 53
43 1 1838 926 981 1257 291
44 2 1924 805 1379
45 1 1958 473 398
46 2 1316 38
47 2 291 1648
48 1 529 1870 738 372
49 2 17 1249 93
50 2 28 927 1489 1282
51 2 990 172 1555 1890 1988
52 2 1883 1071 586
53 2 609 1416 206
54 2 1488
55 2 981 251 1545 1478 1950
56 1 1133 718
57 2 945 1882 253 1366
58 1 482 533 309 1585
59 2 1573 1359 1735
60 1 212 1359 990 265 872
61 2 419 771 496
62 1 338 835 26 105
63 1 486 859 1512
64 1 422 905 1790 1179 198
65 1 960 1355 675
66 2 1090 1549 205 33
67 1 807 55 1446
68 1 79 1746 563 818
69 2 1780 1560 806
70 1 1414 1555 52 906
71 2 1723 923 1864
72 2 583 1866 1201 412
73 2 1428 591 1325
74 1 1761 1567 1598 692 1356
75 1 1370 828 313 415 1604
76 2 522 1027 20 1993
77 2 1768 1020 225 1794
78 1 522 1469 1207
79 1 274 41
80 2 1958 68 764 248 305
81 2 1384 592 1770
82 1 1310 1606 453 54
83 2 1897 389 711 113
84 1 1141 1260 574 1662
85 2 966 984 1860 703
86 1 596
87 2 1134 1521 390 1645
88 1 405 109
89 1 344 1297
90 2 383 857 1869 605
91 1 237 1082 563 379
92 1 561
93 2 1164 823
94 1 954 778 12 1273 1814
95 1 936 1933
96 1 1609 231 149
97 2 1895 1958
98 2 514 52
99 1 1736 1447
100 2 113 768 133
101 1 998 1170
102 1 720 941 748 1816 418
103 1 1938 323 1142
104 1 1563 1518 280 245
105 1 1130 1452
106 2 1471 240 467
107 2 1328 1188 1638 632
108 1 1540 1948 798 547
109 1 922 810
110 1 227 1279
111 1 600 1160 881
112 2 744 1119 863
113 2 1092 1627 61
114 1 726 933
115 1 912 1981 1417 772 608
116 2 270
117 2 1884
118 2 1880 8 1115
119 2 1438 865 928 534
120 2 1308 1717
121 2 604 119
122 1 1013 295
123 2 1128
124 2 1850 636
125 1 336 1497 75
126 1 1375 858
127 1 717 724 1799 1895 603
128 1 743 541 723 682
129 2 1501 1678 1244
130 1 1421
131 2 123 397 110 769 1724
132 1 1724 1284 1529 1561
133 1 537 1951 1873 93 80
134 1 702 400 1722
135 2 497 1898 998 1311
136 1 1206
137 1 404
138 2 1381 1872 941 1716
139 2 455 1083 307 1401
140 1 917 1901
141 2 977
142 1 177
143 2 1129 904
144 1 1305 161 1524
145 1 891 887 138 951
146 1 1993
147 2 452 654 1834 1822
148 1 388 611 587 692
149 1 642 1973 1064 953
150 1 454
151 1 842 339 1283 1837
152 2 323 675 805 1189
153 1 411 432 173 1098
154 1 899 793 847 194 447
155 1 1333
156 2 595 1012
157 1 126 545 1041 1652 388
158 1 883 1991 939 119
159 2 1365 821 1336
160 1 133 1275 615 1220 1528
161 2 1669 1350 193
162 2 795 1370 1633 89
163 1 274 1314 1597 596
164 1 179
165 1 146 522 678 1397 1181
166 2 1645 1994 1213 1178
167 2 1882 827 964 145 352
168 2 893 1556 510 1437 487
169 1 1973 479 1681
170 1 1830
171 1 50 827 1991 1557
172 1 385
173 1 1129 1675 301
174 2 1667 1496
175 1 57
176 1 1037 156 1840 850
177 2 1319 1847 5 1953
178 1 1508 1198 1857 6
179 1 362 1430 1000 493
180 1 950 584
181 1 382 1619 567 1008 1850
182 2 1334 1168 817
183 2 1115 1705 83
184 2 417 539 1897 1250 921
185 2 1877 1063 1671 1266
186 2 466 1649 1054 1598
187 1 36 1568 1322 1854
188 1 54 470 698 490
189 1 1822 1517 180 1395 1833
190 2 1699
191 1 333 521
192 2 1410
193 2 678 888 502 762 1506
194 2 1671 161 99 233 1587
195 1 1683 838 1753 1590 646
196 1 1026 557
197 1 1020 1238 1188
198 1 564
199 2 1249
200 1 512 1295 1247 1099 941
201 2 621 1967 1590 364
202 1 1155 1954 180 1353
203 1 1124
204 1 548 845
205 1 22 787
206 2 327 913 925
207 2 991 123 749
208 1 409
209 2 1631 704 520 132
210 2 1823 1614 376 1378 1211
211 1 1256 322 582 1824
212 1 1877 1213 1632 1029
213 1 290 591 503
214 1 708
215 2 1391 340 1490 1721 1207
216 2 829 1886
217 2 1032 1584 171 1641 316
218 2 665
219 2 1360
220 1 37 1105
221 1 221
222 1 568 25 1233 973 694
223 2 600 117 930 746 1517
224 2 614 1853
225 2 1783
226 2 322
227 2 573 1723
228 1 1704 882 1798 1281
229 1 1430 835
230 2 661 969 1001 682 1118
231 1 1247 1660
232 2 44 768 732
233 2 1352 1883
234 1 667 1421 256 631
235 1 1260
236 1 679 1326 20
237 2 375 1625 907
238 2 1818 435 280
239 1 1099 1387 406 23 33
240 2 1355 178 462 231
241 1 321 434 313
242 2 1573 297
243 2 116 1081
244 1 1854
245 2 1907 1790 634 332
246 2 2 1686
247 1 1905
248 1 130 665 1370 988
249 2 441 550 1593 386
250 2 1989 242 98 44
251 1 552
252 2 483 144 297 355 588
253 2 1226 1365 525 1968 38
254 2 1343 1992 713
255 1 190 1947 1069
256 2 925 1426 1527
257 2 1298
258 2 1997
259 1 1692 1104
260 1 1344 577 457 210
261 2 1926 48 1280 586 1764
262 1 1519 589 747 459 1438
263 2 1407 1336 651 1831
264 1 167 1419 1218
265 1 780 1307
266 2 1253 973 1742
267 2 1432 1985 559 1792
268 1 1904 1813 1658 1998
269 1 624 165 26
270 1 1834
271 1 1524
272 1 1926 1856
273 2 413 457 84
274 2 1668 1050 521 773 1010
275 2 496 136 1613 877 900
276 2 762 1136 55 1059
277 2 24
278 2 1084 480 113
279 2 286 1516 357 1863
280 2 313 1828 1130
281 2 945
282 2 428 253 15 821
283 1 133 397 762 659
284 2 1864
285 1 106
286 1 895 139
287 2 1751 246 1330 166 1508
288 1 1701 232 950 209 1105
289 1 436 605 301 922
290 2 1776 250 60 376 753
291 2 959 1463 1607
292 2 1614
293 2 349 101 1564 202
294 2 15 1996
295 2 1814 1324
296 2 1159 946 488 115 1849
297 1 1047 257 1299 1115 913
298 2 341 1035 384
299 1 808
300 1 247 924 1780 1173 1479
301 1 1772 1904 332 533 1229
302 2 1437 1318 1190 969 454
303 2 1610
304 1 278 1578 800 1582
305 1 1417 1995 1
306 2 938 1112 209 1662 87
307 1 1434 1190 723
308 1 1462 1274 133
309 2 424 1396 1988 1923 399
310 1 401 1976
311 2 899 1123 1546 768
312 1 1296 727
313 1 753 1941 121 1134 1327
314 1 1503 494
315 2 1600
316 2 1652 283 890
317 1 708
318 2 635
319 2 1864 594 1961 1741 1162
320 2 1475 315 1521
321 1 17 1129
322 2 976 1171 838 344 1734
323 2 1373 1839 852 1915 1293
324 1 1354 388 1549 535
325 2 1700 811 521 1616 1359
326 1 958 923 911 872 1925
327 1 1401
328 1 774 1879
329 2 72 909 641 658 926
330 2 773 1071 492 2
331 1 646 11 886
332 2 242 1261 1535 565
333 1 1711 1119 794
334 2 1848
335 1 1308 1612 220 994
336 1 1940 985
337 1 1273
338 1 1014 922 1925
339 2 543 402 1703
340 2 1404 580 312 1683
341 2 381 1666
342 2 1344 311 539 623
343 1 1861 259 1681 526 1545
344 1 1564
345 2 889 809 1449
346 2 1886 1401 246 1979 929
347 2 545
348 1 175 1269 652 1108 605
349 1 292
350 1 1162 407 323 903
351 2 1437 778
352 1 610 1638 305
353 1 274 1838
354 2 630 1222 1821
355 1 2 433 445 1324 1844
356 2 204
357 1 1733 1023 1426 24
358 1 519 63
359 1 1551 1130 1410 524 759
360 2 796 570 1797 1852 1310
361 2 194 651 632 1972 706
362 2 665 1304 1010 262 1084
363 2 1590 508 1346 1701
364 2 1335 1353 1359 120
365 2 592
366 1 1155
367 2 142 96 1913 1660 1033
368 2 1494 639 1127 37 1470
369 1 1812 1489
370 2 1722 963 560 392 84
371 2 1931 1326 581 1474 1365
372 2 393 194 1672 1469 407
373 1 181
374 2 147
375 2 718 541 1669 476 1027
376 1 1672 1459 100 523
377 2 209
378 2 459 1202 353 624
379 2 1404 716
380 2 1563 1742 937 213 973
381 2 664 1096 605 410 1849
382 1 1587
383 1 216 982 160
384 2 1437
385 2 929 1121
386 1 1906 1802
387 2 144
388 1 605 1090 1115 373
389 2 1167 1362 731 214 1359
390 2 1376 767 941 368 1258
391 1 290 1212 721 1206
392 2 1275 6
393 2 1113 675 556
394 2 1145 138 831 1725 1114
395 1 250 411
396 1 380 297
397 1 1780 1451 1789
398 1 356 677 370
399 2 757
400 2 623 119 1365 1837
401 1 854 107 815 1965 728
402 2 705 1715
403 1 156 1345 242 281
404 1 540 1770
405 1 1829 1271 484 171
406 1 688 1402 765 1406 176
407 1 920 1720 1777 1078
408 2 1470
409 1 708 595 1799
410 2 350 1564 1703 1221
411 2 1787 1553 1156 1056
412 2 1652
413 2 1455
414 2 665 1101 464
415 2 1573 1238 450 303 583
416 2 634 1069 1450 1019 65
417 2 1314
418 2 747 924 1796 1680
419 2 424 984 494 603 645
420 1 100
421 1 1015
422 2 1543 792 1443 1233
423 1 248 217 101 140
424 1 1029
425 1 173 762 1864 739
426 1 446
427 1 1721 688 564 1727 1426
428 1 1629 352
429 2 1374
430 2 281
431 2 549
432 1 792 867 740 828 1748
433 1 195 452 1441 1697
434 2 1218 408 330 417 1268
435 1 1088 1401 481
436 2 837 296
437 1 1517 1428 1934 882
438 1 1969 1194 924 1988
439 1 1332 1269 16 1885
440 1 614 1532 1521 340
441 1 1096 24 82 987 1795
442 1 1791 76
443 1 32 320 1301
444 2 627 1177 1993
445 1 693 1589 189 1593 622
446 1 357 1257 1462
447 1 617 759
448 1 210 1280 634 310
449 2 550
450 2 535 182
451 2 39 986
452 1 1279 1710 1739
453 2 697 1697
454 1 117
455 2 31 1274
456 1 1056 231
457 2 960
458 2 932
459 1 1983 808 670 435
460 1 583 610
461 2 106 1270 1714 1581
462 2 456 1163
463 2 1821 1061 1969 1584
464 2 1880 1199
465 1 921 1590 1972 872 1815
466 1 1770
467 1 134 1500 980 1615 1242
468 2 1519
469 1 164 1596 312 1641 487
470 2 1363 887 864 1532
471 2 117 432 276
472 2 1584 455 1431
473 2 966 764 2 578
474 2 1713 960 441 464 981
475 2 1817 1596 803
476 2 453 1864
477 2 850 1999 462 263
478 1 382 1446 1819
479 2 1497
480 1 1891 132
481 1 874 600
482 1 143 927 893 1145 255
483 2 402
484 2 1839 1377 924 1700
485 1 657
486 2 495 134 114 1812
487 1 1290 1421 635 1884
488 2 613 944 1977 940 1007
489 1 1827 14 1466 1080 1258
490 2 1615
491 2 621 1422 705 1125
492 2 1637 1676 1045 1060
493 2 577
494 1 141
495 2 622 1739
496 1 944 1888 489 280 1365
497 2 777 1443
498 1 14 1124
499 2 1554 1627 1815
500 1 716 1424
501 1 1020 148 688
502 2 575 1354 472 60
503 1 319 1224 136 440
504 1 1240 454
505 1 428
506 1 1763 51
507 1 524 1326 60 1366
508 1 582
509 2 682 1707 1024 101 1909
510 2 750 1149 1828
511 2 220 1087 684
512 2 370
513 2 373 1469
514 2 313 994 548 1811 747
515 1 1278 526
516 1 300
517 2 1921 180 1061 1923 1144
518 1 666 449
519 1 880 230
520 1 402 396 894 1222 7
521 1 841 381
522 2 1581 1239 975 1265
523 1 542 1400
524 2 1175 1697 1291 822
525 2 1337 257 809
526 1 1135 635 253
527 1 5 277 76 158
528 2 357 1645 780 743
529 2 1692 1595 1012 1815 1891
530 1 1388 729 122 1625 1111
531 1 1290 273 1485
532 2 1287 351 1273
533 1 702 1116 1626 459
534 1 386
535 2 1997
536 1 1498 1261 1300
537 1 779
538 2 345 1106 617 1728
539 1 290 549 1952 1862 756
540 1 1280 1535
541 2 206 1422 750 466
542 1 645 1783 1646 1292 804
543 2 1367 1630 63
544 1 961 80 802
545 1 732
546 2 1305 1291 1963 1843
547 2 800 1509
548 2 1408 1764 531 1659 695
549 1 273 1788 606 621
550 1 1463 1295 1118
551 2 319 560 1022
552 2 160
553 1 1205 281 1148
554 2 1682 809 1487 1524 1530
555 2 1354 256 1194
556 2 1624 2 1717
557 1 1649 1191 1516 195
558 2 800 1617
559 2 811 679 1870 824 1222
560 1 1748
561 1 482
562 2 1810
563 2 1682 31 1508 50
564 2 1193 1640 1839
565 1 1649
566 1 81 973
567 2 547 1527
568 1 1396 1881 51 1819 1422
569 2 1933
570 2 1731
571 1 991 1478
572 2 927 749 638
573 1 795
574 1 1786
575 2 255 575 1107
576 2 434
577 1 50 628 1939 531
578 2 910 1307 395
579 1 1203 1536 1490
580 1 433 466
581 1 3 258 1682 754
582 1 490
583 2 1123 1147 1795 642
584 2 1142 1395 729 921 661
585 1 1871
586 2 440 976 469
587 1 299 1249 1744 1380
588 2 561 586 935 1421 496
589 1 1314 395 551 192
590 2 1970
591 2 1332 672 343 924 658
592 2 294
593 2 495 1035
594 1 481
595 2 843 931
596 2 583 1421 287 1180 834
597 1 1903 345 1196 363
598 1 383 1954 1623 277 1361
599 1 694 1667 1095 33 1547
600 1 446 600 845
601 2 1576 929 1627
602 1 1720
603 2 1553 813 1101
604 2 1400 1839
605 1 1853 1252 614 1003
606 2 1646 133
607 1 1349 870 1407
608 2 865 1162 1710 1953 1800
609 2 1365 1815
610 1 259
611 1 759 1136 1424 1408 284
612 2 1174 461 1240 532
613 1 68 843
614 2 1814 1655 539 1892
615 1 67 1988 1574 1308 1813
616 1 826 1834
617 2 614 1575 1804 505 1332
618 1 1389 180 1433
619 2 31 92 895 1607
620 2 779 1929
621 2 1169 5
622 2 228
623 2 784 921 1089
624 1 972
625 2 916 673 614
626 2 775
627 1 94 794 95
628 2 354 1326
629 2 1986 594 267 794
630 1 1662 384 565
631 1 1047 803 1751 1782
632 1 207 397 1451 1384 26
633 1 1147 58
634 1 1040 605 327 1163 1914
635 1 684 738 487 357 1012
636 2 1468 1223
637 1 1066 827
638 2 261 1500
639 2 879 37 647
640 1 1769 634 850 1847
641 2 1111 1854
642 2 616 119 153
643 1 1630 508 1649 1244 834
644 1 725 1357 845 49
645 2 994 1885 1783 225 1018
646 2 580 1750 711 134 971
647 2 1544 1614 103
648 1 406 1489
649 1 192 23 257 400 1387
650 2 394 1989
651 2 1661 530 1400 880 1543
652 1 1621 1996 1193 853 1223
653 2 1618 1879
654 2 1137 1148
655 2 983
656 2 1730 487 400
657 2 1922
658 1 1086 870 359 895 1413
659 2 524
660 1 1800
661 1 608 499 1245 1356 1658
662 2 900 1669 1539 163
663 1 33 836 751 1027 586
664 2 1259
665 2 584 644 1994 1103 115
666 2 51 227 807
667 2 165
668 1 1230 661 991
669 2 229
670 1 921 1298 302
671 2 307 1494 954 636 113
672 1 1714 1650 1680 676
673 2 660 858 731
674 1 501
675 2 1752 698 708
676 2 40 1943 362
677 1 735 623 1804
678 1 1288
679 1 1417 1851 1252 1018 374
680 1 1913
681 1 248 1130 1829
682 1 1639
683 2 1317
684 1 135
685 2 628 492 1754 1919 1601
686 1 773 34 217 1293 408
687 1 1580 354 698 1754 662
688 1 1469 802 1044 1225
689 2 582 1139 465 7 744
690 1 206 797 966 1843
691 1 289 776 1205 1419 681
692 2 872 353 101
693 2 1112 1161 191 966 202
694 1 961 1236
695 1 683 1026
696 1 652 1323
697 2 942 1390 439 1431
698 2 776 704
699 1 793 1632 957 445
700 2 373 990
701 2 1927 620 1899
702 2 202 1568 1136 483
703 1 1695 71 169
704 2 432
705 2 1145 1308 1921 1501 680
706 2 1491 917
707 2 795 326
708 2 1765 1242
709 1 1369 987 991 1571
710 1 1377 247 1976 1451
711 2 780
712 2 1742 1325
713 2 1408 933 194 999
714 1 1349 847 1476
715 2 1478 136 1017 1619
716 1 454 1719 963 121 1441
717 2 1130 408 134
718 2 1492 461 364 1159
719 1 1057 1189 39 1705
720 2 247
721 2 1798 419 414 1425
722 1 1637 1401 1477
723 2 962 79
724 1 1210 1823
725 2 258
726 1 456 1494
727 2 473 245 820 125
728 2 1928 986
729 2 1069 1528 1790 920 1990
730 1 312 1322 1172
731 1 772
732 1 1182 981 1052 1268
733 2 1213 673 536
734 1 1792 991
735 2 636
736 2 1033
737 1 630 1148 1970
738 1 787
739 2 1518 724 607
740 1 1015 1254 1718 249
741 1 357 1453 87 1744 803
742 2 704 729 83 532 1956
743 2 1406
744 1 1904 1621 1715
745 2 285 1583 1754 89 1565
746 1 197 573 481
747 2 1917 145 859
748 2 863 1373
749 1 1586 1862 1569 361 973
750 2 1199 466 906
751 1 140 1013 590 291 1871
752 2 1431
753 2 716 1506 1900 47 1894
754 1 852
755 2 1206 1502 1014
756 2 1597 149 1616
757 2 1851
758 2 396 1392
759 2 329 1011
760 1 1484
761 1 1963
762 1 136 1291 1800 375
763 1 828
764 1 1383 266 178 1369 291
765 1 923 289 738 1666
766 1 1917 972
767 2 1528 1804 696 437 227
768 1 1758 81 328 1230 869
769 1 1322 297 292
770 2 790 1553 687 1696 143
771 2 817 1652 1674 668
772 1 1595 568
773 1 1020
774 2 1027 1862 534 1400
775 1 1234
776 2 1751 1517 1703 1591 236
777 2 32 380 364
778 1 1989 1755
779 1 544 1363 557 564
780 1 1863 808 828 1671
781 2 1862
782 2 1373 1386 1604
783 1 484 1374
784 2 1413 1689 1540 145
785 1 393 1040 1495 1370 533
786 1 606 468 1800 908 823
787 1 772
788 1 1184
789 1 1273 971 888
790 1 1092 1015 238 919 1139
791 1 1429
792 1 407 1265 1064
793 1 1825 21 673 775 1630
794 1 1198 635 240
795 1 490 1343 1991 1466
796 2 817
797 2 1996 369 286
798 1 1848
799 2 1118
800 2 297 604 1400 1902
801 2 37 1386
802 1 755 1920
803 1 1373 155 817 1738
804 1 1041
805 1 435 1888 1819 1596 1204
806 2 560 1986 1930
807 1 1693 674 1806
808 2 1914 184 947 1779 794
809 1 1672 85
810 2 592 1977 466
811 2 1403 256 615 710
812 1 1380 1780 1992
813 2 963 248 511 1619 1134
814 2 969 1660
815 1 762
816 1 1045 1965 1330
817 1 1021
818 2 365 1294 886 1611 289
819 1 1110 1054 1049 1431
820 1 1627 442 1900 1289 189
821 2 1432 1450 1957
822 2 435 1529 1739
823 1 868 748 859
824 1 370 896 1858 427
825 2 345 270 1245
826 2 1697 712 1980 892
827 2 771 711 825
828 2 1415 548
829 2 710 1503 1871
830 1 1966 151 1561 837 1563
831 1 613 18
832 2 1609 219 1266 1565
833 2 376
834 1 956 1637 296
835 2 1924 1863 1850 1823 747
836 1 290 719
837 1 256
838 1 1216 331 1855
839 2 1621 1346 1363
840 1 1172
841 1 927 1987
842 1 1408 150 1406
843 2 1845
844 2 1204 1996 659 1248
845 1 1216 143 1657 751 914
846 1 1362 1873
847 2 311 1650
848 2 984
849 2 709 1480 142 356
850 1 1533
851 1 131
852 2 1529
853 1 502
854 2 1118
855 1 798
856 2 1532
857 2 871 1148 765 1526 1375
858 1 384 972 526 1653
859 2 1708 996 1243 1596
860 1 1383 1650
861 2 143
862 1 1388 229
863 2 1836 128 1066 135
864 1 794 1001 1381 543 249
865 2 575 974 125 57 278
866 2 1940 32 1355 1950
867 1 638 1603 242
868 1 341 1278 1958 1131 398
869 2 378 943 940 905
870 2 1728 270
871 1 1674
872 2 1235 1114 312
873 1 1521 813 1242
874 1 1455 539 811
875 1 1363 262 1009 283
876 2 1683 1569 1991 805 526
877 1 1020 114
878 1 1732 849 1245 533 896
879 2 19 372 537 1359 1822
880 2 1066 1013 1133
881 1 1652 848 1455
882 2 263 1731
883 2 591
884 2 624 1306 749 39
885 2 905 298 31 998
886 2 620 987 158 81
887 2 815 1069 1276 1288
888 2 1338
889 2 1544 1752 1052
890 1 972 1806
891 2 933 90 1100 1217 675
892 2 1648 1238
893 2 1983 784
894 2 737 1453 1374 1030
895 1 32 1407 1346
896 2 1636
897 2 511 704 377 1971 715
898 2 1741 282 42 1230
899 2 430 1162
900 1 841 1638
901 2 1207 327
902 2 1800 211 81 87
903 1 536 907 295 918
904 1 340 685 1302 205 687
905 1 873 1251 111 886
906 1 551 1754 669 297 965
907 1 1 471 1771 68
908 2 1763 20 1028
909 2 247 300 1294 711
910 2 800
911 1 1919 1552
912 1 1402 539 222
913 1 1239 1665
914 1 1297 43 1917
915 2 859 1270
916 1 207 269 1724 476 1691
917 2 1690 1124 1169 356 1481
918 2 1253
919 2 1893
920 1 140 101 1822 830
921 1 911 1043 255 296
922 1 401 1520
923 1 950 1040 1808
924 2 1648
925 1 216
926 2 250 89 1238
927 2 1050 176 100
928 1 752
929 2 1536 1577
930 1 962 1587 614 756
931 2 434 1100 1682 109
932 2 1993 1531 1340
933 2 72 1668
934 1 410 1904
935 1 556
936 1 820 1141 1640
937 2 1457 1371
938 1 78 1692 1820 1520
939 2 1711 575 412 118
940 1 523 1556 506 429 1038
941 1 599 961 1132 1486
942 2 36 223
943 2 946 404
944 2 343
945 2 1830
946 1 1842 1919
947 2 658 260 1730
948 2 472
949 2 646 1333 1271
950 1 1663 285 1233 1417
951 2 707
952 1 1395 712 1396 1977
953 1 916 390 232 1240 1268
954 1 984 601 395
955 1 1620 93 815 1673 1313
956 1 1569 708 1237 1749
957 2 1135 1957 1431 260 1832
958 1 668 686 1456
959 2 976 17
960 1 1069 1335 1717 514 300
961 1 1668
962 1 1344 185 1470 554 209
963 1 839 979 1505 1538 164
964 1 1887 678 1794 625
965 2 1683
966 2 1718 154
967 1 293
968 2 1574 1483 719 223 1761
969 1 269 806 1293 290 1288
970 1 780 317 742
971 1 1953 352 726 130
972 2 1321 924 1310
973 1 107 1071 1623
974 2 221 759 1764 275 4
975 1 870 1794 1962 162
976 2 766 1040 1045 1881 1902
977 2 932
978 1 1464 1714 1718 447 737
979 2 652 1324 365
980 1 1103
981 1 1570 324 225 1065
982 2 77 1245
983 1 220 1493
984 1 989 1135 901 285
985 2 1096
986 1 1566
987 1 935
988 1 1224 1098 591 616 668
989 1 528
990 1 1658 452 650 1847 813
991 1 1242 80 370 420 1668
992 2 260
993 1 1893 1442
994 1 823 1782 928
995 2 1382 502 1732 565
996 2 1056 1617 685 1809
997 2 781 640 1972 2 1540
998 2 1360 1186 1144
999 2 1892 1003
1000 2 224 1484
