101 2
1 1 198
2 2 724
3 1 300
4 1 804
5 1 972
6 2 986
7 1 188
8 1 714
9 2 369
10 1 731
11 1 942
12 1 801
13 2 965
14 1 825
15 2 57
16 1 526
17 2 721
18 2 419
19 1 851
20 2 756
21 2 397
22 1 17
23 1 98
24 1 848
25 1 880
26 1 305
27 2 822
28 1 50
29 2 365
30 1 114
31 1 197
32 2 981
33 1 249
34 1 904
35 2 542
36 2 443
37 1 267
38 1 297
39 2 183
40 1 18
41 2 480
42 1 654
43 1 578
44 2 114
45 1 199
46 1 601
47 1 540
48 1 995
49 1 846
50 2 718
51 1 298
52 2 194
53 1 881
54 2 39
55 1 444
56 2 477
57 2 759
58 2 981
59 1 597
60 1 297
61 1 656
62 1 947
63 2 526
64 2 515
65 2 442
66 1 13
67 2 562
68 1 447
69 1 674
70 2 802
71 1 417
72 2 396
73 1 235
74 1 700
75 2 994
76 2 38
77 2 180
78 2 742
79 1 313
80 1 317
81 2 500
82 1 354
83 1 447
84 2 636
85 1 94
86 2 442
87 2 977
88 2 521
89 2 731
90 1 40
91 2 498
92 2 369
93 1 175
94 1 356
95 2 466
96 1 819
97 1 427
98 1 871
99 2 745
100 2 441
101 1 579
1 474 94
2 485 28
1 1 50 77 68 19
2 2 85 19 96
3 2 38 27 10
4 2 40 20 72 52
5 2 10 1 51 9 90
6 2 5
7 2 54 22 27
8 1 91 7 40 63
9 2 29 79 87 50
10 2 39 88 54
11 1 100 27 59 19
12 2 19 24 54
13 2 78
14 2 57 78 96
15 2 97
16 2 41 52 73
17 1 8 27 11
18 1 64
19 2 70
20 2 29 48 35
21 1 91 16
22 1 11
23 2 51
24 1 98 6
25 2 48
26 2 89 96 2
27 2 85 4
28 2 40 58 23 46
29 1 6 79 9 40
30 2 3 76 27 57 56
31 1 35 22 96 99 43
32 2 83 59
33 1 12 58 67 33
34 2 45
35 1 40 46 93
36 2 39 31 23
37 1 30 26 28
38 2 51 75 65 72
39 1 92 14 19 9
40 1 19 94
41 1 22 92
42 2 19
43 2 88 36
44 1 101
45 2 58
46 2 25 53
47 2 48 13
48 2 57 9
49 2 92
50 2 72
51 2 29 81
52 1 96
53 1 97 4 76
54 1 52 74 84
55 2 85
56 1 50 88 61
57 1 58 86
58 2 7 15 74
59 1 70 64 12 63 46
60 1 21
61 2 55 44
62 1 39 76 63 21
63 2 64 25 3 5 98
64 2 20
65 2 22 2
66 1 32 40 67 65
67 2 28
68 2 2 15 87
69 2 2 53 77 87
70 1 70 77 45 79 14
71 2 75 7 11 4
72 1 52 81 54 50
73 1 41 37 46 99
74 2 100 1 55
75 1 76 61 37 9
76 2 21 98 57 49
77 2 60 14
78 1 91
79 2 80 16 7 37
80 1 93 79
81 2 87
82 1 3 94 11 15
83 1 38 20 61 21 32
84 2 25 35 100 75 64
85 1 19 84 43 56
86 2 18 89 13 54
87 1 100
88 1 15 10 7
89 2 41 77 29 81 52
90 1 79 37
91 1 24
92 2 22 83 57 27 9
93 1 25
94 2 67 12 69 81 38
95 2 85 77 78 23
96 1 42 12 46 94 3
97 1 54 7
98 2 79 22 51
99 2 84
100 1 53
101 2 94
102 1 59 15 25
103 2 7 34 50
104 2 31 62 52 50 97
105 2 42 27
106 1 91 97 93 81 42
107 2 51 81 85 29
108 2 20 76 54 23
109 2 8 26
110 2 90
111 1 77 51 81 5
112 2 77
113 1 57 70 37 88 23
114 2 72 15 69 66
115 1 86 9
116 1 66 29
117 1 9 54 38 25 40
118 2 18 52
119 2 13 42
120 2 30 83 6 101
121 1 38 35 61
122 2 13
123 2 66 46
124 1 22
125 1 19 59 75 80 45
126 2 21 55 86
127 2 31
128 1 29 87
129 1 97 20 41 52 75
130 1 67 53 94 56
131 1 25 95 8 5 48
132 1 39 31
133 2 46 25
134 1 101
135 2 77 27 71 19
136 1 73
137 2 75
138 1 34 54 22 2 100
139 1 72 73 5
140 1 92 17 32 59 84
141 1 50 68 66
142 2 6 91
143 1 74 20 53
144 1 63 1
145 1 90 60 43
146 1 48 70 34 83
147 2 68
148 1 23 64
149 2 34
150 1 76 62 94 60
151 2 35 55 72
152 1 2
153 2 11 5
154 1 90 89 72
155 2 81 67 62 27 28
156 2 65 39 82 75
157 2 73
158 2 97 80 3 84
159 2 85 45
160 1 15
161 2 85 18 96 82
162 2 38
163 2 44 34 43 78 101
164 1 12 45
165 1 52 90 84 61
166 1 15
167 2 59
168 1 46 58
169 1 8 71 96 39 62
170 1 41 61
171 2 38 65 42
172 2 23
173 2 21 90 53
174 2 19 15
175 2 78 19 54 24
176 1 16
177 1 47 82 4
178 2 60 26
179 1 30 67 62
180 1 66 17 48 100
181 1 57
182 2 80 57 99 46 18
183 2 28 60 76 55 77
184 2 76 20 10
185 2 75 98 90 73 92
186 2 41 4 51
187 2 18
188 2 51 44
189 2 42 101 19
190 1 2 90
191 1 60 1 2 58 33
192 2 33 10
193 2 2 65 11
194 1 18 81 83
195 1 2 49 78 84
196 1 77 36 4 91 67
197 2 8 85 57
198 2 54 73 66 57 5
199 1 65 34 4 93 2
200 2 73 28 71 24
201 1 82 44 17 31
202 2 4
203 1 33 34
204 2 64
205 1 89 70 44
206 1 36 41 64
207 1 27 79
208 2 63
209 1 36 38 3 96
210 2 64 92
211 1 14 18 77 22
212 2 91 10
213 1 15 14 10 21
214 2 64 65 27 89
215 1 33 60 62
216 2 35
217 2 84
218 2 43 53 16 86 76
219 1 73
220 1 3 14 63
221 1 99 66 45
222 2 55 74 62
223 1 43 77 28
224 2 55 83
225 2 97
226 2 31 87 68 61
227 1 48 45 19 95
228 1 33 45 59
229 1 60 66 56 31 90
230 1 48 98 71 41
231 2 96 3 76 64 8
232 1 49
233 1 81 78
234 2 98 76 42 25
235 1 32 87 85
236 1 30 14 94 37
237 2 9 2 1 78 35
238 1 55 97 4
239 1 41 56 98 28
240 1 64
241 1 33 84
242 1 81 59
243 1 73
244 2 49 91 23 101 87
245 1 25 74
246 1 34
247 2 9 57 48 44 59
248 2 98
249 2 33
250 1 54 36
251 2 92 54 82 100 6
252 1 94 1 15 84 93
253 2 74 39 40 7 73
254 1 24 64 28 10
255 1 63 30 44 47 49
256 1 45 2 77
257 1 34 33 43
258 1 55 95 27
259 2 51 71 10
260 1 47
261 2 13
262 1 7 53 6 29
263 1 70 79 73 36
264 2 24 49
265 1 34 60
266 2 51 93 16 48 47
267 2 85 8 20 19
268 1 71 70 19
269 1 36 92 55 48 60
270 2 66 18
271 2 68
272 2 11 51 8
273 1 99
274 2 96 16 9
275 2 58 47 16 38
276 2 52 26 55 67 28
277 2 77 82 12 34 17
278 2 99 70 14 51
279 1 92 80
280 2 80 27 89
281 2 100 37
282 2 35 4 76 98
283 1 54 15 71 36 64
284 2 1 31
285 1 63 73 80 79 37
286 1 55 92 23 70
287 2 75 57 48 73
288 1 27 47 6 84
289 2 75 16 59 40
290 1 10 69 97 36 82
291 2 5 66 8 3
292 2 24 66 95
293 2 57 17
294 2 44 29 100
295 1 67 10 90
296 2 91 3 7
297 1 9 95 70
298 1 63 86
299 2 46 19
300 1 16 56
301 2 4 61 98 92
302 2 41 80 47 52 77
303 2 48 15
304 1 101 66
305 2 81
306 2 66 34 46
307 2 73 16 60 14 13
308 1 24
309 2 80
310 1 29 16
311 2 77 73 57
312 1 97 88 73
313 1 87 1 71 12 69
314 2 4 82 37
315 2 4 61 88
316 1 96 84
317 1 74
318 2 52 69 22 81
319 2 42 16 95
320 1 22
321 1 51
322 1 93 5 84
323 2 83 101 29 54 78
324 1 58 45
325 1 47
326 1 43 96 52 3 53
327 2 83 10 5
328 1 48
329 1 33 62 77 25 4
330 2 51 68 72 2 67
331 1 89 83 41 52 85
332 2 54 46 6 100 66
333 1 37 23 64
334 2 95 44 70 26 97
335 1 54 98 50 39 61
336 1 24 2 90 10 28
337 2 81 98 66 52
338 1 96
339 2 25 13 72 21 92
340 2 77
341 1 16 94 101
342 1 23
343 1 89
344 2 67 47 90 79 75
345 1 10 78 4
346 1 2 65 89 32 33
347 1 3 74
348 2 40 71
349 2 82 11
350 2 36 45 22 42 35
351 2 33 90 28 8
352 1 10 23 11 54
353 1 56 75 82 50 80
354 1 49 66
355 2 34 76
356 2 96 75 97
357 2 91 10
358 1 56 74
359 2 91 49 64 36
360 2 96
361 2 40 36 12 70
362 1 6 48 12
363 2 42 67
364 1 74
365 1 4 58 78 60 94
366 2 65
367 1 23
368 1 92 11 82 4
369 2 44
370 1 50 65 63 36 94
371 2 34
372 1 66 94 69 37
373 1 94 72 8
374 1 9 33 59 87
375 2 98 83 64 63 44
376 2 88 50
377 1 44 47 37
378 1 61 65 35 25
379 2 40
380 1 39 62 36 46 17
381 1 44
382 1 2 25 89 76
383 1 68 10 31
384 1 37 32 12 44 93
385 1 27 81 37
386 2 28 91 75 100 37
387 2 100 101 1 43 15
388 2 57 28 100 69
389 1 75
390 2 31 48
391 2 3 69
392 1 25
393 2 41 72
394 2 94
395 2 12 52 3 15 31
396 2 14
397 1 6 87 65 50 24
398 2 9
399 2 99 7
400 2 100 89 43
401 2 39
402 2 76 87
403 2 77 78 53 48
404 1 12 57 65 98
405 2 90 77 30 87 96
406 2 5 45
407 2 47 20 36 67 15
408 1 20 67 41
409 1 90 36 92
410 2 23 78 61 90
411 1 58 99 11 86 23
412 2 9 92 81 21 96
413 1 78 16 44 7
414 2 6
415 1 21
416 1 5
417 1 39 75
418 1 60 84 9 80
419 1 5
420 2 17 37 9 58
421 2 40 93 21
422 1 4 14 93
423 2 56 32 61
424 1 90 78 61 51
425 2 35 7 80
426 2 68 48 28
427 2 50
428 2 5 32 61 86
429 1 16 92 34 70 99
430 1 81 92 54
431 2 49 44 17 9
432 1 4
433 2 2
434 1 12 33 88 91 53
435 2 97 53 39 59 56
436 2 81 56 63
437 2 15 37
438 2 46 92 93 50
439 2 71
440 1 49 9 95
441 2 79
442 1 53
443 2 29
444 1 27 5 87 13
445 2 18 41
446 2 89 94 83 45 65
447 1 10 3 48 82
448 1 17 70 15
449 1 31 64
450 2 72 81 99
451 1 90 69 73 92 63
452 2 16 76 54
453 1 8 78 51
454 2 10 62 19 80 67
455 1 31 7
456 2 63 20 18 65
457 2 8 25
458 1 45 22 87 9 11
459 1 51
460 1 45
461 2 5 32 54 2 66
462 1 81 83 31 75 97
463 2 76 73
464 1 79 47 10 89 45
465 1 13 18
466 1 13 79
467 1 26
468 1 24 99 56
469 1 83 91 18 63 49
470 2 92 86
471 1 67
472 2 81 25 5 84 94
473 2 77 90
474 2 75 14
475 1 27 18 87
476 2 4 54 17 88 39
477 2 41 33 87
478 2 71 81 19 78
479 1 32 97 12 18 7
480 2 101
481 2 18 56 57 2 55
482 1 35 93 68 56 34
483 1 39 95 50 34 43
484 2 12 25 9 96
485 1 15
486 1 13 96 44
487 2 2
488 1 48 83 55 36
489 1 16
490 1 61 65 35 14
491 2 38 55 18
492 1 98 20
493 1 34 47 12
494 2 38 76 34
495 2 27 11 54 90
496 2 23 97 1
497 1 13
498 1 18 60 14 51 6
499 1 11 95 51
500 1 15 51 52
501 1 49 101 8
502 2 88
503 2 31 37
504 2 49 86
505 1 93 68
506 2 69
507 2 11 79 22 67 80
508 1 40 96 39 56
509 2 33
510 1 91 53
511 2 79 97 70 37 66
512 2 79 28 17 62
513 2 68 94 46
514 1 84 71
515 1 88 81 59 60 16
516 2 70 19 57 74 55
517 1 71
518 2 75
519 2 44
520 1 78 100 2 77
521 2 81
522 2 20 67 70
523 2 41
524 2 4 79
525 2 36 14 13
526 2 67 97 3 74
527 2 86
528 1 43 76 70 7 73
529 1 46 39 84 18
530 1 65 70
531 1 75 90 71
532 2 36 66 17 94 23
533 1 100
534 1 42 58
535 2 54
536 1 4 32 92 95 38
537 1 16
538 1 79 61 88 63
539 2 95
540 2 43 65
541 1 44 76
542 2 25 59 69 98 60
543 2 95 45 82
544 1 63 81 49 51
545 2 55 62 5
546 1 50 91 59 47
547 2 23 55 51 19 17
548 2 60
549 1 68 83 27 21 19
550 1 29
551 1 42
552 2 45 36 73 39
553 1 27 22
554 2 40 94 53
555 1 31 79
556 1 34 50
557 2 12 94 26 90
558 1 27 41 52 13
559 2 25 71 15 50
560 1 25
561 2 76 85 56 101
562 1 90 61
563 1 16 95 55 94
564 1 65 75 36 23
565 2 59 17
566 1 13 95 89 40 33
567 2 101 39 43 84 1
568 2 78 71 42 51
569 1 88
570 2 76 37 59 67
571 1 70
572 2 95 31
573 2 1 92
574 1 5 95 83 57 93
575 2 64
576 1 71
577 1 37 84 3
578 2 34
579 1 77
580 2 17
581 1 48 13 69 4
582 2 98 48 10 72
583 2 50 15 79 62 55
584 2 16
585 1 69 47 6
586 1 78 57 74
587 1 72
588 1 41 97 15 39
589 2 58 85 89
590 2 25 97 78 33 19
591 2 59 71 93
592 1 21 99 19
593 1 25
594 2 38
595 1 57 15 9 21
596 2 90 93 29 62 79
597 1 36 100
598 2 88 72
599 2 71 51 26
600 1 15
601 1 12
602 1 18 69 82 99 84
603 2 19 6 98
604 1 69 43 4 3 19
605 2 19 65 36 13 40
606 2 100 51 47 43 95
607 2 67 44 92 57 39
608 2 85 69 70 16 51
609 2 19 44 77 67 13
610 2 10 17 72 45
611 2 8 3 1 81
612 1 31 71
613 2 2
614 2 75 28 90
615 1 97
616 2 58
617 2 47 101 14
618 1 20 89
619 2 21 87 24 47 90
620 2 53 90 19
621 1 100
622 2 1 23 89
623 2 79 11
624 1 2 95 88
625 1 52 47 81 68 91
626 2 29 90 42 99 54
627 1 56 78 82 46
628 2 95
629 2 2 78 62
630 2 42 18 26 20
631 1 18 10 13
632 2 79 71
633 1 79
634 2 68 42
635 2 5 16 22 37
636 1 65 36 43
637 2 1
638 2 76 26 27 24 30
639 1 82 22 49 89 47
640 1 78 84
641 2 54 18 94 95
642 1 47
643 2 34 21 74 57 63
644 1 98
645 2 38 16 5
646 2 18 100 66 49 12
647 1 42 99 83
648 1 77 2 54 90
649 1 64 85 36
650 2 68 38 88 42 24
651 2 81
652 1 19 33
653 2 41 43
654 2 50 16 59 51
655 1 71 85
656 2 84
657 2 57 93 46 92
658 1 100 89
659 1 22 82 35
660 1 99 21 54 37 71
661 1 63 5
662 2 31
663 2 85
664 2 48 55 11 51 28
665 2 32 72
666 2 47
667 2 18
668 2 8 9
669 2 4 63 87 62 77
670 1 47
671 2 87
672 1 71 51 7
673 2 49 75 68 25 11
674 1 43 96 36 16
675 2 99 26
676 1 3 1 77 90 25
677 2 101 49 31 86 57
678 2 90
679 1 75 48 77 82 31
680 1 60 39 12
681 1 82
682 1 85 17
683 1 99 22 67 7
684 1 14 13 56
685 1 68 48
686 2 5 66 70
687 1 21 17 38 49
688 2 64 47 38 68
689 1 84 66 1
690 1 59 94 5 2 77
691 1 81 71 89 15 56
692 2 38 93 18 96
693 1 69 24 51 36 100
694 1 76 58 59 10 57
695 2 2
696 2 37 14
697 1 9 24 36 83 75
698 1 50 78
699 1 49 79 95
700 1 89 85
701 2 48 15 29 50 10
702 1 67
703 1 87 95 26 24 82
704 1 85 43
705 1 61
706 1 77 87
707 1 64 7 39
708 2 13 22 1 9
709 1 31 71 99 92 49
710 2 96 74 1 59
711 2 22
712 2 55 62 95 63
713 2 6 95
714 1 93 59 90
715 1 67 76 48
716 1 96 6
717 1 51
718 2 33 39
719 1 88 13 43
720 2 50
721 1 94 96 86 24
722 1 20 44 38 16
723 1 26 39 71 95 63
724 1 91 87 92 42 36
725 1 60
726 1 4 66 84 16 47
727 2 70 60 9 86
728 2 57 62 32
729 2 53
730 1 81 61
731 2 94
732 1 97 19 34 52 1
733 1 84 10 77 61 49
734 1 14 52 60
735 2 88 8 29 21
736 1 45 4 83
737 2 72 89 48 100
738 1 84 86 85 61
739 2 18 56
740 2 78 93 66
741 1 38 80 10 52
742 2 38 83
743 2 93
744 1 84
745 2 40 16 3
746 1 30 39
747 2 3 33 81 58
748 1 84 27 101
749 1 60 41 58
750 2 16 17 27 40 68
751 2 94
752 1 52 24 81
753 1 2 99 67 64 65
754 1 83 41 93 43 24
755 2 45
756 1 81 1 27 17 44
757 1 46 92
758 1 95 51 63 93
759 2 91 28 20 60 15
760 1 15 92
761 1 17 83 82 59 43
762 1 46 79 8 57 47
763 2 88 97 75
764 2 80 82
765 1 1
766 1 79 33 90
767 1 62 42 13
768 2 7 14 77 86 46
769 1 89 81 9 12 85
770 1 39 8 26 20
771 1 22
772 2 13 52 92
773 2 35 87 72 59 39
774 2 9 4 7
775 2 95 62 30
776 2 18 83 78 41
777 2 88 92
778 2 2
779 2 87 40 45 19 60
780 1 30 45 80 85
781 2 96 53 15 39
782 2 34 93 101
783 1 99 98 35 13
784 2 18 96 75
785 1 51
786 2 41 82 10
787 2 21
788 1 85 90
789 1 33 90 29 38
790 2 63 68 35
791 2 8
792 2 93 83 21 49 29
793 2 81
794 1 51 76
795 1 48 98
796 2 89 62 11 27
797 2 10 39 75 2
798 1 32 93 61
799 2 41
800 1 91 74
801 1 19 12 36 85
802 2 24 78
803 1 47
804 2 11 91 53 42
805 2 84 99
806 2 100 23 88 83 92
807 1 23 73 69 45
808 1 40 32
809 2 53 4 54
810 2 48 62 15
811 1 70 79 30
812 2 99 71 84 57
813 1 80 49 52
814 1 69 9
815 1 52
816 1 5
817 1 87 1
818 1 63
819 2 60 94
820 1 33 41 97
821 2 45 90
822 2 87
823 2 83 36 67
824 1 45 78 29 59
825 1 82 71
826 2 97 34 24 43
827 2 5 4 93
828 2 69 87 67 64 50
829 1 90 58 14 74 21
830 1 61
831 2 83 80 12 56 19
832 2 77
833 1 53
834 1 56 74 90 34
835 1 97 49 46
836 2 73 63 57
837 2 14 58
838 1 4
839 1 80 35 30 22 34
840 1 88
841 1 71
842 1 33 66 81 98 90
843 2 5 20 70 63
844 2 60 85 89 10
845 1 22 92 43 69 77
846 2 88 17 72 90 64
847 1 7
848 1 44
849 1 32 47
850 2 5 58
851 1 81 10
852 1 98 25 44 94 52
853 2 28
854 2 92 29 91
855 1 95 81
856 2 2 37 94 88 69
857 1 1 63 32 42 16
858 1 98 38 44 43
859 2 35 3
860 1 30 69 59
861 2 84 70 23 36
862 2 30 87
863 1 80
864 2 48 83
865 1 88 91 16
866 1 81 70
867 1 54 12 81 27 69
868 2 79 3
869 2 65 76 37 14
870 1 17 50 36
871 2 6 60 39
872 2 16 4
873 1 96
874 1 34 95 47 92 71
875 2 15 14 78
876 1 8 51 55
877 2 100 28 42 74 11
878 1 5 64 6 76 59
879 1 63 80 69
880 1 30 71 23 5
881 2 87 95
882 2 16 48
883 2 11 4 43 8 29
884 1 31 91 18 66
885 2 6 59 3 67
886 2 74 73 63
887 1 9 89 21
888 1 34
889 1 20 14 17 26
890 2 67
891 1 91
892 1 81 69 62
893 1 50
894 1 44 92
895 1 26 56 40
896 2 21 87 29 38 6
897 1 81 75 10 95
898 1 59 1 95 69
899 1 20 59 15 43 30
900 2 63 94 30 26
901 1 10 47 44
902 1 92 36
903 1 73 15 52 44 3
904 2 87 28 58
905 1 15 84
906 1 48 95 55 61
907 2 87
908 2 68 19 67
909 2 40 51
910 2 79 65
911 2 80 27 89
912 2 79 69
913 1 62 52 85 28
914 2 28 59 98 30
915 1 21 51
916 2 77 18 13 55 27
917 1 57 47 72 24
918 2 58 17 80 30
919 1 98 49 45
920 1 13
921 1 7 64
922 2 52 35 20 61
923 2 35 1
924 2 61
925 2 41
926 1 85 39 80 10
927 1 57 61
928 2 89 81 33 19
929 1 74 35 4 5 60
930 1 5 41 89 100
931 2 18 77
932 1 31 56 45
933 1 62 47 83
934 1 96 86
935 2 87 40 90 30
936 1 10 66 42 44
937 1 21 26
938 2 58
939 1 90 97
940 1 77
941 2 69 82 27
942 1 39 36 62 23 21
943 1 97 82
944 2 87 86
945 2 88 7 3
946 2 8 40
947 1 53 65 31 36 66
948 2 9 90 77 75 51
949 1 73
950 2 100
951 2 30 9 24 13
952 2 78 4 48 15 37
953 2 67
954 1 2 44 6 16 88
955 2 26 99 23 31
956 2 5 32 11 77
957 1 58 26 63 8
958 1 32 68 95
959 1 87 57
960 2 26 88 4 83
961 1 10
962 2 52 95 87 24 32
963 1 4
964 2 21 24 85 10 27
965 1 90 51 37 61
966 1 23 63 62
967 2 9 36 96 87 22
968 1 58 66 35 16
969 2 76 47
970 1 1 99 47
971 2 23 36
972 2 58 93 22 76 30
973 1 35 38
974 2 26 30 44 69 22
975 2 63 93
976 2 85 97 6 95 64
977 1 91
978 2 7
979 1 7 35 70 74
980 2 19 49
981 2 89 92 9
982 2 100 83
983 2 28 76
984 1 99 91
985 2 67 8 6 33
986 2 100 97 4 96 64
987 2 55
988 1 30 18 39 71 97
989 1 68
990 2 80 35 97 37 55
991 2 61 62
992 2 62 53
993 1 31 59 15
994 2 43 46 78
995 1 65 81 92 8 51
996 1 93 42 89
997 2 49
998 1 54 84 19
999 2 82 35
1000 2 21 72
