101 2
1 1 789
2 1 923
3 2 24
4 2 572
5 2 750
6 1 225
7 2 82
8 2 663
9 1 529
10 1 280
11 2 883
12 2 191
13 2 826
14 2 795
15 2 301
16 1 710
17 1 378
18 2 754
19 2 549
20 1 449
21 2 992
22 2 642
23 2 302
24 1 359
25 2 395
26 1 470
27 1 802
28 2 812
29 2 732
30 1 987
31 1 951
32 2 90
33 2 175
34 1 544
35 1 321
36 2 922
37 1 618
38 1 763
39 1 51
40 2 770
41 1 611
42 1 982
43 2 689
44 1 842
45 1 124
46 1 374
47 2 879
48 2 307
49 2 437
50 1 335
51 2 727
52 1 498
53 1 549
54 1 544
55 2 209
56 2 398
57 2 103
58 1 618
59 1 911
60 1 614
61 1 490
62 2 534
63 1 331
64 1 154
65 2 414
66 2 345
67 1 240
68 2 30
69 2 672
70 2 945
71 1 994
72 1 447
73 2 821
74 2 778
75 1 420
76 2 741
77 1 909
78 2 702
79 1 569
80 1 248
81 1 958
82 2 397
83 2 455
84 1 321
85 1 98
86 1 877
87 1 82
88 1 302
89 2 723
90 2 784
91 2 134
92 2 243
93 1 840
94 1 526
95 1 112
96 1 302
97 1 458
98 1 112
99 2 676
100 2 258
101 2 15
1 418 36
2 295 44
1 1 97 100 10
2 2 93 95 41 34 2
3 2 32
4 1 94 17 8
5 2 27 30 5 94 74
6 1 3
7 1 32 13 83
8 2 93 67 16
9 1 38 89 16 30 78
10 2 97
11 1 16 68 89 72
12 2 65 23 21 85
13 2 67 62 32 9 55
14 1 58 83 88
15 1 42 46
16 2 52 66 86 95 87
17 2 14 92 21
18 1 53 66 64
19 1 85
20 2 93 14 71 46
21 1 28 93 15 29
22 2 93 98
23 1 14 74 80 83 48
24 1 84 6 33 77 94
25 2 66 11 54 46 57
26 2 15
27 2 89 53 63 22
28 1 75 37 82 96
29 1 51 39
30 2 56 19
31 2 80 30
32 1 79 75 52
33 1 46 43 73 32 10
34 2 31 41 66 11 8
35 1 72 73 6
36 1 72
37 1 70 36 79 67
38 1 3 55 9 58 17
39 1 31 61 3 34
40 2 81
41 1 87
42 2 99 1 13
43 2 44 36 69 68 29
44 2 88
45 2 46 8 19
46 2 45 33 68
47 2 63 61
48 1 95
49 1 65 63 85 18
50 1 27 33 88 97 100
51 2 76 29 75 46
52 2 47
53 2 92
54 1 52 96 38 77
55 2 83 69 75 28
56 1 100 27 58 91
57 1 19 49 37
58 1 49
59 2 31
60 2 12 28 77 71 54
61 1 36 28
62 2 27 97 76 42 48
63 1 66 100 35 33 51
64 1 96 62 9 36 91
65 1 6
66 2 29 36 25
67 2 85 20 95
68 1 74 7 25 53
69 1 46
70 2 59 24 29 33 36
71 1 10 46 2 49
72 2 54
73 2 30 37 35
74 1 20 71
75 2 97 30 65 47
76 2 12 10
77 1 73 70
78 2 100 77 53 51 8
79 2 18
80 1 88
81 2 96 97
82 1 20 80
83 1 81 100 13 71
84 2 39 85 57
85 1 99 52 10 3
86 1 96 5 87 94
87 2 34
88 1 90 52 68 26 91
89 2 49 87 47 4
90 1 17 67 85
91 2 97 17 6 25
92 1 30 87 17 51 31
93 1 66 67
94 2 67 97
95 2 44 56
96 2 46 75
97 1 66 75 51 96
98 2 33 39 50 10 51
99 1 12 1 13 7 82
100 1 89 11 69
101 2 71
102 1 44 70 42
103 2 86 4
104 1 3
105 2 72 65 21 22 83
106 1 49 48 87 97 70
107 2 62 55 10
108 2 101 95 88
109 1 13 86
110 1 91 7 68 45 67
111 1 65 74 29 35 7
112 1 74 15 2
113 1 53 87 13 37
114 2 34 96 92 88
115 2 57 38 74
116 1 30 54 17 83
117 2 14 72 78 6 69
118 2 9 61 42 89
119 1 96 11 24 54 38
120 2 82
121 1 70 35
122 2 21 36 25
123 2 5 82 67 3 46
124 2 3 14 6 86
125 2 12 15 78 8
126 2 39 59 68
127 2 66 49 41 36
128 1 57 67 29 66 3
129 1 94 93 53 32 16
130 1 14 40 68 96
131 1 27 75
132 1 28 23 16 54
133 1 52 91 48 45
134 2 93 80
135 1 101
136 1 79
137 1 89
138 1 64 78 97 85
139 2 97 27 92 82 44
140 1 85 43
141 1 32
142 1 63 8 73 43 61
143 2 91 87
144 2 69 56
145 2 63
146 1 99 85 79 69
147 2 78 4 32 89 19
148 2 82 101
149 2 54 19 34
150 2 66 75
151 1 38 79
152 1 5 31 18 21 93
153 1 94 33 70
154 1 33 67
155 1 20 19 32 91 89
156 1 49 74 77
157 1 98 100
158 1 31 86
159 2 39 74
160 2 32 79
161 1 13 51 9
162 2 88 66 27 74
163 1 87
164 1 98
165 1 78 88 39 18
166 2 98 56 35 99 10
167 1 2 52
168 1 52
169 2 37 73
170 2 20 67 54 63 60
171 1 57 69 62
172 1 45 71 85
173 1 66 95 31 52
174 2 44 69 33 101 21
175 1 93 43
176 2 59 27 61 39
177 1 94 36 14 2
178 2 97
179 2 68 77 34 74 29
180 1 71 65 12 20 77
181 2 88 42 29 22 30
182 1 100 48 65 55
183 2 38 88 90 78 39
184 2 11 77 83 30
185 1 96 51 20 37
186 2 65 30
187 1 60 69
188 2 72 81
189 1 19 97 42
190 2 51 48
191 2 12 23 49 58
192 2 4 36 35 46 41
193 2 27 42 21 93
194 1 65 74 52 77 2
195 1 71 42
196 1 47
197 1 68 56 17
198 2 52 80 63 16 64
199 2 81 59 67
200 2 21
201 1 49 48 59 30
202 2 32
203 2 35
204 2 98 58
205 1 76 87 99
206 1 74
207 1 88
208 1 99 45 56
209 1 6
210 1 49 69 11 47
211 2 34 49 50 33 90
212 2 66
213 1 101 31 40
214 1 95 1 45 18 69
215 2 72 10 61 24
216 1 32 75 33 80 90
217 2 57 36
218 2 99
219 1 69 3 22 70 101
220 1 60 92 79 47 43
221 2 38
222 1 89
223 1 25
224 2 76 24 78 59
225 2 20 60
226 2 54 7
227 1 51 7 54
228 1 55 74 70 24
229 2 29 87 50
230 2 72 54
231 1 21
232 2 3 26 22 25
233 2 30 63 66 58 34
234 2 52 70 92 11
235 2 48 72 57 27
236 2 73 95
237 2 70 91
238 1 70 31 29
239 1 70 61 11 16 40
240 1 43 45 100 80
241 1 57 36 29 11 78
242 1 26 11
243 2 23 57 94 44
244 1 69 71 28
245 2 41 68
246 2 15 7 33
247 1 22 69 60
248 2 100 101 3
249 1 53 8
250 1 94 89 22
251 2 46
252 1 71 40 38 14 67
253 2 68 96 42 78 75
254 1 76 65
255 1 76 55 48
256 1 20
257 2 97 37 32 69 76
258 2 17 81 86 52 63
259 2 100
260 2 75
261 1 35 88 6
262 1 88 33 91
263 2 55 68 87 99 57
264 2 81 50 47 68 84
265 1 64 78 92
266 1 10
267 1 78 12 35
268 2 75 38
269 1 41
270 1 11 42
271 1 80 70 51 23
272 1 50 90 79 33 71
273 2 31 33 10
274 1 5 59 73
275 2 47
276 2 47 19 11 61 82
277 1 87 51
278 2 66
279 2 36 88 8 39 101
280 2 78 76
281 1 38 85 48
282 2 10 11 19 60
283 1 68 21 84 3
284 2 82 23 84 32 53
285 2 84 35
286 1 43 35 9 52 32
287 2 12
288 2 22 27 59 5 82
289 2 12 79 19
290 2 42 49 92 63
291 2 45 36
292 1 23 18 96 74 94
293 1 72 7
294 2 96
295 2 4
296 1 92 75 101 89 41
297 2 79 100
298 2 76
299 2 55 52 88 98
300 1 69
301 1 5 21 60 89 71
302 1 77 51
303 2 51 19 36
304 2 48
305 1 40 61 33
306 2 95
307 1 28 7
308 1 58 16
309 2 72 62 58 27
310 1 56 89 8
311 2 82
312 1 75 50 24 89 81
313 2 6
314 2 20 29 31 9
315 1 55 47
316 1 29 32 74
317 1 35 42 23 31
318 1 96 84 65 14 13
319 2 48 17
320 2 53 77
321 1 55
322 2 100
323 1 44
324 2 14 78 11
325 1 56 99 84 74
326 1 64
327 2 94 82 11
328 1 20 32 55
329 2 7 26 31
330 1 41
331 2 47 96
332 1 56 4 50 61
333 1 101 85 64 82 67
334 2 36 73 94
335 2 45 101 21 63
336 1 12 31 78
337 1 81 64 1
338 1 66 74 35 32
339 2 87 10
340 1 99 23 38
341 1 35 95 65 11
342 2 82 95 67 93
343 2 90 39 71 42 80
344 1 62 84 9 6
345 1 16 99 21
346 1 88 5 50 89 100
347 1 80 54 43 61
348 2 31 10 92 72
349 1 100
350 1 16 84 21 12 52
351 1 1 69 13 29
352 1 50 1 29
353 2 18 29 77
354 1 27 79 100 69
355 2 71 80 91 89
356 1 78 13 81 38
357 1 44 72 27 71 89
358 1 99
359 1 89 62 7 13
360 1 84 98 93 32 27
361 2 22 82 31 97 13
362 2 58 1 66
363 1 39 20 24 25 94
364 1 34 42 38 15
365 2 34 3 43 69
366 2 62 4
367 2 15
368 2 9 44 24 82 71
369 2 42
370 1 77 35
371 2 45
372 1 41 64
373 1 21 60 88
374 2 74 53
375 1 59 81 29 24
376 1 41
377 1 72 75
378 1 95 41 82 69
379 2 3 95 22 92 91
380 1 7
381 2 13
382 2 7
383 1 58
384 2 86 74 59
385 1 93 58 47 85
386 2 81
387 2 71 38 99
388 2 2 75 60
389 1 72 56 22
390 2 32 17
391 2 100
392 2 98 28 94 12 101
393 2 44 30 81 24 26
394 1 80 69 86 30
395 2 8 6
396 1 61 5 19 95
397 2 88 98 47
398 1 41 92 84 29 12
399 2 100 98
400 1 75 81
401 2 99 84 27
402 2 10 21 88 82
403 2 47 24 40
404 2 15 40 69 48
405 1 21 15 51 90 28
406 2 11 91
407 2 10
408 2 84 65
409 1 50 36
410 2 76 65 62 57 94
411 2 29 4 67 97
412 1 1 84 9
413 2 12 2 96 50
414 1 80 4 46 88
415 1 24 4 5 58
416 2 78 69 17
417 1 56 7
418 2 43 58 61 52 38
419 1 63 32 20 85
420 1 84 75 97
421 2 29 2
422 1 33
423 2 21 19 25 91
424 1 72
425 1 44
426 2 8 9
427 1 12 14 63
428 2 36
429 2 95 25
430 2 19 25 13
431 1 80 4 82 83
432 2 10 91 92 39
433 1 61
434 1 53 7 89 80 37
435 2 41 84 42 53
436 1 77
437 2 42
438 2 67 92 58 63 14
439 2 46 70 77 90 19
440 1 2
441 2 20 12 16 53
442 1 41 66 85 75
443 1 52
444 1 8 98 54
445 2 13 35 58 42 72
446 1 47 50 43 34 58
447 1 39 13
448 1 88 12
449 1 69 95 41 85
450 1 71 67 90
451 1 61 30 23 70 101
452 2 48 89
453 2 72 55 31 43 91
454 1 17 73 2 75 88
455 1 90 64
456 1 93 72
457 1 17 98 63 14 19
458 2 87 88 91
459 1 73 79 46 23 89
460 2 17 71 80
461 1 56 57
462 1 41 17
463 1 61 49 26 63 18
464 1 25 6 91 47
465 2 18 4 100 33
466 2 23 41 78
467 1 38 16
468 1 20 55 37 51 67
469 2 36 44 55
470 2 35
471 1 91 65 42 26 45
472 1 12
473 1 10
474 2 26 46 95
475 2 9 39 4 68 8
476 2 91 71 22 14
477 1 65 13
478 1 16 8 69 71
479 1 23 94
480 1 47 29 36 75
481 1 83 75 13 20
482 2 44 54 40 82
483 1 13 7 60 6
484 2 67 13 46
485 2 70 38 31 44
486 1 97 53 50 73 34
487 2 42 66 24
488 1 82
489 2 16
490 2 44 26 77
491 2 43 67 5 62
492 1 54
493 1 66 2 7 76 55
494 1 58 14 9 12
495 2 83 13
496 1 72 6
497 1 66
498 1 7 56 70
499 2 60 53 29
500 1 54 16 46 1
501 1 36 55 42 11 26
502 1 36
503 2 81 5 79
504 2 85 83 30
505 1 92 20
506 2 23 66
507 2 62 29 92 61
508 2 32 72
509 1 32 99
510 2 43 92 32
511 1 57 81
512 2 36 12 94
513 1 30 29 69
514 2 46 79 24 88 77
515 2 4 37 16
516 1 74
517 2 15 89
518 1 12
519 1 7
520 1 92 8 13 94 57
521 2 29 27 28
522 2 70
523 2 75
524 1 26 67 74 4 7
525 1 25 99 68 57 89
526 2 59 100
527 2 58 19
528 1 87 72 17
529 2 8 32
530 1 37 93 55 62 49
531 2 46 79 19
532 2 77 90
533 2 25 24 46
534 1 27
535 1 33 4 19 21 8
536 2 100 88 36
537 2 75 93 33 67 24
538 2 73 50 83
539 2 95 57 41 8 13
540 1 36 29
541 1 35 66 5 61 8
542 1 77 34 91 79 23
543 2 46 10 6 79 57
544 2 92
545 1 58 70 27
546 2 44
547 1 78
548 2 15 86 24
549 2 35 32
550 2 42 26
551 1 37 96
552 2 24 39 33
553 1 30 87 84 68
554 1 66 93 21 13
555 1 2 39 79 69
556 2 96
557 2 58 81 13 19
558 1 38 100
559 2 53 77 100 90
560 2 47 48 93
561 2 59
562 2 59 54 15 43
563 2 41 11
564 2 76 35 14
565 2 84 18 99 1
566 2 70 1 9
567 1 89 50
568 1 57 46
569 1 61 21
570 2 8
571 2 61 18 2
572 2 54 75 38 27 37
573 1 93
574 2 81 66 38 30 50
575 1 66 27 36
576 2 49 56 34
577 2 27 38 73 56 93
578 2 77 15 75
579 2 75 30 16 77
580 2 64 91 31 99 5
581 1 31
582 2 29 62
583 1 65 68 94 28
584 2 97
585 1 54 88
586 1 91
587 1 34 47 89 88 69
588 2 13 85 96 38
589 2 19 40 70
590 1 64 1 46 42
591 1 70 27
592 2 17 58 65 92
593 1 56 47
594 2 3 21 82
595 1 71 51 25 8
596 1 59 5 96 83
597 2 101 99 77 63 89
598 1 1 54 36
599 1 10 39 67 16
600 2 56
601 2 32
602 1 25 39
603 1 13 32 51
604 2 43
605 1 88
606 2 61 41 50
607 2 52 18 91 2 41
608 2 90 4
609 1 86 41 84
610 2 28 49
611 2 44 95 20 28 81
612 2 96 1
613 2 100 74 10 93 80
614 2 3 93 18 7
615 2 21 52 78 62
616 1 69
617 2 44 97 60
618 1 77 42
619 1 6
620 2 85 68 19
621 1 95
622 1 24 87
623 2 18 81 28 90 39
624 1 16 73 28
625 1 13 20 50 10 51
626 1 80 64 13
627 2 11
628 2 99 46 67 77 101
629 2 30 35 9
630 1 14 73 12
631 1 77 90 16 30
632 1 89 66 81
633 1 28
634 2 84 87 50 41 8
635 2 91 11 13 17 16
636 2 82 27 42
637 2 97
638 2 33 87 79 58
639 1 50 93
640 2 14 17 80 34 54
641 2 63 44 64 62
642 2 28 20 44 91
643 2 38 63 18
644 2 77 94 9 8 79
645 2 9
646 2 67 51
647 2 19
648 2 7 59
649 2 35 4
650 1 99 45 22 26 58
651 1 11 34 14 35 4
652 2 100 38 49 3 60
653 2 55 62 71 24
654 1 25 95 78 93 31
655 2 97
656 2 12 96 65 51 26
657 2 92 78 2 54
658 2 27 71 77 51 23
659 1 83
660 1 17
661 1 11 61 42
662 2 63 23
663 1 41
664 2 38
665 1 82 92 16 40 29
666 1 24 70 94 65
667 1 74
668 2 51 53 95 32
669 2 22 91 8
670 2 101 49 52
671 1 88
672 1 58 93 39 59
673 2 87 8
674 2 66 83 99 86
675 2 91 26 70 60
676 1 10 65 55
677 1 64 41 65
678 1 73 82 92 47
679 1 51 25 90 42 87
680 1 30 21
681 2 5
682 2 87
683 1 27
684 1 36
685 2 59 12 26 17
686 2 83
687 2 15 13 47
688 2 7 3 69
689 1 82 76 20
690 1 3 98 91 15
691 1 52 86 60 9
692 1 33 92 67 72 18
693 2 61 72
694 2 56 48
695 1 80 37 39 22 93
696 1 98
697 2 4 74
698 2 93 7
699 2 31
700 2 59
701 1 23 59 100
702 2 92 54 90 65
703 1 53
704 2 81 23 90 15
705 2 25 37 4
706 1 50 20 71 7 79
707 2 20 31 78 72
708 2 60 87 52 48
709 1 59
710 1 66 70
711 2 7 101 66 8
712 1 89
713 2 72
714 1 54
715 1 1
716 2 25 95
717 2 37
718 2 88 1 50 74 41
719 1 82 93 15 83
720 1 37
721 2 76 46 63 2 75
722 1 69 90
723 1 101 38 40 35
724 2 98 48
725 1 60 77 99 30
726 1 26 70 48 92 15
727 2 30 68
728 2 26
729 2 83 71
730 1 69 19 40
731 1 4
732 1 70 31 34
733 1 76
734 2 63
735 1 4 64 35
736 1 92
737 2 55 38
738 2 4 42 15 91
739 2 51 91 67
740 2 6 26
741 2 84
742 2 62
743 1 10 55 86 62 92
744 1 97
745 1 9 10 4 100
746 2 15
747 2 6
748 1 72 25
749 2 13 33 23
750 2 68 44 82 100 41
751 1 56 35
752 2 45 7 81
753 2 69
754 1 13 48
755 1 96 95 73 83
756 2 44 95 3
757 1 82 22 73
758 2 7 56 58
759 1 45 74 31
760 1 67
761 1 42 90 24 48
762 2 32 24 91 57 63
763 2 9 42 40 76
764 2 76 92 6 67 96
765 2 62 9
766 1 98
767 1 100 14 66 1 68
768 2 65 72 55 27 81
769 2 12 46 48 11 3
770 1 86
771 1 96 4 65
772 2 69 21 13
773 1 1 66 8
774 1 18
775 1 98
776 2 1 11 25 69 70
777 2 19 84 79 74 63
778 2 54 8 99 88 6
779 2 43
780 2 82
781 1 53 84 1
782 1 1 54 90 46 15
783 1 65
784 2 76 14 19
785 2 33 94 34 9
786 1 39 55
787 2 40
788 2 30 4 33 84 22
789 2 58 24 68 7
790 2 51 80 2 99 31
791 1 14 2 19
792 2 35 9 69 87 77
793 2 33 91 57
794 1 40 39 1 99 35
795 2 82 32 34 62
796 1 23 52 83 43
797 2 57
798 2 20
799 2 54 43 59 66
800 2 32 100
801 1 70 91 1 56
802 1 83 13 36
803 1 34
804 1 78 55 3 26
805 2 66 81 40 48 14
806 2 67 54 73
807 2 89 100 72 87 55
808 2 79 54 57 99
809 1 36 78
810 1 22
811 1 45 11 64
812 1 89 72
813 1 9 95
814 1 4 91 69 88
815 2 101 56 74 28
816 1 12 15 87 61
817 1 62
818 1 39 45 40 48 12
819 2 55 65 49 52 57
820 2 78 39
821 2 4 37 99
822 2 89 76 81 27
823 2 88 14 37
824 2 28 7
825 1 37 36 24
826 1 27 95
827 2 35 7
828 1 24 58 21 49 8
829 2 48 77 61
830 2 48
831 2 83
832 2 66
833 2 90 94 20
834 2 74 2 13 48 14
835 1 32 33 12 54 73
836 2 39 92 42 16 83
837 1 56 14 83
838 1 91
839 1 92 78 47
840 1 27 55 15
841 1 86 31 68 6
842 1 86 94 82
843 1 13 15 3 83
844 2 27 39
845 1 100
846 1 100 70
847 2 34 76 45 60 99
848 2 48 74 14 8 9
849 2 37 71 16 47
850 1 70 35
851 2 63
852 1 50 64 7
853 2 46 80 57 66
854 1 17 31 45 92 97
855 2 57 66 60
856 2 85 99
857 1 23 101
858 1 30 20 5
859 1 100 58 85 47
860 1 15 63 97 86 77
861 1 97 55 45 66 68
862 2 47
863 2 44 14 32 48 65
864 2 45 59
865 1 61 90
866 2 13 51
867 1 14 80 100 92 20
868 2 76
869 1 1 81
870 2 39 24 15
871 1 60 3 48
872 2 67 86 31 64 77
873 1 1 56 8
874 2 55 62 34
875 2 99 18
876 1 56
877 1 65 1 46 49 39
878 1 69 96
879 1 60
880 1 90 101
881 1 67 15 53
882 2 24
883 2 5 66 55 6 32
884 1 90 79 53
885 1 42
886 1 82 92 57 100
887 1 46 74
888 2 101 29
889 2 3 94 14
890 1 67 49 77
891 1 75 98 37
892 2 18 42
893 1 54 38
894 1 58 12 90 21 92
895 2 65 25 71
896 2 20 85 63
897 2 53 52 67 2
898 2 88 89 61 74 18
899 2 15 74 64 37 24
900 1 11
901 2 9 59
902 1 92
903 1 43 99 7
904 2 96
905 1 9 92 29 64 43
906 1 12 97 18 35 19
907 1 68 11
908 1 54
909 1 43 32 93
910 1 42 59 50 79
911 1 44 42
912 1 50 90 92 32 72
913 1 83 30 51 10 45
914 2 99 96
915 2 2 84
916 2 25 59 71 17
917 2 15 7 58
918 1 97 40 21
919 1 86 37 27
920 2 72 26 4 46
921 2 38 66
922 2 22 99 73 5
923 2 100 3 64 65 53
924 2 96
925 1 86 4
926 1 82 12
927 2 32 42 8 52 20
928 2 1 26 63
929 1 32 41 7 99
930 2 88 39 8 16
931 2 50 29 9 81 78
932 1 47 95
933 1 21 68 59 30
934 1 86 34
935 1 42 18 35
936 1 23
937 2 87 93 1
938 2 20 52 66 55
939 1 15 4
940 1 18
941 2 39
942 1 52 7 9 90 99
943 2 98 73 29 74
944 1 54 92 8
945 2 83 53
946 1 28 85 86
947 1 8 79
948 1 21 59 55 18 15
949 1 94
950 1 42 77 18 2 75
951 1 16 91
952 2 86 4 17 33 97
953 1 42
954 1 93 18
955 2 22 24 68
956 1 35 23 101 28
957 2 28 56 47 63
958 1 51 81 74
959 2 64 2 78
960 2 27 95 19
961 2 81 32 43 48 76
962 2 77
963 1 72 23 46 54 33
964 1 12 29 37 70
965 2 6 31 88
966 2 33 54 91 6
967 2 88 54
968 1 63 38 32 88 92
969 1 64 4
970 1 72 95
971 1 91 96 94 74
972 2 23 15 6
973 2 41
974 2 23
975 1 51
976 2 101 45 93
977 2 64 7 57
978 2 20
979 2 94 95 40 16
980 1 74 27 78 29 21
981 1 78
982 2 65
983 2 10 74 14
984 2 75 67 86 12
985 2 57 101 35
986 1 24 95 52 36
987 2 95 62 97
988 1 7 99
989 1 52 34 77 81
990 1 57 85 44 56
991 1 36 49 60 83 69
992 1 31 61 32 25
993 2 24
994 1 72 4 80 37
995 2 99 101 37 74
996 2 52 32
997 2 94
998 2 65 71 9
999 2 92 26
1000 1 12 50
1001 2 33 70 47 99
1002 1 43 30
1003 1 36 56 77 35
1004 1 48 24 3 15
1005 2 53 78
1006 2 62 29 71 51 60
1007 2 60 50
1008 1 59 39
1009 1 40 94 58
1010 2 17 75 37
1011 1 2 14 24 9 20
1012 2 24
1013 1 1
1014 2 18 95 97 49 66
1015 2 70
1016 1 57 34 78
1017 2 4 25 17 18 88
1018 1 70 87
1019 2 20
1020 1 82 19 90 20
1021 2 89 79 9 66 60
1022 1 89 54
1023 1 72 51
1024 1 45
1025 2 20 74
1026 2 73 100 13
1027 2 26
1028 1 8 21
1029 2 67 35 84
1030 1 17 54
1031 1 95 86 62 93 52
1032 1 76 53 33 100
1033 2 47
1034 2 23 100 92 69 62
1035 2 51 52 99
1036 1 15 91
1037 2 101
1038 2 30 77 12 31
1039 2 100
1040 2 59
1041 2 54 29 7 80 57
1042 2 65 72
1043 1 72 60
1044 1 47 54 27 62
1045 1 5
1046 2 7 68 41 9
1047 2 78
1048 2 57 14 30 21 96
1049 2 93 31 84
1050 1 23 64 74 33 69
1051 1 10 45 29
1052 1 17 96
1053 2 92 42
1054 1 1 19 45 43 49
1055 1 20 61
1056 1 11 86
1057 2 24 72 6 79
1058 2 29 3
1059 1 79 4 86 2
1060 1 29 99 35 47 64
1061 2 46
1062 2 17 87 57
1063 2 97 72 89 15 81
1064 2 21
1065 2 97 38 20 10
1066 2 23
1067 1 11 39 34 48 97
1068 2 36 88 98 78
1069 1 69
1070 1 61 23
1071 1 77 12 64
1072 1 36 85
1073 1 55 49 61 29 54
1074 1 31
1075 2 50 52
1076 2 70 46 24
1077 2 26
1078 2 92 28
1079 2 37 7 77 81
1080 2 29
1081 1 92 82 68
1082 2 8 93 6
1083 1 16 53 32 78 84
1084 2 15 49 2
1085 2 29 35 84 14
1086 2 82 13 41 23
1087 2 43
1088 1 76 62 93
1089 2 31 64 4 79
1090 2 76 82 98 96
1091 1 52
1092 1 22
1093 1 13 5 94 12 29
1094 2 89 5 94
1095 2 34 57 62 10
1096 1 89 22 56 90 65
1097 2 80 9 14 23
1098 2 41 71 65 76
1099 1 23
1100 1 44 72
1101 2 22 79
1102 1 64 52 80 67
1103 1 59
1104 1 55 48 28 16 51
1105 1 83 91 100 93 8
1106 1 101 60
1107 1 40 86 96 38 21
1108 2 1 67 22 42
1109 2 26
1110 1 67 7 31 15 18
1111 2 39 83
1112 1 5 59 70 92 55
1113 2 73 77 10 80 21
1114 1 59 48 50 53 95
1115 1 26 47 34 6
1116 2 60 27
1117 2 20 30 90 88 17
1118 2 47 71
1119 2 3 77 71 64
1120 2 93 24
1121 1 60 43 4 13
1122 2 10 48 60 95
1123 2 6 98 67
1124 2 77 12
1125 1 14 9 60
1126 1 27 58 95
1127 1 65
1128 2 74
1129 2 25 14 32
1130 1 87
1131 2 88
1132 2 27
1133 2 40 24
1134 2 30 92
1135 1 41 3
1136 1 59 38 53 84 57
1137 1 86
1138 1 11 63 38 10 19
1139 1 18
1140 1 98 45 52
1141 1 75 1 13 36
1142 2 17 87 75 42
1143 2 82
1144 1 58 83 4 16
1145 2 65 2 99
1146 2 75 9
1147 1 85 37 5 94 79
1148 1 44 24 42 32 96
1149 1 47 63 2 73
1150 2 65 40 56
1151 1 70 24 101 12
1152 2 92 51 8
1153 2 84 26 80
1154 1 82 17 79
1155 2 40 26
1156 1 30 101 79
1157 2 47 36 53 79
1158 2 74 18 19
1159 1 39
1160 1 35 91
1161 1 92 6
1162 2 65 57 32 46 20
1163 2 93 27 99 89 74
1164 1 95
1165 2 54 48 88 76
1166 1 96 75 92 59
1167 1 22 32 60 79 27
1168 2 53 45 93 21 9
1169 1 40 44 75
1170 1 34 40
1171 2 48 70 3 23 43
1172 1 46 37
1173 2 71 35 78 29 76
1174 1 97
1175 2 63
1176 1 55 27
1177 2 18 5 12 29
1178 2 13 98 93 59 55
1179 1 90 68 24 12 52
1180 1 50 70 42 25
1181 1 22 80
1182 2 45
1183 2 48 16 76 36
1184 1 7 71
1185 1 41
1186 1 49
1187 1 91
1188 2 51
1189 2 45 83 8
1190 2 83 77 51 19 11
1191 1 88
1192 1 44 81 49 34
1193 1 17
1194 1 68 86 34
1195 1 30 80 35 29 31
1196 2 88
1197 2 91 92 23
1198 2 17 75 60 82
1199 2 52 101 65 77 56
1200 2 83 11
1201 1 11 49
1202 1 68
1203 1 39 42 13 36
1204 2 53
1205 2 95 82 93 48 71
1206 2 93 91 69 63
1207 2 77
1208 2 97 41 34
1209 2 71 17 50
1210 2 86 36 83 84
1211 1 4 61 19
1212 1 90 81 100
1213 1 33 82 47 8
1214 1 50 60 96 17
1215 2 35 3 11 58 9
1216 2 21
1217 2 59 3
1218 2 41
1219 1 34 93 11 49
1220 2 50 28 60 16
1221 1 42 5 43 29
1222 1 90
1223 1 100 25 94 56
1224 1 31 57
1225 2 95 91 14
1226 1 29 67 64 53
1227 2 45 89 68 61
1228 2 25
1229 1 49 73 44 63 100
1230 1 49 75
1231 1 6 58 14
1232 2 29 42 41 52
1233 1 32 58 76 12 13
1234 2 11 33 88 85 80
1235 1 72 5 81 39 10
1236 2 100 62 22 58
1237 1 97 98 34 64 93
1238 1 55 90 45
1239 2 60 6 33 73 101
1240 1 95
1241 1 98
1242 2 56 51
1243 1 93
1244 1 80 42
1245 1 39 67 3
1246 2 34
1247 2 86
1248 2 93 51 65 73
1249 1 53
1250 1 16 57 32 53 13
1251 2 17 81 25
1252 1 40
1253 2 88 13 71 25 28
1254 2 11 23 96
1255 2 93 97
1256 2 38 8
1257 2 79 40
1258 1 40
1259 1 67 59 41 71
1260 2 65 28 17 92 66
1261 1 62 82
1262 2 1 80 14 84 50
1263 2 56 84 72 68 33
1264 1 10
1265 2 5 55 27 21 64
1266 2 41 49 95 3 22
1267 1 76 71 90 60 26
1268 2 100 38 69 87 37
1269 2 11 92 48 28
1270 2 93 89 27 79
1271 2 80 67
1272 2 32 93 99 61 13
1273 2 37
1274 1 18 9 60 43
1275 2 3 23 87 42
1276 1 32 75 21 28 25
1277 2 48 26
1278 1 76 92 46
1279 2 1
1280 1 41
1281 1 83 97
1282 1 24 33 54 16
1283 2 70 3 14 72
1284 1 77 5 70
1285 2 61 69 74 18 39
1286 2 100 30 4
1287 2 64 100 20 101 10
1288 1 42
1289 2 27
1290 2 22 34 77
1291 2 44 60 12
1292 2 89 63
1293 1 25 40 30 12 50
1294 2 71 4
1295 2 99 87 83 8
1296 1 81 18
1297 2 97 36
1298 1 79 5 24
1299 2 47
1300 1 54 43
1301 1 21 57
1302 1 93
1303 1 35 68 75 37
1304 2 14 18 41
1305 2 46
1306 2 66 58 85 28 90
1307 1 12 57 3
1308 1 97 32 6
1309 1 57 50 95
1310 2 3 74 93
1311 2 52 95 81
1312 1 2 40
1313 1 33 57 77 11 34
1314 2 65 54 71 89
1315 1 40 4
1316 1 93 8 5 90 81
1317 1 96 63 27
1318 2 54 46 51 99 63
1319 1 72 40
1320 2 42 84
1321 1 44
1322 1 41 33
1323 1 34 95 86 3 23
1324 2 47 86 78 64 80
1325 1 18
1326 2 77
1327 1 100 38 76
1328 2 18 64 32
1329 2 39 22 58
1330 2 24 71 56
1331 1 76 18 34 35
1332 2 56
1333 2 88 16 34 4
1334 1 44 100 11 47 46
1335 2 47 67 32 77
1336 2 97
1337 1 59 35 39
1338 2 82 11
1339 1 88 17 62 72 48
1340 1 63 13 36 3
1341 1 81 14 84
1342 1 17
1343 2 5 4 88
1344 2 91 28
1345 2 50 99 51
1346 1 77 5
1347 1 93 39 59 27
1348 2 30 51 21 5
1349 1 5 99
1350 1 76 5 2
1351 2 2 11 89 54
1352 1 22 35 86
1353 2 96 43 100 84
1354 2 5 67 98 95 24
1355 1 37 64 38
1356 1 36 39 22
1357 1 21 75 68
1358 1 93
1359 2 67 35 32 74 47
1360 1 61
1361 1 94 65 39 93
1362 1 35 23 67 11
1363 1 19 64 14 85
1364 2 73 24
1365 2 37 32 90 81 71
1366 2 60 50
1367 1 20
1368 1 31 8 61 18
1369 1 80
1370 1 90 66 65
1371 1 41 25 55 71 30
1372 1 94 49 28 1
1373 2 89 42 70 63
1374 1 19 94 93 22
1375 2 38 33 60 48 67
1376 2 23 32 88 70 45
1377 1 24 94 99 87 72
1378 2 14 39
1379 1 50
1380 2 44 83 21
1381 2 101 18
1382 1 37 65 33 1 4
1383 1 68 51 15 71 64
1384 2 61 39 51 43 81
1385 1 4 23 16
1386 1 61
1387 1 79 92 71 65
1388 2 7
1389 1 24
1390 1 52 78 74 41 45
1391 2 35 14
1392 1 38 87 95 32 36
1393 1 37 41
1394 2 12 85 2 93 4
1395 2 46
1396 2 13 2 22 69
1397 1 92
1398 1 47 93 37
1399 2 36 52
1400 1 29 55 38
1401 2 42 59 97 12 8
1402 1 26 97 39 25
1403 2 4 21 64
1404 1 84 52 76 38
1405 1 63 84 99 51
1406 2 81 56 3 52 35
1407 1 28 3
1408 2 7 67 40
1409 2 9
1410 1 93 45 6
1411 1 5 31 55
1412 2 99 11
1413 1 53 67 62
1414 2 50
1415 1 84
1416 2 53 52
1417 1 74 48 92 3
1418 2 7 83 89 86 11
1419 2 80 33 76
1420 2 82 26 79 83
1421 1 90 74 69 58 17
1422 2 33
1423 2 12 8 24
1424 1 11
1425 2 63
1426 2 42
1427 1 20 99 101 60 81
1428 2 11
1429 2 38 63 51 25 83
1430 2 84
1431 2 60 69 59 21
1432 1 65
1433 1 96 16 77 42 63
1434 1 14 23 79 4
1435 1 28
1436 2 44 67
1437 2 4
1438 2 8 25
1439 2 16 7
1440 1 25
1441 1 74 85
1442 2 9
1443 2 45 64
1444 1 78 9 18 28 67
1445 1 81 55 35 29
1446 1 49 87
1447 2 94 64 48 11
1448 1 49 79 51
1449 2 32 7 74 94
1450 2 91 97
1451 1 78 40
1452 1 14 5 50 68 34
1453 2 79 65 101 36 96
1454 1 90 62 46 75
1455 1 67 62
1456 1 43 22 49
1457 2 9 77 23
1458 2 36
1459 2 78 73
1460 2 65 94 49 22 92
1461 1 73
1462 2 20 43 38 32
1463 1 91 82 6 93
1464 1 42
1465 2 47 32 96 100
1466 1 80
1467 1 3 100 1 79
1468 2 2 90
1469 2 87
1470 1 59 25
1471 1 46 78
1472 1 21
1473 1 3 14 93 48 37
1474 1 83 76
1475 1 87 72 92 88 36
1476 1 51 26
1477 2 58
1478 2 49 78
1479 2 17
1480 2 64
1481 1 17 29 37 101 32
1482 1 10
1483 1 60 83 40
1484 1 100
1485 1 79 77
1486 2 82
1487 1 50 83 39 99 101
1488 2 79 12 80
1489 2 85
1490 2 53 9 11 69 47
1491 1 97 99
1492 2 58
1493 2 90 6
1494 1 48
1495 1 2 93 51 19 89
1496 2 81 86 92 95
1497 1 47 34 53
1498 1 20 59 82
1499 1 79 37 29 30 33
1500 2 38 16
1501 1 69 71 53 76
1502 1 67
1503 2 20 17
1504 2 33 31
1505 2 97 64 75 16 62
1506 2 46
1507 2 85
1508 1 34 65 97
1509 1 72 93
1510 1 5 57 83
1511 2 36 48
1512 2 47 30 60
1513 2 12 59 49 11
1514 2 57 14 93
1515 2 69
1516 2 48
1517 2 3 95
1518 1 26
1519 1 44 7 89 6
1520 1 25 47 88 52
1521 2 101 57 6
1522 2 61 95 77
1523 1 34 2 26 48 38
1524 1 88 35
1525 2 21 77 29
1526 2 57 97 66 74 50
1527 2 33
1528 1 9 53
1529 1 5 92 100
1530 2 61
1531 2 31
1532 1 88
1533 2 27 19
1534 1 2 64
1535 1 50 16 70 48 15
1536 2 96
1537 1 14 87
1538 1 49 20 96 80
1539 1 22
1540 2 37
1541 2 67 94 57 73 72
1542 2 24 54 80 36
1543 2 78
1544 2 47 88
1545 1 63
1546 1 68 65 14 18 71
1547 2 97
1548 1 77 14 31 17
1549 2 69 43 62
1550 2 78 29
1551 2 67 8 12 88 15
1552 2 41 100 21 58
1553 2 93 100 73 2
1554 1 15 54 62
1555 1 81
1556 1 25 40
1557 2 18 14 68 56 55
1558 1 43 97 92 58
1559 1 98 67 91
1560 1 3 47 19
1561 2 84 15 17 57 55
1562 2 97 12
1563 2 85 53 86
1564 2 22
1565 2 32 78 8 27 31
1566 1 74 72 34 101
1567 2 69
1568 2 46 101
1569 1 49
1570 1 58
1571 1 80 18 19
1572 2 20 25
1573 2 34 71 26
1574 2 34
1575 1 42 35
1576 2 84
1577 2 45
1578 1 13 49 85 34
1579 1 23 33 39 6
1580 1 40 69 86 38
1581 1 2
1582 1 89 32 84
1583 1 88 87
1584 1 74 100 26 75
1585 2 17
1586 1 12 9
1587 2 10 11 28 5
1588 2 16 71 15 54 93
1589 2 6 51 17
1590 1 17 91 43 97
1591 2 5 84
1592 2 13 60
1593 1 31 100
1594 1 79 30 45 70 90
1595 1 5 99
1596 1 41 8 92
1597 1 19 26
1598 2 33 71 84 41
1599 1 41
1600 1 63 12 13
1601 2 66 56 17 67 33
1602 1 5
1603 2 36
1604 1 80 15 93 3
1605 1 25 75 26 59 37
1606 1 15 77 1
1607 2 91 59 76
1608 2 22 6 11 45 8
1609 1 44 58 27 77
1610 2 85 16 54
1611 1 83 15 47 25
1612 1 56
1613 1 4
1614 1 19 34 9 24
1615 2 4 44 32
1616 2 74 56 5
1617 2 37 19 96
1618 2 59 90 79 47 19
1619 2 4 71 60
1620 1 12 31
1621 2 17 53 22 95
1622 2 51
1623 2 62 85 80 54
1624 2 4
1625 2 9
1626 1 39 72 66 31
1627 2 61
1628 1 8 96 44 1 2
1629 1 68 90 18 24
1630 1 28 70
1631 2 68 64 95
1632 1 23 58 16 92
1633 2 26 27 97
1634 1 1 62 23 47 46
1635 1 97 9 30 35 57
1636 2 57 86 70 89
1637 1 70 12 71
1638 1 93 69 88 47 80
1639 1 61 38 6
1640 1 97 28 78 17 54
1641 2 12 49
1642 1 25
1643 2 8
1644 2 45
1645 1 73 16 31
1646 1 45 83
1647 2 28
1648 1 80 59 62 55
1649 1 4 75 81
1650 2 81 52
1651 2 1
1652 1 96 16 63 7
1653 1 62 41 43 27
1654 2 3 81 87 19 58
1655 2 79 96 90 59 46
1656 1 21
1657 1 99
1658 2 34 20 28
1659 2 79 97 78
1660 1 34 29 68 5 47
1661 2 10 75 34 26
1662 2 49 77 52 21
1663 1 42 46 80 52
1664 1 66 60 29 37
1665 1 66 11 65
1666 2 46 85 57 37
1667 2 56 22 20
1668 1 71 52 94 78
1669 2 37 88 56 2 42
1670 1 60 91 44 16
1671 2 71 65 80 33 50
1672 2 61 12 55
1673 2 91 45 2 19
1674 2 84 46
1675 1 82 31 35
1676 1 11 92 50 71 30
1677 2 86 34 70 76 35
1678 1 39 87
1679 1 86 28
1680 2 71 3 92 50
1681 1 83
1682 2 30
1683 2 27 78 11 77 44
1684 1 38 45
1685 2 100 77 31 61 25
1686 2 37 73 67 25
1687 2 74 48 91
1688 2 36 21 14 58 10
1689 2 60 6 82 8
1690 2 66 55 16 96 29
1691 1 51 52
1692 1 48 87 82 71 99
1693 1 10 42 96 24
1694 2 92
1695 1 96
1696 2 20 36 55 61
1697 1 85 58
1698 1 34 2 64
1699 1 87 23 67
1700 2 80 4 38 98
1701 2 41 96 83 13 29
1702 1 55 18 7 20
1703 1 2 52 27
1704 1 79 8 94
1705 1 72 56
1706 2 10 101 55 63 30
1707 2 4 96 31 98 77
1708 2 20 12 81 48
1709 1 34 48
1710 1 25 18
1711 1 22
1712 2 47 44 25 5
1713 2 48 5 32 98 71
1714 1 33 19
1715 2 82
1716 1 10 28
1717 1 101 30 93 52
1718 1 46 93 72 40 66
1719 1 96 62 35 93 32
1720 1 64 98 82 9
1721 2 41 95
1722 1 81 13 74
1723 1 4 94 36 31 58
1724 2 5 10
1725 1 28 4
1726 2 95 85 57 2 18
1727 1 17 27 26 71
1728 1 92 64
1729 2 38 80 9 53 36
1730 1 23 72
1731 2 60 96 69 87
1732 2 91 89
1733 1 75
1734 2 17
1735 1 90 64
1736 2 53 56 77 55 79
1737 2 73 10 37
1738 2 35 39 91
1739 1 91 22
1740 1 53 3 68 21
1741 2 51 82 61 14
1742 2 91 90
1743 1 77 76
1744 1 41 73 55
1745 1 80
1746 2 50 5 10 86
1747 2 90 11
1748 1 27 14 87 77 72
1749 2 1 28 99 27 35
1750 2 17 7
1751 2 55 28 22
1752 1 49
1753 1 8
1754 1 20 69
1755 1 11 1 7
1756 2 19 43
1757 2 41 21 89 11 87
1758 1 64 79 67 4 47
1759 2 10 1 97 37 84
1760 2 7 92 101 47 35
1761 2 25 26 30
1762 1 62 54 21 26
1763 2 25 97 85
1764 1 98 45
1765 1 7 6 66 34 51
1766 1 100
1767 2 39 93 62 81 66
1768 1 25 4 41 24 40
1769 1 4 101 82
1770 1 43 81 71 93
1771 2 23
1772 2 97 38 11 47
1773 1 8 74
1774 2 68 77 2 22
1775 1 54 88 11 29
1776 2 63 74 51 71
1777 2 80 78 26
1778 2 14 36 31
1779 1 16 84 11 7
1780 2 95 67 5 80 25
1781 2 28
1782 2 45 42 33 92
1783 2 39 4 101 5
1784 1 65 92
1785 1 87 76 54 20 49
1786 2 87 11 95
1787 1 27 57
1788 2 53 40 46 11
1789 1 7
1790 1 32
1791 2 83 97
1792 2 73 47 77
1793 1 81 1 58 30
1794 2 50 75
1795 1 57
1796 2 7 40 22
1797 1 61 21 81
1798 2 7 88
1799 2 52 75 41 22 74
1800 2 93 32 37 4
1801 2 26 8 81 65 13
1802 1 74 94 69 89 96
1803 1 58 76
1804 1 86 62 66 68
1805 2 10
1806 1 29
1807 1 73
1808 2 73
1809 2 56
1810 1 71
1811 1 67
1812 1 23 60 26 92 71
1813 2 83 80
1814 2 34 79 92 8
1815 1 69 6 45
1816 2 38 37 86
1817 2 56 72 77 50
1818 1 77 93
1819 2 59 34 11 17
1820 1 53
1821 1 92 71
1822 2 14 80 41 63 92
1823 1 99 72 76 66
1824 1 75 65
1825 2 22 20
1826 2 46 45 65 15 36
1827 1 22 37
1828 1 78 40 15 70
1829 2 73 60 68
1830 2 63 76 2 57
1831 2 95 39 32 45 70
1832 2 11 65
1833 2 84 59 36
1834 2 93 89
1835 2 98
1836 1 3 53 85
1837 2 48
1838 1 27 52 78 32 34
1839 2 64 75 58
1840 1 90 52 86 25 2
1841 1 49
1842 1 77 96 85 10
1843 1 13
1844 2 76
1845 1 33 101 67 61
1846 1 80 21 37
1847 2 82 27
1848 2 6 58 35
1849 2 23 31 82
1850 2 58 52 79
1851 1 51 75 50
1852 2 21 49 54 86 46
1853 1 3 75 82 13
1854 2 49
1855 2 6
1856 1 21 61
1857 1 96
1858 1 78
1859 1 51 76 71 46 96
1860 2 53 17 55 87
1861 2 44 61 13
1862 1 21 52 88 17 25
1863 2 33 47 12 96 82
1864 2 70
1865 2 61
1866 1 33 57 35
1867 2 96 62 25 3 60
1868 1 20 96 17 21
1869 2 90 43
1870 1 25 71 2
1871 2 15 57
1872 2 16 40 56 69
1873 1 16 1 9 3 99
1874 2 67 19 93
1875 2 95 9 71 84
1876 2 82
1877 2 23
1878 2 57 88
1879 1 66 8 37 57 55
1880 1 24 25 50 65 47
1881 1 15
1882 1 61 89 42 72
1883 2 51 75 9
1884 2 38 3
1885 2 39 19 74 94 14
1886 1 95 20 53 34 70
1887 1 86 96 61 48
1888 2 24 79 26 43 16
1889 1 15
1890 2 96 24
1891 1 25 6
1892 2 23 41 52
1893 1 88 72 30 29 15
1894 1 84 75
1895 2 45 70 97
1896 1 34 21
1897 2 54
1898 1 51 70 97
1899 2 25 91 73 55 40
1900 1 4 79 7 65
1901 1 13 25 101 93
1902 2 89 19 29 71
1903 1 10 85 44 94
1904 1 95 19 24
1905 1 76 42 93 14
1906 2 93 73 89 22
1907 1 66 92 8 25 3
1908 2 27 78
1909 2 52
1910 1 93 1 92 46
1911 2 63 10 14 24 27
1912 2 49 80 50 40 59
1913 1 35 79 71 75
1914 2 23 5 15 69
1915 2 23 75 67 83 24
1916 1 64 93 85 9
1917 2 21 90 70 13
1918 1 85 61
1919 2 28 74
1920 1 16
1921 2 95 32 81 94
1922 1 77 67 7
1923 2 93 78 52 72
1924 2 35 96 10 6 38
1925 1 36 56 30 78 80
1926 1 4 54 24 44
1927 1 5 9
1928 1 54 55 95 80
1929 1 5 29 54 64 87
1930 1 56 3
1931 1 46
1932 2 78 65
1933 1 99 43
1934 2 69
1935 1 100 41 33 85 31
1936 2 39 68 47
1937 2 32
1938 2 40 45 99
1939 2 85
1940 2 82 47 83 37 93
1941 1 87 9 68 61
1942 1 71 61 77
1943 2 24
1944 2 65 37 13
1945 2 59 6 4 33 11
1946 1 34 86 4 51
1947 2 59
1948 2 92 12 91
1949 1 42 99 30 79 21
1950 1 77 71
1951 2 1 63 36
1952 1 63
1953 2 66
1954 2 13 19 56
1955 2 39 20 22 56 100
1956 2 99 41 63 45
1957 2 48 29 100 68 7
1958 1 17
1959 1 81 91 82 62
1960 2 65
1961 1 33 79
1962 1 57 3 9 36
1963 1 78
1964 2 3 32 58 9
1965 2 56 40 42 76 12
1966 1 3 2
1967 2 3 54
1968 2 74 19 30
1969 1 99 49 5
1970 2 22 93 54
1971 1 38
1972 1 31 76 63 45 28
1973 2 53 45
1974 1 71 72 80 50 33
1975 1 6 39 32 71
1976 2 77 50 90 34 7
1977 2 30 87
1978 1 35 18 79
1979 2 95 30 90 22
1980 1 40 32
1981 2 50 67
1982 2 17 76 14
1983 2 23
1984 2 17 99 39 63 51
1985 1 88 20 66
1986 1 27 85
1987 2 53 65
1988 2 76
1989 1 17 90
1990 1 88
1991 2 29 51 20 32
1992 2 88 56 32 40 58
1993 1 70 62 58 1
1994 2 25 11 9 1
1995 2 96
1996 2 26 83 91
1997 1 64 14 35
1998 2 91
1999 2 76 8
2000 1 86 13 17
2001 2 13 48 34 14 12
2002 2 60 73 90 87
2003 1 40 19 43 62 72
2004 2 86 30
2005 2 74
2006 1 60 25 24 84
2007 2 56 92 24
2008 1 90 80 101 29
2009 1 6 35 81 77 56
2010 2 50 96 1 17 4
2011 2 94 9 38 39
2012 1 3 20 92 47 69
2013 1 55 52
2014 2 81
2015 1 67
2016 2 28 6
2017 2 72
2018 1 14 59 43 29 6
2019 1 79 54 8 4 51
2020 2 17 48
2021 2 36 78
2022 1 16 1 65 55 47
2023 2 96 97 35 30
2024 2 64 58 78 96
2025 2 97 21 87 57
2026 2 100 28 52
2027 1 13 54
2028 2 67
2029 2 68
2030 2 50 29 63
2031 1 97 68 32
2032 2 83 24 19 62
2033 1 49
2034 1 87 11 31
2035 1 101 33 1 51
2036 1 21 41 37 36 31
2037 1 98
2038 2 12 36 61 66
2039 2 100
2040 2 97 28
2041 1 73 30 89
2042 1 30 89 42
2043 1 28 22 51 16
2044 2 47 91 85 30 57
2045 2 14 15 31 19 26
2046 1 1 72
2047 2 11 39 35 75
2048 1 5 89
2049 2 94
2050 2 39
2051 1 52 7 17 3
2052 2 9 21
2053 2 64 51
2054 2 79 53 58 93
2055 2 42 68
2056 2 84 63 70 38
2057 1 85 59 11
2058 2 50 40 80 21
2059 2 31
2060 2 16
2061 2 28
2062 2 60
2063 1 80 81 69 37
2064 1 61 72 65 9
2065 1 38 50 62 85 47
2066 2 97 46 88 87
2067 1 59 6 70 72
2068 2 76 81
2069 1 32 14 47 26 2
2070 2 47 38 42 11
2071 1 1 65 55 12
2072 1 61 1 22
2073 2 72 55
2074 1 87 22 29 8 67
2075 2 19
2076 1 81
2077 2 75 99 43 85 60
2078 2 56 48 67 43 88
2079 1 10
2080 1 65 32
2081 1 41
2082 2 100 87 52
2083 1 14 94 23
2084 1 67
2085 2 19 4 81
2086 2 14 31 35 89
2087 2 27
2088 2 100 76
2089 2 5 97 98 100 91
2090 1 48 8
2091 2 54 95
2092 1 78 91
2093 1 21 35 1 68 88
2094 2 38 53
2095 1 53 84 40
2096 1 21 6 76 20
2097 2 67 17
2098 1 96 4 58 67 32
2099 1 17
2100 2 58 50
2101 2 7 66 29 97
2102 2 6 53 2 45
2103 1 90 21 24
2104 2 19
2105 2 99
2106 2 30 40
2107 1 77 88 90 32 7
2108 1 58 3
2109 2 16 45 30 75 96
2110 1 8 73 72
2111 1 4 18 25
2112 1 39 29
2113 2 93
2114 1 80 14 86
2115 1 46 99 54 36 78
2116 1 19 74 64 66 39
2117 2 2 27
2118 2 89 68 93
2119 2 68 49
2120 2 86
2121 1 17 5
2122 2 3 14 24 29
2123 2 64 95 62 89
2124 2 101
2125 2 38 8 58 63
2126 1 89 73 24 10
2127 2 80 44 26 45
2128 1 4 32 54 90
2129 1 61
2130 2 98 56
2131 1 31 35 39 50 15
2132 2 93 94
2133 2 47 89 37
2134 2 53 10
2135 2 12 34
2136 2 40 38 92
2137 1 88
2138 2 86 19
2139 1 16 54
2140 1 30 75 18 67
2141 2 77 80 99 41
2142 2 75
2143 1 100 73 70
2144 2 14 89 72
2145 1 53 17 61 24 5
2146 1 29
2147 2 16 20 46 14 89
2148 2 58 21
2149 2 18
2150 1 67 63 4 53 62
2151 2 49 2 33
2152 1 49 87 41 72
2153 1 72
2154 2 75
2155 1 22 76 2
2156 2 14 87 52 71
2157 1 66 20 1
2158 1 14 38 60
2159 2 14 45 6 36 33
2160 2 67
2161 2 66 62
2162 1 99 4
2163 2 1
2164 2 66 48
2165 1 4 37 90
2166 2 53 89 73 39 40
2167 2 75
2168 2 32 78
2169 1 21
2170 2 60 59
2171 2 78 5 73 77 17
2172 1 9 94 39
2173 1 66 81 6 14
2174 2 95 20 52 83 72
2175 1 19 30 54
2176 1 30 67 62
2177 2 29
2178 2 74 34
2179 1 42
2180 2 67 22 101 51 48
2181 1 1 46 73
2182 2 87 12 3 53 45
2183 2 96 56
2184 1 15 4 1 33 47
2185 1 25 6
2186 1 87 10
2187 1 79 49 96 78
2188 2 30 77
2189 1 12 50
2190 1 50
2191 2 55 54 86 67 97
2192 1 70
2193 1 69 83
2194 1 21 10 74 12
2195 1 63 71 9 32
2196 1 99
2197 2 77
2198 2 7 79 43 84
2199 2 17 31 39
2200 2 74 60
2201 2 18 50 22
2202 1 7 46 41
2203 1 61
2204 2 62 42 71 46 30
2205 1 6 89 21
2206 2 96 71 15 51 24
2207 1 82 36
2208 1 86 16 68 44 91
2209 2 12 59
2210 1 60 59 78 43 86
2211 2 44
2212 2 29
2213 1 26 37 65 46
2214 1 22
2215 1 39 49
2216 1 84 32
2217 2 26 27 40
2218 1 87 46 55 15
2219 1 81 44 64 46 70
2220 1 1
2221 1 5 12 62
2222 2 79 98 99
2223 2 18 87 57 32 22
2224 2 49 13 98 32 38
2225 1 46 97 62
2226 1 68 23 87
2227 1 8 32 48 74 67
2228 2 21
2229 2 13 34 73 21
2230 1 91
2231 1 86 35 57
2232 2 60 71 100 8
2233 2 15 93 46
2234 2 14 86 89
2235 2 22 66
2236 2 4
2237 2 84 32
2238 2 96
2239 2 9
2240 1 60 6 26 67
2241 1 78 60
2242 2 20 67 47 11 32
2243 2 46 97
2244 1 77
2245 1 100 95
2246 2 25 79 65 4 88
2247 1 1 61
2248 1 16 38 95 85 73
2249 1 13 61 20
2250 1 8 58 35 6
2251 1 51 86 25 88 49
2252 2 70 58 89 15
2253 2 21 15 52
2254 2 50 67 70
2255 2 19
2256 2 71 86
2257 1 96 40 48 84
2258 1 80 24 6 45 49
2259 2 91 66 51
2260 2 27 61 74 11
2261 2 31 95
2262 1 53 57
2263 2 39
2264 1 17 94 10
2265 1 14 52 79 89 57
2266 1 15 98 33 100 50
2267 1 71 47 36
2268 1 11
2269 2 80 10 15
2270 1 70 45
2271 2 84
2272 2 22 98 52
2273 2 53 63
2274 2 47
2275 1 13 86 8
2276 2 19 51 43 74
2277 2 91 21 85 96 27
2278 2 36
2279 2 94 96 47 10 65
2280 2 45 16 75 84
2281 2 66 75 89
2282 2 81 67 18 77
2283 2 65 45
2284 1 39 101 25
2285 2 100 12
2286 1 42
2287 1 83 36 94
2288 1 30 71 55 31 98
2289 2 54 45 78 88
2290 2 83 96 72
2291 2 81
2292 2 50 95
2293 2 12 6
2294 2 29 4 47
2295 1 90 71 25 48
2296 2 86 57 84 8 79
2297 1 46 37 76
2298 2 2 74 64
2299 1 7
2300 1 50 88
2301 1 82 5 6 76 65
2302 1 98 33
2303 2 59 32
2304 2 46 24 41 37 52
2305 1 64 28 19 55
2306 2 23 97 75 96 40
2307 1 89
2308 2 47 22
2309 1 77 32 93 56 90
2310 2 91 23 83 56 26
2311 1 46 60 19 99
2312 1 55 34
2313 2 32 98 52 63
2314 1 85 3 100 74
2315 1 70 68 6 64 54
2316 2 36 8 19 96
2317 1 24 36 73 68 95
2318 1 66 64 12 35 37
2319 1 90
2320 1 70 12 61
2321 2 10 90 2
2322 1 49 6 10 32 54
2323 1 70 92
2324 2 4
2325 1 82 21 90
2326 2 29 76 51
2327 1 66
2328 1 61 2 23 56
2329 2 15 28 53 32 61
2330 2 82 27 2
2331 1 93 16
2332 1 13 101 27 79
2333 1 19 91 55 35
2334 2 95 70 98 83
2335 2 2 89 29
2336 1 43 70
2337 1 11 70
2338 1 29 58 81 45
2339 2 1 26 60 46 5
2340 1 33 14 80 38 76
2341 2 24 51 96 70
2342 1 99 37 45 43
2343 2 80
2344 1 41 17 46 95 100
2345 2 95 48 86 11
2346 2 33 70
2347 1 32 94 86 17
2348 1 23 2 62 5 77
2349 1 72 47 49 14
2350 1 15 17 47 60
2351 2 82 41 48 35
2352 1 35 75 40
2353 2 47
2354 1 44 54 14
2355 2 80 90 88 60
2356 1 8 1 95
2357 2 62 7 86
2358 2 76 83 62 35 47
2359 2 45 98 48 64
2360 1 92 91 19 4 44
2361 1 62 21 14 65 68
2362 1 86 65 16
2363 2 20 70
2364 1 92 28
2365 1 48 51 27 81 41
2366 1 60 16
2367 2 54 85 73
2368 1 88
2369 2 25
2370 2 42 71
2371 2 63 64 44 25 57
2372 2 83 69 18
2373 1 22
2374 2 57 45 34 66 10
2375 1 5 61 7
2376 1 59 40 9 84
2377 1 47 83
2378 1 82 34 84 38
2379 1 88 19 35 71
2380 1 8
2381 1 54 63
2382 2 84 44 98 73 9
2383 2 39
2384 2 45 34 81 43
2385 1 41 68
2386 1 100
2387 2 92 4 59 48
2388 1 100 68
2389 2 39 63 68
2390 2 85 70 84 12
2391 2 47
2392 2 53 73
2393 1 98 92 93 16
2394 1 82
2395 2 22
2396 2 43
2397 1 94 43
2398 1 24 80 59
2399 1 67 33 93 96 38
2400 1 76 98
2401 1 45 64
2402 1 52 47
2403 1 39
2404 1 12 38
2405 2 93 81
2406 1 99
2407 1 36 100 4 40
2408 1 40 47 92 14
2409 2 79 43
2410 1 72 48 84 45
2411 1 17 94 18 52 48
2412 2 39
2413 2 60
2414 1 41 55 78 16 34
2415 1 99 66 83
2416 1 100 25
2417 1 94
2418 1 61 13 80
2419 2 89
2420 1 3 63 1 2
2421 2 33 20
2422 2 97 40 81
2423 1 4 2 24
2424 1 97 55 38 27
2425 2 39 91 33 40
2426 2 26 54
2427 2 75 87 69 66 49
2428 1 97 20 7 13
2429 1 11
2430 2 71 14 20 2
2431 1 91 9
2432 1 32 85 61
2433 2 97
2434 1 78 54 80 20 90
2435 1 18 24 59
2436 2 1
2437 1 48 31
2438 1 19
2439 1 65 68 23
2440 2 73 75 15 91 79
2441 1 64 11 66
2442 1 38 89 41
2443 1 38 94 25
2444 1 64 13 35 98 92
2445 1 62 27
2446 1 47 67 63 45
2447 1 94 2
2448 2 39 96
2449 2 46 74 7 63 20
2450 1 52
2451 2 68 18 1 19 72
2452 1 37 63 16 62 96
2453 1 40 54
2454 2 22 30 17 101 4
2455 2 18 4 72
2456 1 49
2457 2 24 82 1
2458 1 84
2459 2 85 87
2460 2 47 89
2461 1 2 46 51 13 26
2462 1 19 55 12
2463 2 51 12
2464 1 93
2465 1 3
2466 2 88
2467 2 96 36 23 56 97
2468 2 32 27
2469 1 79 24 3 6
2470 1 61 16
2471 1 59 74
2472 2 90 88
2473 2 93 67
2474 2 82
2475 2 51 48 59
2476 1 101
2477 2 74 33 79 59 35
2478 1 49 24
2479 1 13 19 53 65 26
2480 2 79 22
2481 2 47
2482 1 101
2483 1 11 80 24
2484 1 70
2485 2 60 34 99 38
2486 1 40
2487 1 95 28 45
2488 2 11
2489 1 45 78 12 1
2490 2 21 53 20
2491 2 92 2 20 28
2492 1 42 40 48
2493 2 71 100
2494 1 1 44 81 38 92
2495 1 71 17 50 32
2496 1 19 61 53 68
2497 2 59 92 24 49 6
2498 1 31 83 42 39
2499 2 30 5 75 11 68
2500 1 84 83
2501 2 49 63
2502 2 72 37
2503 2 37
2504 1 53 64
2505 2 66
2506 1 31 35 21 5
2507 2 57 82
2508 2 92
2509 1 98
2510 2 28 86 91 62 72
2511 2 50
2512 2 10
2513 2 20 19
2514 2 56 8
2515 2 66 17
2516 1 93 15 20 12 10
2517 1 96 87 42 84 39
2518 2 15 53 74 68 18
2519 2 67 49 10 41
2520 1 4 55
2521 1 42 6
2522 2 71 32 92 36 24
2523 1 55
2524 2 43 83 92 48
2525 1 93 19 56
2526 1 75 71 27
2527 1 15 72 22 4
2528 2 5 82 56 54 40
2529 2 91 24 27
2530 1 33 10 22
2531 1 100 83 25 14
2532 2 86 94 31
2533 2 74 1 47 32 62
2534 1 62 37 30
2535 1 48 95
2536 2 45 39
2537 2 57 2 11
2538 2 6 100
2539 1 3 39
2540 1 69 10 98 89
2541 2 16 51
2542 2 43 19 72
2543 2 3
2544 2 83 53
2545 2 50
2546 2 6
2547 2 80 81 8 98 41
2548 2 91 92 30 4
2549 1 67 23 3
2550 1 49 70 60
2551 2 82
2552 2 30 7 99
2553 2 42 70
2554 2 79 6 74 95 85
2555 2 15 24 72 57 4
2556 2 85 2
2557 1 63
2558 2 93 13 81 24
2559 1 74
2560 1 65 17 51 29
2561 2 82
2562 1 64 20
2563 2 21 28 53 3
2564 2 28 83 64
2565 2 44
2566 1 91 23 89
2567 2 43
2568 1 37 70
2569 2 3 96 83 54
2570 2 101
2571 1 84 2 62 68 61
2572 2 24 12 9 18 53
2573 2 3 26 30 19
2574 2 68 84
2575 1 51 34 95
2576 2 87 35 81 31 97
2577 2 37 53 75
2578 2 39
2579 1 96 36 92 50 64
2580 2 33 47 79 96
2581 2 15 90 94 46
2582 1 59 6
2583 1 95 50
2584 2 97
2585 1 75 49 12
2586 2 91 37 7 72 36
2587 1 22 23 99 76 6
2588 2 80 33
2589 1 69
2590 1 75 67
2591 2 66 47 72
2592 1 41
2593 1 43 101 55 35
2594 1 8
2595 2 44 97 16
2596 2 20 6
2597 2 19 55 62 61
2598 1 48
2599 1 62 64 56 84 54
2600 2 47 78 75 12 80
2601 1 98 13 86
2602 1 81 43 87 85 2
2603 1 99 67 29 45
2604 1 68 93 36 88 77
2605 2 70
2606 1 78 67 39 12 28
2607 2 4 85
2608 1 43 81 8 71 4
2609 1 67 10 68
2610 1 10 41 11 33 99
2611 1 44
2612 2 23
2613 2 79 99 32 49 55
2614 2 75 63
2615 2 88 20 37 8
2616 1 23 52 62
2617 1 71 90 2 61
2618 2 97 53
2619 1 62 30
2620 2 93 72 6
2621 2 28
2622 2 30
2623 2 4 62 53 67
2624 2 54 39 44
2625 2 42 86
2626 2 52
2627 2 3
2628 1 20 99 94 11
2629 1 69
2630 2 71 37 21 32 11
2631 2 37 20 10
2632 1 9 44 70 30
2633 1 17
2634 2 35 31 92 83 94
2635 1 43
2636 1 32 45 47 43 65
2637 1 90
2638 2 63
2639 2 55 76 101 7
2640 2 49 47 7 78 38
2641 2 52 36
2642 1 68 56 84 15
2643 2 89 16 100 20 6
2644 1 84 75 5
2645 2 23 74 94 76 28
2646 1 61 60 20
2647 1 75 81 62
2648 2 30 97 88 6
2649 1 51 35 7 73
2650 2 47 12 50 2 40
2651 1 21
2652 2 64 88
2653 2 73 35 46 88 78
2654 2 58 83
2655 1 15 78 74
2656 2 37 10 73 79 42
2657 2 10 50 21 74
2658 2 40 91 33 80 84
2659 1 54 2 63
2660 1 86 51 60
2661 2 97 3
2662 1 93 94
2663 2 34 65 6
2664 1 65 43 62 44 96
2665 2 71 14 41 59 9
2666 1 101 22 31
2667 1 89 48
2668 2 7 51 55
2669 1 91 33
2670 1 58 7
2671 1 84
2672 2 68 90 15
2673 2 14 62
2674 2 7 51 36 68 82
2675 2 90 29 83 100 20
2676 2 93 44 98
2677 1 81 17 63 67
2678 1 43 23 96 101
2679 2 35 40 56
2680 2 77 29 96
2681 1 41 59 84
2682 2 37 59 8
2683 2 96 70 49 16 65
2684 1 84 34
2685 2 51 26
2686 1 66 30 23 52
2687 1 69 58 88 44 66
2688 2 89
2689 1 61 69
2690 1 66 52 71 17 8
2691 1 100 34 77 86
2692 2 78 45 99
2693 2 95 25 14
2694 1 85 36
2695 1 87 14 36 37
2696 2 9 12 2
2697 2 82
2698 1 32 36 5 67 55
2699 2 58
2700 1 92 95 59 25
2701 1 92
2702 2 93 1 101 23 68
2703 2 29 10 60 15
2704 1 2 40 30 74 92
2705 1 28 84
2706 1 85
2707 1 30 97 95 53
2708 1 35 78
2709 2 65 98 28
2710 1 53 22 19 65
2711 1 72 27 73 75
2712 2 86 3 38 5
2713 2 30
2714 2 75 9 11 74
2715 2 57
2716 2 72
2717 1 30 91 37
2718 1 51 31 8 89 57
2719 1 93 21 33 79
2720 2 60 94 86 72
2721 1 31 98 4 62 58
2722 1 77 27 90 75
2723 2 76 50
2724 1 1 51 34 59
2725 2 7 90 25
2726 2 14 43 83 65
2727 2 22
2728 1 101 12
2729 2 91 42 65 2 47
2730 2 3
2731 1 30 32 51 48 16
2732 2 48 99
2733 2 92 96 98 11 27
2734 2 101
2735 2 82 97 101 40
2736 1 54 7 21
2737 1 99 42
2738 2 12 79 70 56 24
2739 2 76
2740 2 19
2741 1 21 34 6
2742 2 83 56 22 27
2743 2 29 79 69
2744 2 98 92 36
2745 2 87 44
2746 2 32
2747 1 64
2748 2 47 95 70 38 11
2749 1 89 42 46 4 8
2750 2 5 99
2751 2 53 59 68 48 75
2752 1 92 60
2753 1 83 2 27 61
2754 2 38 24
2755 2 14 6 12
2756 2 28 56 90
2757 1 10 100
2758 1 58
2759 2 40 94 33 44
2760 2 54
2761 1 82 34 89 72 84
2762 1 90
2763 2 76
2764 1 32 11
2765 2 53 47 70 98 7
2766 1 13 101 67
2767 2 71 69 22 40 53
2768 2 11
2769 1 25 8 99 93
2770 1 71 33 79
2771 2 47 27
2772 1 68 16 90 71 73
2773 2 51
2774 2 75 65
2775 2 1 37 80
2776 2 73 69 26 72
2777 1 57
2778 1 56
2779 1 48 66
2780 1 74 60 90 2 80
2781 2 8 54
2782 1 37 12 47 71
2783 2 101 99
2784 1 6 29 8 85
2785 1 18 20 72 21 96
2786 2 43
2787 2 64 101 8 46 9
2788 1 25 71 79 82
2789 2 42 35 64
2790 1 95 62 100 54 93
2791 2 2 50 21 49
2792 1 53 67 30 20 9
2793 1 42
2794 2 92 41 68
2795 1 73 90 4
2796 1 57 19 96 65
2797 2 87 52 83 96
2798 1 11 51 2 25 9
2799 1 25 66 81 65
2800 2 21 40
2801 2 31
2802 1 32 52 43 54
2803 1 90
2804 2 61 76 64 13 7
2805 1 33 8 70 51 98
2806 2 13 1 6 35 70
2807 2 12 16 19 50
2808 1 41 2 92 75
2809 1 63 33 44 57
2810 1 83 54 10
2811 2 3 76 72
2812 1 90 9 24
2813 2 31 9 66 83 8
2814 2 54
2815 2 101 38 61 73 72
2816 1 28 74 44 55
2817 1 63 84
2818 1 26 32 58 49
2819 1 17
2820 2 70
2821 1 59
2822 1 16 21
2823 1 30 29 11
2824 2 45 85 5
2825 2 36 71
2826 2 19 54
2827 1 69
2828 2 9 38 27 48 44
2829 1 37 89 49
2830 1 87 41
2831 2 25 70 51 4
2832 1 62 51 60 17 35
2833 2 54 41 87 9
2834 1 62 99 72 51
2835 1 68 57 76 33 61
2836 2 19 12
2837 1 5 83 94 81
2838 2 5 79 94
2839 1 56 53 17 29 70
2840 2 25 98 68 94
2841 2 26 81 70 27
2842 1 89 54 40 55 35
2843 2 50
2844 1 86 14 82
2845 1 97 73 1 9 100
2846 2 65
2847 1 58 5 44
2848 2 39 12 82 7 57
2849 2 6 31 30 95 86
2850 1 13 10 44 14 27
2851 2 61 69 99
2852 2 16 67 92
2853 2 98 53 81
2854 1 10
2855 2 49
2856 1 28 67 35 55
2857 2 88 101 91
2858 1 44 33 26
2859 2 51 40 74 78 21
2860 1 2
2861 1 49
2862 2 32
2863 1 52 97
2864 2 99
2865 1 87 101 88 39 78
2866 2 91 85 72 3
2867 2 2 66 53
2868 2 34 60
2869 2 74 21 58
2870 2 84 30 90
2871 2 14
2872 1 66 35 24 15
2873 1 45 68 8
2874 1 50 92
2875 1 65 12 96 11
2876 2 101 13 47 16
2877 2 27 79 75 23
2878 1 100 43 101 79 75
2879 1 1
2880 1 33 42
2881 2 101 1 67
2882 2 72 32 82 40 21
2883 2 76 51
2884 2 35 77 99 48 94
2885 2 4 77
2886 2 10 27 54 85 32
2887 2 41 50
2888 2 51
2889 2 94 101
2890 1 101 96
2891 1 36
2892 2 49 52 34 79 45
2893 1 16 6 77 92 30
2894 1 20 30 53 88 55
2895 1 34 60 69
2896 1 49 9 35
2897 1 96 101 54
2898 2 34 38 3 37
2899 2 95 93
2900 1 85 70
2901 2 41 42 72 23 80
2902 2 51
2903 1 9
2904 2 81 29
2905 1 39 16 26
2906 2 80
2907 1 98
2908 1 36
2909 1 11 96 68 14
2910 2 91
2911 1 46
2912 2 100 82
2913 2 79
2914 1 42
2915 1 57 35 2 61 1
2916 1 35 73 56 90
2917 1 32
2918 1 28 43 88 18
2919 2 11 50 37 82
2920 2 43 56 91 93 75
2921 2 99 62 90 42 77
2922 1 46 82 49 55
2923 2 5 27 96 44 57
2924 1 82 98 25 46 12
2925 2 95 68 49 7 86
2926 2 10 7 11 28 25
2927 1 77
2928 1 79 73 60 53
2929 1 81 54
2930 2 32 87 59 43 92
2931 1 57 52 73 85 60
2932 2 76 89 4 35
2933 1 26 19
2934 1 67
2935 1 91 69 27 11
2936 2 61 38 23
2937 2 49 71 51
2938 2 67 26
2939 1 11 33 30
2940 1 7 97 100 17
2941 2 59 49 45
2942 1 20 60 49 92 94
2943 2 47 99
2944 2 73 35 20
2945 1 41 74 44
2946 1 41 8 100 22 95
2947 1 21 63 41 99 17
2948 2 40 65 85 71 89
2949 1 34 65 48
2950 1 83 93
2951 1 87 9 51
2952 2 25 44 28
2953 2 34 4 62
2954 2 94
2955 1 80 32 38 58 71
2956 1 63 27 35 76
2957 1 58 60 85 90
2958 1 52 14 61 29
2959 2 99 42
2960 2 84
2961 1 45 4
2962 2 99 95 93
2963 2 40 34
2964 1 73
2965 2 51
2966 2 65 54
2967 1 56 42 19 55 45
2968 1 75
2969 2 64 92 21 10
2970 1 5 99 13
2971 2 69 54 23 90
2972 1 34 15 79
2973 2 62 67 53
2974 1 83 14 42 9 97
2975 1 34 41 74
2976 1 84 83
2977 1 47 84
2978 2 71 68 36 40
2979 1 8 76 70 67
2980 2 99 72 36 74
2981 2 94 76
2982 2 46
2983 1 30 10 91 15
2984 2 51 66 98 6 33
2985 1 33 54 7 26 84
2986 2 58 86 9
2987 1 73 21 53
2988 1 58 47
2989 1 52 80 5
2990 2 13 79 94 87
2991 1 40 15
2992 1 10 95 11 14 45
2993 2 86 34 6 56
2994 1 21 28
2995 2 49
2996 2 84 4 77
2997 1 49 5
2998 2 80
2999 2 73 74 67 27
3000 2 69 101 62
3001 1 16 91 10 29 75
3002 2 15 49 6
3003 1 34 99 39 44
3004 1 37
3005 2 69 15
3006 1 96
3007 1 50
3008 2 37
3009 1 13 84 88 67 59
3010 1 3 18 49 1
3011 2 47 13 29 67 17
3012 2 54 50 7 91
3013 2 12 78 40
3014 2 56
3015 2 6 27
3016 2 51 32 56
3017 2 69 65 68 94
3018 1 34 93 2
3019 1 14
3020 2 91 39 76
3021 2 81 78 24 69
3022 1 75 27 61 95
3023 1 93 16 71
3024 2 48 30 10 5 20
3025 2 23 63 33 89
3026 2 89
3027 1 49 42
3028 2 5 6
3029 2 75
3030 2 101 96
3031 1 78 71 45 7 10
3032 1 75 49 27 54
3033 1 36 7 12
3034 2 2 71 19 41
3035 2 65 63
3036 1 75 81 57
3037 1 73 72 60
3038 2 95 21 98 50
3039 1 73
3040 2 3 92 32 67 38
3041 2 84
3042 2 17
3043 2 97
3044 2 38 27 74 91 39
3045 1 26 58 31
3046 2 49
3047 2 66 75 38 43
3048 2 54 75 72
3049 2 15 58 24 89
3050 2 97 73 21 14
3051 1 93 41
3052 2 37 14 50 38
3053 1 87
3054 1 72 35 89
3055 1 7 76 92 57 74
3056 1 55 84 26
3057 2 68
3058 1 27 71
3059 2 54 40 23 16
3060 1 35
3061 2 67 51 53 84 40
3062 2 5 93 51 24 21
3063 1 16 28 54 69 24
3064 1 63 71 50 48
3065 2 23
3066 2 22 52 10
3067 2 68
3068 1 14 5
3069 1 96 41 75
3070 2 5 26 80 79 63
3071 2 15 91 56 79 67
3072 1 57
3073 2 5
3074 1 43 45
3075 2 94
3076 2 6 95
3077 1 65 6 52 93 77
3078 1 69
3079 1 90
3080 1 24
3081 2 3 38 25 18 5
3082 1 95
3083 1 65 81 11 25
3084 1 27 82 5 68 11
3085 2 2 40 89
3086 1 56 5 24 35 39
3087 2 13 73 61
3088 1 30 68
3089 2 16 76 74 42
3090 2 75
3091 1 77 31
3092 1 75 86 35 82 32
3093 2 19
3094 2 71 14 77
3095 1 70 99 10 82 40
3096 2 84
3097 2 1 57 69 53
3098 2 86 4 96 19
3099 1 91 94 77 60 6
3100 1 23 50 79 47
3101 2 34 100
3102 1 90 95 101 52
3103 2 57 48 31
3104 2 26 47 48
3105 1 85 78
3106 2 26 43
3107 1 81 27 61 73 60
3108 1 76 51 94 5 95
3109 2 86 95 37 90 48
3110 2 46 96
3111 2 82 25 78 65
3112 1 52 98 61 27 65
3113 1 83 28 95 63
3114 2 69 93 48 53 8
3115 1 48
3116 2 30 41 28 19
3117 2 63 29 16 4
3118 2 21 50 36
3119 2 13 17 101 49 48
3120 1 97 61 1 52 69
3121 2 11 49 56 54 99
3122 1 57 100
3123 1 94 61
3124 1 46
3125 2 42 96 1
3126 2 4 81 72 62 19
3127 2 53
3128 2 50 55 77 61
3129 1 85 2 7
3130 1 91 71 97 19
3131 1 36 41 31 16 93
3132 1 78 101 58
3133 1 63
3134 1 24 29 1
3135 1 57 83
3136 2 55 61
3137 2 44 18
3138 2 56 22
3139 1 18 62
3140 2 11
3141 2 37 41 92 23
3142 2 53 16
3143 2 43 40
3144 1 27 15
3145 2 99
3146 2 91 23 11 6 57
3147 1 3
3148 2 90 40 13 53
3149 1 19
3150 2 43 69 39
3151 1 7
3152 2 57 24 8
3153 1 85 94 22 37
3154 1 94 60 55 39 53
3155 1 93 86 90 40
3156 1 67 23
3157 1 45 54
3158 1 56 88 44
3159 1 82 45 5 93 69
3160 2 99 43 52 36 1
3161 1 76 58
3162 2 50 62 3
3163 2 81
3164 2 4 18 80
3165 2 84 62 24 57 23
3166 1 93
3167 2 32 63 14 45 87
3168 1 8
3169 1 39 47
3170 2 73
3171 1 3 46 32 96
3172 1 54 87 100 50 42
3173 1 62 85 22 26
3174 1 63 9
3175 1 47 35 86 24 34
3176 2 44 63 25
3177 2 11
3178 2 50 62 35 17
3179 2 50 45 64
3180 2 77 45 7 25
3181 1 4 85 68 95
3182 2 40 32
3183 2 1 14 70
3184 1 44 55 82
3185 2 62 41 58 24 90
3186 1 70 88 57
3187 1 80 7 3 24 14
3188 1 17 68 44 46 86
3189 2 42 26 80
3190 1 19 68 90
3191 1 5
3192 2 94 47 76 30 28
3193 1 12 60 64 77 17
3194 1 81 47 51 28 100
3195 1 12 53 52 50 51
3196 1 1 76 57 101 42
3197 1 58 47 40
3198 1 75 42 91 65
3199 1 19 65
3200 1 43 21 28
3201 1 50 69 61 18 1
3202 2 59 15 49 100
3203 1 94
3204 2 44 94 21 75
3205 2 58
3206 2 2 9 54 40 75
3207 2 3 85 5
3208 1 55 68
3209 2 98 83 61 15
3210 1 77 6 51 21 41
3211 2 33 34
3212 2 52 95 78
3213 2 76 84 86 49
3214 2 37 40 11
3215 1 85
3216 1 46 34 56
3217 2 9 47
3218 2 15 43 32 71 52
3219 2 82 6
3220 2 63 27 22
3221 2 100 24 75
3222 1 92 20
3223 1 82 74 24 5 12
3224 1 55 27 7 30 21
3225 1 70 13 83
3226 1 101
3227 2 58
3228 2 86 85 94
3229 1 74 25 73
3230 2 52 47
3231 2 41 17 25 18 37
3232 2 78 14
3233 1 21 38 46 73
3234 1 77 98
3235 2 49 84
3236 2 71
3237 1 96 2 88 83 69
3238 1 13 18 45 14 41
3239 2 34 88 12 80
3240 2 22 49 39
3241 1 100 55 53
3242 1 34 69 82 14
3243 2 3
3244 1 97 18 16 54 98
3245 2 51
3246 2 76 80 65 44
3247 1 47 101 22 49
3248 1 100
3249 1 72 67 56 51
3250 2 45 54
3251 2 84 22 15 26 54
3252 2 52
3253 2 8 7 48 42
3254 1 67 36
3255 1 61 55 2 82
3256 2 92
3257 2 87 64
3258 2 68 52 100
3259 2 99 22
3260 2 99 45 21
3261 1 16 35 89 64
3262 1 30 60
3263 1 47 12 49 28
3264 2 43 63 29
3265 1 29
3266 2 52 41
3267 1 90 68 37 52
3268 2 4 6 26 29 96
3269 2 100 76 57 66
3270 1 9 88 57 100 11
3271 1 55 75 97 73
3272 2 50
3273 2 96 21 40 50
3274 1 68 30 74 52 19
3275 1 84 79 24 8
3276 2 65
3277 2 40 69 81 1 90
3278 1 78 73 70 83
3279 2 41
3280 2 100
3281 1 25 19 70
3282 2 13
3283 1 26 1
3284 2 42
3285 1 44 16
3286 2 65 96 19 78 17
3287 2 40
3288 1 100 66 41 68 2
3289 2 19 5 88 16 83
3290 1 5
3291 1 9 27 53 33 59
3292 2 2 93
3293 2 61 45 2 80 64
3294 1 57 19
3295 2 3
3296 1 39 29 24 27 86
3297 2 32 92 42
3298 1 40
3299 2 13 16 82 52
3300 2 44 55 43 50
3301 1 86 21 4
3302 1 12 13 51
3303 2 55 14 67 59 38
3304 2 88 49 60 55
3305 1 29 55 18 59
3306 2 47 83 3 26 57
3307 1 81 20 76 74
3308 1 9 74 46
3309 2 79 93 82 95 49
3310 2 19 55 5 21 75
3311 1 26
3312 1 54 20
3313 1 32 53 9 85 59
3314 2 98
3315 2 53 58 29 67 85
3316 2 56 72 4 2 89
3317 1 55
3318 2 21
3319 1 52 85 11 71
3320 1 33 96 3
3321 1 11 21 43 26
3322 1 48
3323 2 91 94 55
3324 2 28 41 36
3325 2 50
3326 1 22 31 73 52
3327 2 11 89
3328 1 10 40 59
3329 2 7 39 74 57
3330 1 100 33 11 93 12
3331 2 37 85 28 11
3332 1 78 7 77 26 96
3333 2 22 56 25 91 23
3334 1 32 77 28 36 70
3335 2 50 38
3336 1 67 54 79 59
3337 2 33 17 38 85 69
3338 2 36 46 26 5 21
3339 1 48 36
3340 2 50
3341 2 44 4 14
3342 2 44 40
3343 1 31 77 20 17 72
3344 2 72 81 75 98 80
3345 1 51 25 1 7
3346 1 80 75 16 71
3347 2 95
3348 2 30
3349 2 94 11 73
3350 1 11 35 78 53
3351 1 75 67
3352 2 26 11
3353 2 73 82 23 98
3354 2 67 28 71 27 74
3355 1 100 65 28 90 101
3356 2 49 14
3357 1 59
3358 1 99 23
3359 2 84 6 69 78
3360 2 42
3361 1 54 64
3362 1 66 47 46 41 97
3363 2 26 76 47 46
3364 2 33 94 38 40
3365 2 88 50
3366 2 66 4 15 39 17
3367 2 43 59 12 49 92
3368 2 67 72 33 78 84
3369 2 13 73 45 79 91
3370 1 18
3371 2 59 25
3372 1 28
3373 2 90 47 40 98 22
3374 1 81 2 75 14
3375 1 71 59 21 34
3376 2 84 80 43 55
3377 1 31 21 17 56
3378 2 65 85 2 32 8
3379 1 12 9 7
3380 2 33 84
3381 2 64
3382 1 59
3383 1 30 81 5
3384 2 64 23 79 35
3385 1 57 71 89
3386 2 12 25 20 13
3387 1 32 74 82 73 72
3388 2 20
3389 1 5 10 19 49 6
3390 1 43 83 66 74
3391 1 82 9 40 91 53
3392 2 25 35
3393 1 65 84 37 99
3394 1 80 41 70 51
3395 2 100 32 13 64
3396 1 101 94
3397 1 30
3398 1 50 17
3399 2 19 95 79 55 60
3400 1 14 76 37
3401 2 78 13 38 76 70
3402 1 85 3
3403 1 10
3404 1 65 23
3405 2 47 1 5
3406 1 70
3407 2 25 99 46
3408 2 76
3409 1 46 10 45 53 34
3410 2 86
3411 1 97 56 73
3412 1 80 95 45 101 18
3413 2 60
3414 2 49 71
3415 1 56 46 35 90
3416 2 88 79 12 40 100
3417 2 42
3418 2 26
3419 2 17 61 44 79
3420 2 56 10 19
3421 1 25 3 76
3422 1 78 23
3423 2 30
3424 1 46
3425 1 51 37
3426 2 38 98 27 95 43
3427 1 26 96 46 72 98
3428 2 35
3429 2 90
3430 2 57 77
3431 2 60
3432 2 48 16 69
3433 1 44 86 43
3434 2 97
3435 2 77 34
3436 2 90 11 62 92 47
3437 2 26 65
3438 2 13 11
3439 1 54
3440 2 74 41 37 3
3441 1 68 84 39 101 99
3442 2 36 43 35 68 27
3443 1 101 45 76 75
3444 2 30 14 36 53 18
3445 2 77 15
3446 1 42 35 78 49
3447 1 54 19 32
3448 1 15 23 50
3449 1 80 90
3450 1 55 62
3451 1 90
3452 1 32 12 35
3453 1 70 43 52
3454 2 11 24 58
3455 2 53 79 96
3456 1 35
3457 1 56 88 75
3458 2 1 75 20
3459 1 39
3460 2 55 62 61 48
3461 1 71 17 38 10
3462 2 62 23 34 96 25
3463 1 101 37
3464 1 6
3465 1 50
3466 1 64 70
3467 2 81 46 86
3468 2 11 74
3469 1 15
3470 2 94 9 101 44 19
3471 2 10 38 42 12
3472 2 94
3473 1 55
3474 1 85 84 78 15
3475 2 99
3476 1 92 74 1 84 101
3477 2 23 47 76 56 80
3478 2 39 10 63 33
3479 2 40 71 96 90
3480 2 47 24 95 83
3481 1 71 61 40
3482 2 68 84 55 18 69
3483 2 73 49
3484 2 8 31 46 91
3485 2 3 100 76 61 63
3486 1 27 49 20 46
3487 2 28
3488 2 12
3489 2 65 4 26 76 18
3490 1 82 23
3491 2 20 1 90 37
3492 2 100 3 31
3493 2 35 9 97 81
3494 2 86 26 29 39 44
3495 1 44 38 101
3496 2 84 93
3497 1 74 24 57 84
3498 2 101 5
3499 2 92 35
3500 2 68 99 18 58 48
3501 2 33 7 12 18 68
3502 1 49 45
3503 1 27 76 33 80
3504 2 66 87 55 13 57
3505 2 85
3506 1 41 63 35 8 61
3507 1 37 9 82
3508 1 7 68 95
3509 2 2 63
3510 1 24
3511 1 92
3512 2 60 22 95 86
3513 2 45 7
3514 1 25 90 39 21 101
3515 1 58 30
3516 1 8 60 87
3517 1 17 94
3518 2 98 66
3519 2 16 23 93 77
3520 1 32 41
3521 2 87 71 18
3522 2 36 81
3523 1 26 7 54 98
3524 1 17 13 66 48
3525 1 9 26 67 16
3526 2 76 100 38 90 91
3527 2 89 78
3528 1 46 60 44 83 2
3529 1 77 17
3530 1 36 23
3531 1 99 42 89 87 60
3532 1 16 87
3533 2 79 26 60 51 47
3534 1 70 23 56
3535 1 97
3536 1 91 45
3537 2 10 16 80
3538 1 19 1 84 58 54
3539 1 19 25 56 27 67
3540 1 27 78 13 90
3541 1 48 99 60
3542 1 89 53 40
3543 2 61 64 63 91 12
3544 2 94
3545 1 93
3546 1 87 96
3547 1 25 21
3548 1 40
3549 2 1 82
3550 2 12 15
3551 1 58 101 6 27
3552 1 86
3553 2 74 17 41 84
3554 2 35 9 101
3555 1 23
3556 1 92 5
3557 1 3 54 61 7 73
3558 2 91 25 60 82 41
3559 1 80 62 73
3560 1 2 96 40 73
3561 2 14 39 94 92
3562 1 61
3563 1 7 27 97 69 75
3564 2 49 98 62 34 17
3565 2 33 35 11 92
3566 2 75 9
3567 2 42 57
3568 2 59 21 70 77
3569 1 56 78 40 35 101
3570 1 26 23 92 59 83
3571 2 83 36 75
3572 2 89 13 36 68 5
3573 2 76
3574 1 31 61 3
3575 2 90 74
3576 1 69 28 41 34
3577 1 94 17 51 62
3578 2 74
3579 2 45 17
3580 1 28 86
3581 2 56 9 38 77 74
3582 1 94 93 27 8 32
3583 2 40 18
3584 1 86
3585 2 88
3586 1 13 66 64
3587 1 91 14
3588 2 88 11 16
3589 2 49 69 55
3590 2 67 60
3591 1 16 22
3592 1 33 98 16 83
3593 1 54 58 8 35 11
3594 1 98 67
3595 1 39
3596 2 52 5 77
3597 1 80 52 56 27
3598 2 75 72 96 17
3599 2 48 29 32 78 33
3600 2 72 87 22 92 77
3601 2 10 5 43
3602 2 54 88 27 21 90
3603 2 21 20
3604 1 31 78 37
3605 1 78 11
3606 1 27 29 53 72
3607 2 94 42 6
3608 2 58 26 39
3609 2 86 50 101 61 44
3610 2 95 6 24
3611 2 70 54 1 79
3612 1 51
3613 2 4 36
3614 1 87 96 100
3615 2 85 97 34
3616 2 19
3617 1 1 65 15
3618 2 50 46
3619 1 45 42
3620 2 55 49 8 21 11
3621 1 61
3622 1 38
3623 1 80 58 38
3624 2 84 60 85 31
3625 2 67 94
3626 2 77 92 30 14 15
3627 2 38 23
3628 2 90 55 46 96 45
3629 1 63 65 5 10
3630 1 98 46 26 62
3631 1 86 75
3632 2 7 59 72 35
3633 1 33
3634 2 93 13
3635 1 97
3636 1 42 93 54 25
3637 1 93 8 53 91
3638 2 88 4
3639 2 84 68 97 6 19
3640 2 89 81 6
3641 2 70 50 10 94
3642 1 44 63
3643 1 69
3644 2 45 47 62 13 28
3645 1 95
3646 2 8
3647 2 40 72
3648 1 31 85 80
3649 1 28 63
3650 1 45
3651 2 7 71 10 87 37
3652 2 75 76 21
3653 1 62 10
3654 1 27
3655 1 63 37 66
3656 2 1 30 6 27 47
3657 1 66 9
3658 2 57 81 24 69 10
3659 2 79 59 55 8 42
3660 1 94
3661 2 72 88 44 92
3662 1 23
3663 2 11 72 27 51
3664 1 80 95 16 19 44
3665 2 2 87
3666 2 10 66 31
3667 2 88 69 45 42 76
3668 2 43
3669 1 94 6 35 40
3670 2 11
3671 2 55
3672 2 27
3673 2 83 36
3674 2 41 63 15 70
3675 2 65 9 55 99
3676 1 6 76 4 87 95
3677 2 23 69 64 45 36
3678 2 71 38 70
3679 2 40 26 81 98 89
3680 2 101 30 70 18 1
3681 2 99 53 21
3682 2 8 25 29 77 84
3683 1 92 74 25
3684 2 83
3685 1 56 27 32
3686 1 12 11 42
3687 1 81 100 3 20 25
3688 1 71
3689 2 13 69 94 52 1
3690 1 65 90 97 67 51
3691 2 88
3692 1 37 54
3693 2 14 23
3694 2 31 19 1
3695 2 8 73
3696 1 2 42
3697 2 22 76 80 64 101
3698 1 7 59 45 92
3699 1 38
3700 1 49
3701 2 82 4 77
3702 2 8
3703 1 80
3704 1 38 90
3705 1 76 30 44 40
3706 2 95 21 2 71
3707 1 38 31 26 82 87
3708 2 81 46 53 20
3709 2 96 85 56
3710 1 27
3711 2 33
3712 1 9 84
3713 1 33
3714 1 39 78 68
3715 1 37 73 28
3716 1 30 33 61 36 16
3717 2 6 75 91 100
3718 2 43 78 64 24 13
3719 2 79 32 98 47
3720 2 77 21
3721 1 55 26 18 52 64
3722 2 77 59 24 69 42
3723 2 3 41 39 27
3724 1 81 5 84
3725 2 7 10 80 15 50
3726 2 45 29
3727 2 90 91 40 60 34
3728 2 15 94 92 53 46
3729 2 72 38 61 67 65
3730 2 88
3731 1 52 43 100 81 63
3732 2 32 68 21
3733 2 9 47 92 39 22
3734 1 41 66 28 45 56
3735 1 88
3736 1 101 29
3737 2 82 21 44 24 27
3738 2 26 72
3739 2 69 95 55
3740 1 35
3741 1 80 15 63 8
3742 1 97
3743 2 55 83
3744 2 38 50 34 100 81
3745 2 10 84 33 5
3746 1 12 63 64 91 17
3747 2 52 87 74 47 28
3748 1 85 48
3749 2 30
3750 1 77 55
3751 1 18
3752 2 6 69
3753 2 32 83 86
3754 2 37 42
3755 2 7 56 40 41 79
3756 1 101 43
3757 1 94 28 82 80
3758 1 93
3759 2 58 20 51 17 3
3760 1 28
3761 1 9 50
3762 2 64 75 76 5
3763 1 1 85 93 10 49
3764 1 28 95 66 27 93
3765 1 81 47 59
3766 2 62
3767 1 25 39
3768 1 54
3769 2 60
3770 2 86 67
3771 2 2 54 42
3772 1 61 87
3773 2 70
3774 2 68
3775 1 4 34 88
3776 1 33 52 24 98
3777 1 53 60 15
3778 1 85 39 82 79 93
3779 2 81 21
3780 2 90 47 67 26 88
3781 1 36
3782 2 75 84 11
3783 1 82 93 41 89 33
3784 1 66 75
3785 1 29 48
3786 2 48 73 63 90 87
3787 1 93 47
3788 1 12 50 79
3789 2 48 93 98
3790 2 95 12 82 87
3791 1 4 45 59 19 35
3792 2 80 37 62
3793 1 9 28 36
3794 2 75
3795 2 53 48 84
3796 1 67 52 90 29 17
3797 1 8 43 73 93 1
3798 1 42
3799 1 37
3800 1 93 78
3801 1 84 49
3802 2 23 96
3803 1 96 98 79
3804 1 3
3805 1 8
3806 2 57 47 70 66
3807 1 41 36 100
3808 1 19 18 21 70
3809 1 59 55 94 74 45
3810 2 3 34 11 35 80
3811 1 55 73
3812 2 52 101 66 32
3813 1 29 96 34 31 50
3814 1 77 22 16 67
3815 1 91 11 13 24 65
3816 2 23 12 53 72 61
3817 2 26 81
3818 2 44 18
3819 1 47
3820 1 11
3821 1 52 79 67 23 65
3822 2 26 43 34 83
3823 2 9 12 88 98
3824 1 70 39 90
3825 2 9 63
3826 1 59
3827 1 72 57 64 58
3828 1 69 11
3829 2 14 90
3830 1 7 21 84 47
3831 2 33 70 7
3832 1 47 74 44
3833 1 49 8 83 19 66
3834 2 42 28 100 22 52
3835 1 41
3836 2 39 40
3837 2 96 62
3838 1 11 71 94 75 95
3839 1 63
3840 1 95
3841 1 8 65
3842 2 3
3843 1 66 93 81 2
3844 2 43 52
3845 1 27 74 67 51 32
3846 1 94 83 40 27 91
3847 1 7 68
3848 1 52 18 22 73 9
3849 2 84 42 37 86
3850 2 39
3851 2 73 94 21
3852 2 101 15 81 43
3853 1 28 20 60 25
3854 1 11 47 37 15
3855 2 26 2
3856 2 97
3857 1 40 86 97 76
3858 1 50 68 55
3859 2 65 31 28
3860 1 21
3861 2 32 85
3862 1 4 65 81
3863 2 60 46 38 21 47
3864 1 11 53 101
3865 2 41 11
3866 1 22
3867 2 84 11 57
3868 1 69 57 33 78 4
3869 1 7 31
3870 2 72 83 79 12
3871 2 67
3872 1 94 24 8
3873 2 70 100
3874 2 71 47 27 90 8
3875 2 9 54 68 75 18
3876 2 47
3877 1 10
3878 1 72 55 98 56
3879 2 94 69
3880 1 23 33 51
3881 2 54 64 22 99 68
3882 1 101 97 36 66 43
3883 2 84 60 53
3884 1 15 9
3885 2 3
3886 2 85 86 15 24
3887 1 34 40 98 97 18
3888 1 65 4 87
3889 1 96
3890 1 53
3891 1 39 28 4
3892 2 13 24 39 35 53
3893 2 81 57
3894 2 5
3895 2 91 48 29
3896 1 43 88 98
3897 1 18 100 90 69
3898 2 29 17 84 60
3899 1 55 15 74 41
3900 2 3 45 2 85
3901 1 17 45 98 61
3902 2 60 69 63
3903 2 36
3904 2 92
3905 2 67
3906 2 99 74 38 40
3907 2 47 99 25 6
3908 2 22 62 99
3909 2 84 46 14 83 60
3910 1 36 90 6 66 33
3911 2 92 54 97
3912 2 101 31 82
3913 1 87 65 33 66
3914 1 57 61 64 29 92
3915 2 63 39
3916 2 33 68 21 38
3917 2 65 3 55 72 12
3918 2 81 6 50 89 64
3919 2 46 19
3920 2 77 54 98 14
3921 2 40
3922 1 4
3923 2 100 27 5 8 64
3924 1 88 6 90 33 3
3925 2 68 56 17
3926 2 39 44 41 85 2
3927 1 29 2
3928 2 9
3929 1 53 101 5 9 58
3930 2 55 39
3931 2 20 7 59 19
3932 2 4 35
3933 2 21 64 71 90 36
3934 2 86
3935 1 98 92 96 74 31
3936 1 4 69 7 96 44
3937 2 38 7 14 63
3938 2 20 28 23
3939 1 85 44
3940 1 35 36 64
3941 1 53 39 93 34 51
3942 2 9 83 12 19 62
3943 2 83 5 34 30
3944 2 36 78 87 68
3945 1 58 72 64
3946 2 40 55 25
3947 2 36 44
3948 2 24
3949 1 8 94 76 29
3950 1 28 6
3951 2 24 65
3952 1 53 45
3953 1 53 15 64 47 34
3954 2 54 24 2
3955 1 94
3956 1 77 39 101
3957 2 49
3958 2 9 84 67 64
3959 1 6 45 59
3960 1 16 93 98 7 30
3961 1 54 18 88 46
3962 1 54 67 1 58
3963 1 52 25 17 27
3964 2 17 40
3965 2 14 51 66 24 18
3966 1 57 59 52
3967 2 74 70 5
3968 1 19
3969 2 89 45 27 47 37
3970 2 44 73 39
3971 2 90 84 41
3972 1 61 23
3973 2 13 6
3974 2 33 64 59 72
3975 1 46 17 91 30 74
3976 2 52 63 84
3977 2 13 89 55 5
3978 2 83 84 10
3979 2 83 84 34 23 91
3980 1 35 40
3981 2 22 1 51 80 46
3982 2 4 69 45 75
3983 1 42
3984 2 15 50 39
3985 2 62 84 76 95
3986 1 2 5 84
3987 2 93
3988 2 53 25
3989 1 83 57 39 95 17
3990 1 49 11 93 2
3991 1 17 85 36
3992 1 91
3993 2 34
3994 1 95 47 19 91
3995 1 26 11 32 59
3996 2 8
3997 2 3 15 34 45
3998 2 2 22
3999 1 70 20
4000 1 1 49 52 35 16
4001 1 33
4002 1 66 95 67
4003 2 14 64 3 18 20
4004 2 69 98 15 35 79
4005 2 33
4006 1 13 58 7 87 73
4007 1 82 26 87 100 92
4008 2 58 16 8
4009 1 32 26
4010 1 44 13 77 36
4011 1 47 31 23
4012 1 63
4013 2 17 73 23 80 15
4014 1 26 50 96
4015 2 42 7 32 24
4016 1 16 87 20 66
4017 2 53 69 95 40
4018 1 26 86 1 89
4019 2 25 15 23 90
4020 1 59 26
4021 2 45
4022 2 25 94 32 73 7
4023 2 57 94 27 26 54
4024 1 60 96 44 25
4025 1 36 92 38 91 16
4026 2 21 12
4027 1 90 92 71 8
4028 2 35
4029 1 32 35 19 100 3
4030 2 62 74 77 58
4031 1 57
4032 1 93 20 32
4033 2 5 78
4034 1 79
4035 1 35 5 48 42 17
4036 2 99 98 77 40
4037 1 82 20 63 94 36
4038 2 16 1 35 74 33
4039 1 93 48
4040 2 13
4041 1 60 2 48 37 69
4042 1 25 67 80
4043 2 97 80 85
4044 2 87 56 28
4045 2 39 75 83
4046 1 74 64
4047 1 4 59 79 39 48
4048 1 25 80 16
4049 1 59 90 68
4050 1 47 43 62 36
4051 2 83
4052 2 31 93 82 5 83
4053 1 88 56 53
4054 1 10 53 52 9 96
4055 2 75 12 69 54
4056 2 82 9 1 4 43
4057 1 101
4058 2 1 7
4059 1 77 14
4060 1 86
4061 2 46 38 18 28 41
4062 1 45
4063 2 72 32 58 101
4064 1 18 95 13 65 54
4065 1 74 85 59 76 75
4066 2 18 2 100 55 10
4067 2 91 60 58 19 65
4068 2 34
4069 1 29
4070 1 100 38
4071 2 78 3 21 20
4072 2 2
4073 2 69 86
4074 2 88
4075 1 12 14 86
4076 2 77 20 40 19
4077 1 11 47
4078 1 72
4079 2 99 76 89
4080 2 39 33 19 16
4081 1 5 73 97 95
4082 1 101 18 71 13
4083 1 35 92 36 64
4084 1 101 92 89
4085 2 94 11 44 86 88
4086 2 96 36 20 97
4087 1 82 65 41 40
4088 1 22 80 26 1 19
4089 1 74 61 43
4090 1 99 30
4091 1 96 97 7 99
4092 2 27 71 50
4093 1 14 85 36
4094 1 36
4095 2 44
4096 2 93 23 42 75 17
4097 2 61 83 36 96 71
4098 2 62 46 68 83 1
4099 1 100 93 49 45
4100 2 9 81 51 6
4101 1 64
4102 2 16
4103 1 35 63 99
4104 2 32
4105 2 79 21 99 85
4106 1 70 65 75
4107 2 66
4108 2 16 15 39
4109 2 36 91 31 47 19
4110 2 25
4111 1 69 80
4112 1 56 70 22
4113 2 67 17 45
4114 1 19 37
4115 2 55 75 21
4116 2 4 15 94 78
4117 1 92 1 83
4118 1 15 32
4119 2 39
4120 1 39 20 44 81 78
4121 1 71 88 26
4122 2 15 57 80
4123 2 50 13 62
4124 1 27 66
4125 2 32 12 10 96 35
4126 2 8 64 27 85 54
4127 2 22
4128 2 97 87
4129 2 16 12 24 5 26
4130 2 27
4131 1 36 74 2
4132 1 89
4133 1 85 93 37
4134 1 77 87 56 97
4135 2 22 49 18 62
4136 1 83 41 35 75 18
4137 1 75 98
4138 1 76 1 94
4139 1 87 100 58
4140 2 1 93 36 24 62
4141 2 54 60 80
4142 1 47
4143 1 41 68 84
4144 2 68 99 44 43
4145 1 58
4146 2 40
4147 1 94 21 52
4148 1 98 23 63 3 16
4149 2 63 16
4150 2 84 7 36
4151 1 46 85 25 54
4152 2 71 52
4153 1 10 46 16
4154 2 60 18 81 33
4155 1 90
4156 2 46 29 99
4157 2 45 14
4158 1 79 32 53 73 8
4159 2 63 53 52
4160 1 91 76 100 41 83
4161 1 26 6 59 52 80
4162 2 48 96
4163 2 71 42 5 52 91
4164 2 98 34 1 16
4165 1 16
4166 1 13 94 89 66
4167 2 1 90 100 67 80
4168 1 32
4169 2 12 98 23
4170 1 58 37 4 72
4171 1 27
4172 1 10 8 87 21 78
4173 1 76
4174 2 92 13 40 52 77
4175 2 84 3 1
4176 2 42 77 67 26
4177 2 46 38
4178 2 100 30 78 8
4179 2 23 51 101 30 35
4180 1 14 101 35 19
4181 2 58 61
4182 1 33 6 36
4183 2 40 20
4184 1 72 37 20
4185 1 72 35 47
4186 2 64 1 44
4187 2 17 41 3
4188 1 99
4189 2 11 99 101 70 82
4190 1 23 67 27 57
4191 1 96 41 20 44
4192 2 85 87
4193 1 78 37 23 81 61
4194 1 58 7
4195 1 50 2 80
4196 2 21 93 84 44 10
4197 2 1 81 6
4198 2 68 39 99
4199 1 66 17 55
4200 1 39 100 70
4201 1 26 48 93 69 12
4202 2 60 49 28 31
4203 2 21 88 75 34
4204 1 43 6 65
4205 2 70 7 67 59
4206 2 58
4207 2 43
4208 1 16
4209 1 48
4210 1 42 4
4211 2 26
4212 1 26 78
4213 2 2 1 60
4214 1 40 2 57 33
4215 1 92 33 95 96 14
4216 1 74
4217 2 69 23 93 62 83
4218 2 12
4219 1 6
4220 1 92 75 61 36 91
4221 2 74 70 1 9 20
4222 1 95
4223 1 90
4224 1 16
4225 1 84 22 83 41 36
4226 2 47 71
4227 2 3 50 100
4228 2 97 49
4229 2 84 1 99
4230 1 93
4231 2 82 101 10 19 25
4232 2 96
4233 2 39 88
4234 1 47 101 63
4235 2 14 61
4236 2 65 72 68
4237 1 75 32
4238 2 19 36
4239 2 26
4240 2 90
4241 2 97 83 21 55 47
4242 1 73 88
4243 2 74 24 80 88 18
4244 2 47 16 1 17
4245 1 23 83 65 26
4246 1 33 29 100 12 88
4247 1 81 38
4248 1 67 30 38 84 96
4249 2 89 27 85 82
4250 2 17 89
4251 1 68 1 89 7
4252 2 61
4253 2 29
4254 1 32 15
4255 1 100 53 52 10 45
4256 1 19 85 35 52
4257 1 19 80 85 17 99
4258 2 43 50
4259 2 95 83 58 26 87
4260 1 66 46 22
4261 2 87 86 76 78 36
4262 2 83 51 72 30 33
4263 2 55 59 69
4264 1 75 41 71
4265 1 55 96 15 82 40
4266 1 99 64 14 62 27
4267 2 85 93 55 4 33
4268 1 40
4269 1 88 84
4270 1 38 9
4271 1 64
4272 1 4
4273 2 100 14
4274 2 79 64 81 95
4275 1 23 64
4276 1 8 98 58 37 32
4277 1 2
4278 2 89 20
4279 2 5
4280 2 35
4281 1 64 39
4282 2 68 90 40 47
4283 1 56 16 74
4284 2 32
4285 1 18
4286 1 37 73
4287 2 100 76 14 92
4288 2 25 46 98
4289 2 71
4290 1 86 78
4291 2 81 89 60 82
4292 2 19 72 85
4293 1 91 98 50 70
4294 1 14 84 20 21 44
4295 2 83 60 56 42 73
4296 2 50 15 66
4297 2 36 16 79
4298 1 1 28 21 27
4299 2 5
4300 1 67 18 8
4301 1 71 36 45 66 57
4302 2 10 57 5 52 11
4303 2 36
4304 2 30 5
4305 1 88
4306 2 40 55 69 100
4307 1 99
4308 2 24 74
4309 1 87 3 86
4310 2 80 49 17 56
4311 2 100 34 90 3 87
4312 1 39
4313 1 77 96
4314 1 32
4315 1 37 53 34 25
4316 2 79 60
4317 1 49 70
4318 2 45
4319 2 22
4320 1 10 35 11
4321 1 20 85
4322 2 74 69
4323 1 84 78 4
4324 2 92 54
4325 2 15 101
4326 2 55 89 54 34
4327 2 6 98 40
4328 2 4 81 1 95
4329 2 86 99 21 71
4330 1 65 93 95
4331 2 81 38 53 65
4332 2 68
4333 2 18 12 66 88 47
4334 1 35 17 50
4335 2 74 99 62 12
4336 2 97
4337 2 83 31 70
4338 2 74 39 59 6 35
4339 2 66 2 40 94
4340 2 27
4341 1 65
4342 2 97 37 11
4343 1 61 1
4344 2 37 47 41 99
4345 2 93 59 94 77 10
4346 1 61 35 93 4 6
4347 1 101 63
4348 1 66 92 65 29 40
4349 2 81 82 10 42 70
4350 1 100 21 7
4351 1 30 23 12 34 26
4352 2 16 39
4353 1 51 2 53 17
4354 2 57 36 81
4355 1 67
4356 2 40 61 95 74 75
4357 1 32 30 24
4358 1 74 10 80
4359 2 59 93
4360 2 36 87 21 17 80
4361 2 23 67
4362 1 50 51 42 11 31
4363 1 82 21 70
4364 1 75 92 90
4365 1 37 80 10 21 65
4366 1 31 10
4367 2 98 10 17
4368 2 65 63 81 58
4369 2 11 86 18 26
4370 1 49 26
4371 2 73 10 47 8 25
4372 2 11 53
4373 2 38 36 7 78 10
4374 2 49 41 40 45
4375 1 17 4 25
4376 2 20 87 94 68
4377 1 84 16
4378 2 75 29 54 81 94
4379 2 42 18 29 30
4380 1 72 25 93 57
4381 2 88 78 36 63
4382 1 12
4383 2 73 90 85
4384 2 46 18 54 71
4385 2 77 80 53
4386 1 25 6
4387 2 1 29 80
4388 1 55
4389 1 80 57 63 54 38
4390 1 47 97 90
4391 2 62 13 57 80 21
4392 2 39 101 51 64 42
4393 2 42 67 92 93 59
4394 1 21 40 17 30 22
4395 1 4 34
4396 1 38 47 87 11 7
4397 1 8 68 29
4398 1 54 79 20 51
4399 1 32 3
4400 1 60 39 83 25
4401 2 51
4402 2 26 88
4403 1 69 22 60 2
4404 2 22 33 15
4405 2 39
4406 2 33 52 3 11
4407 1 18
4408 1 75 25 36 55
4409 2 56 17
4410 1 74 11 4 98 5
4411 1 27 94
4412 2 8 87 79 92
4413 1 29 8 3 40 45
4414 2 36 99
4415 2 84 17 69
4416 2 12 41 74
4417 2 87 97
4418 1 98 82 65 56
4419 1 96 82 72 77 86
4420 2 77 87 101 99
4421 1 69
4422 1 32 100 94 75 2
4423 1 48 87 41
4424 1 73
4425 2 14 58 97 84
4426 1 100 81 53
4427 2 55 63 21 45
4428 2 40 97 29 65 70
4429 1 27 86 72
4430 2 18 27 44 79 87
4431 2 95 18 22
4432 2 76 70 29 63
4433 1 9 7 90
4434 1 1
4435 1 2 65
4436 2 32 57 27 40 65
4437 1 21 88 90
4438 2 7 65 15 43
4439 2 80 53 40 59
4440 2 33
4441 2 67 16 73 71 15
4442 2 96 52 20 47
4443 2 2 64 51 96
4444 2 27 49
4445 2 90 88 48 72
4446 2 90 59 58
4447 1 52 73
4448 2 42 89 80 82 24
4449 1 76 63 2 85
4450 2 17 59 21 40
4451 1 98 7 89
4452 1 26 6 73 53
4453 1 59 4 69 27 13
4454 1 65
4455 2 69 42 65
4456 2 68
4457 1 44 90
4458 1 36 83
4459 2 94 31 24
4460 1 101 51 9
4461 2 96 8 45
4462 1 69
4463 1 88 87 56 92
4464 2 75 61
4465 1 19 13 67 96
4466 2 98
4467 1 41 44 87
4468 1 98 87 68 35 99
4469 2 93 89
4470 2 15
4471 2 81 58
4472 2 82 39 38 9 29
4473 1 93 3 97
4474 2 44
4475 2 1
4476 1 100 72
4477 2 99
4478 1 47 96 77 8
4479 2 53 76 56 72 42
4480 1 27 31 95
4481 2 58
4482 2 17 93
4483 2 56 74 7 19 60
4484 1 44 22
4485 2 95 45 77
4486 1 24 54 76 52
4487 2 68 37
4488 1 25 91 89 61
4489 2 49 28 72 57
4490 2 48 42 38 13
4491 1 31
4492 2 99 25 21 78 93
4493 1 81
4494 1 17 69 80 47 97
4495 2 5 15 23 50
4496 1 55 17
4497 1 67 25 61 87 91
4498 1 42 35 18 34 31
4499 2 43 56 35 41 53
4500 1 52 63
4501 1 16 58 53
4502 2 77 10 38 64
4503 2 58 15 17
4504 1 61 79 28 84
4505 1 50 66 53
4506 2 21 51 14 37
4507 1 47 4 19 77 85
4508 1 11 35 95 31 45
4509 2 59
4510 1 76 22
4511 2 29 34 19
4512 2 23 10 29 5
4513 1 7 88 3
4514 1 56 46 26 8 65
4515 2 89
4516 1 47 4 78 55
4517 2 94 68
4518 1 39
4519 2 19 60
4520 1 64 1 47 42 68
4521 2 94
4522 2 89
4523 2 68 54 47 37 13
4524 1 14 18 96
4525 1 32 92
4526 2 32 64 31 67 6
4527 2 29 22 82 19 31
4528 2 75
4529 2 52 4 64 70 1
4530 1 45
4531 2 3 63 44
4532 1 7
4533 2 31 69 72 30
4534 2 30 32 94
4535 2 99 84 90 14 34
4536 2 28 95
4537 1 46 44
4538 2 71 58 61 28
4539 2 67 73 88 89
4540 2 63 93 42 91 4
4541 2 90 28 21 39 72
4542 1 1 8 81
4543 2 83 79 61 42
4544 2 89 94 93
4545 2 94 31 51 32
4546 1 91
4547 2 71 101 96 56
4548 1 56
4549 2 100
4550 1 51
4551 1 100
4552 1 95 85 39
4553 1 62 88 39 1 19
4554 2 76
4555 1 1 46 33 77 29
4556 1 50 8 32
4557 1 18 56 25 11 24
4558 1 90 64 79 97
4559 1 59
4560 1 67 4 33
4561 2 89 33 31 75 13
4562 1 30 46 7
4563 1 92 101 55 78 17
4564 1 36 82 66 15 88
4565 1 9 64 20 87 30
4566 2 53 56
4567 1 64
4568 1 33 100 82 84 20
4569 1 50 16 6 26
4570 2 36 13
4571 2 52 37 54 100 4
4572 2 23 21 79 92 41
4573 2 27
4574 2 16
4575 1 69
4576 1 75 5
4577 2 54 35 88 16 60
4578 2 19
4579 2 60
4580 2 6 46 69 94 19
4581 1 51 64 80
4582 1 26 57
4583 1 16 1 21
4584 2 51 20 39
4585 2 17 26 55 10
4586 2 58 54 85
4587 2 7 28
4588 1 67 81
4589 1 68 84 18 57 39
4590 2 23
4591 1 7 43 27 82 63
4592 1 23 69 59 41
4593 2 63
4594 1 70 24 66
4595 1 28 71 46
4596 2 17
4597 1 100
4598 1 37 84 39 32 101
4599 2 37 68 41 29
4600 2 1 92
4601 1 49 71
4602 1 51 58 38 76 44
4603 1 33
4604 1 50 54 15 47
4605 2 37 93 92
4606 2 33 29 94 9 40
4607 2 48 72 20 27 29
4608 1 4 82
4609 1 57 9
4610 1 64 79
4611 2 95
4612 1 42 14 63
4613 1 98 86 52 79 43
4614 2 21
4615 2 67 21 36 75
4616 1 92 9 88 50 55
4617 1 62 20 38 25
4618 1 46 73
4619 1 83 33 29 28 72
4620 2 85 90 63
4621 2 61 50
4622 2 15 85 3
4623 1 18 86 25 9
4624 1 44 96 18 38
4625 1 59 75 48 15 14
4626 1 74
4627 2 86 53
4628 2 1 101 4
4629 2 66 39 83
4630 2 3 25 19 84 22
4631 1 58
4632 1 87 13 66 12 81
4633 1 70 74 6 65 10
4634 1 85 72 80 64
4635 2 101 15 14 16
4636 1 56 93 8
4637 1 4 61
4638 2 13 81 98 90
4639 2 45 100 18 2
4640 2 7 48
4641 2 88 47
4642 1 67 86 54 48
4643 2 88 2 12
4644 2 86 49 67 31 65
4645 2 57 77 51 61
4646 1 96 77 45 42
4647 2 43 77 41
4648 1 75 28 80
4649 2 95 43 85 46
4650 1 6 86 11 8
4651 1 11 29 17
4652 1 42 72 40 100 6
4653 1 64 8 13
4654 1 19 11 16 53
4655 2 79 73 14 45
4656 1 67 3 44
4657 1 77 18
4658 2 11 18 101
4659 1 90 3
4660 1 100 68 92 28 26
4661 1 22 48 4
4662 2 35
4663 2 11
4664 2 8 78 52
4665 2 63 85 73 9 79
4666 2 11
4667 2 36 94
4668 2 35
4669 2 12 63 37 99
4670 2 54 92
4671 1 93 49 20 55
4672 2 33 39 17 52
4673 1 45 2 65 26
4674 1 28 66 42
4675 1 22 30 14 45 60
4676 2 84 74 94 76
4677 2 81
4678 2 29
4679 2 8 41
4680 1 91 63 12 94 72
4681 1 92 42 65 36
4682 1 41 12
4683 2 8 27 70
4684 1 30
4685 2 13 71 35
4686 2 37 34 26 82
4687 1 13
4688 2 17
4689 2 98 55
4690 1 50 79
4691 1 90 72 26
4692 1 7
4693 1 91 88 62 2
4694 2 26 83 13
4695 2 92 89 12 56
4696 1 15 58 79
4697 1 87 97 33 9 66
4698 2 33 20
4699 1 20 36 75 92
4700 2 72 81 59 89 90
4701 1 61 53 12
4702 1 53 40 70 76
4703 1 44 16 52 97 42
4704 2 41 36
4705 1 52 12
4706 1 7
4707 1 90 66 10 25 42
4708 1 71 42 82 50
4709 2 11 62 75 50 37
4710 2 49
4711 1 42 7
4712 1 85 74 101
4713 2 34 50 2
4714 1 50 29
4715 1 17 55
4716 2 86 54
4717 1 91 72 37
4718 2 25 47
4719 2 65 48
4720 1 91
4721 1 53 6 70
4722 2 70 61
4723 2 64 63
4724 1 13 52 73 49 34
4725 2 42 53
4726 1 13 23
4727 1 46 31 74
4728 1 84 7
4729 2 22 14
4730 1 8 75 79
4731 1 79 94 56 83 58
4732 2 37 24 77 6
4733 2 3
4734 1 26
4735 2 56 99 22
4736 1 66 24 61
4737 2 17 33 73 52
4738 2 86 19 55 58 3
4739 2 11
4740 1 91 98 21 18
4741 2 56 90 13 4 66
4742 2 58
4743 1 63 35 81 71
4744 1 100 80
4745 1 78 100
4746 2 70 56 64 18
4747 2 49 20 27 61
4748 2 86
4749 2 57 47
4750 2 79 23 54 18
4751 2 56 101 86
4752 2 68 6 36 80
4753 1 91
4754 1 9 37 94 64
4755 2 94
4756 2 24 73 66 23 86
4757 1 69 99
4758 2 33 40 96 84
4759 1 9 16 36 76
4760 1 78
4761 2 22 68 81 97 39
4762 2 32 9 20 19
4763 1 15
4764 2 38
4765 1 99
4766 2 88 99
4767 1 101 57
4768 2 42 87 65
4769 2 70 13
4770 1 54 91 61 30 4
4771 2 20 2 84
4772 2 1 54 70 78 46
4773 1 73 33 93
4774 2 51 1 78 44
4775 1 23 43 70
4776 1 31 92 24
4777 2 54 90
4778 1 9
4779 1 67 92 58
4780 2 50 86 7
4781 2 19 17 39 5 88
4782 2 7 21
4783 2 58 2
4784 1 3 82 90 14
4785 2 67 39 99 49 86
4786 1 62 80 37
4787 1 70 82 90
4788 1 98 61 60
4789 1 97 86 83
4790 2 26 75
4791 1 45 7 76 41
4792 2 77 67 87 59
4793 2 7
4794 2 79 8
4795 2 49 10 75
4796 2 15
4797 1 50
4798 1 101 45 16 70
4799 2 49 95
4800 1 96 25
4801 2 27
4802 1 76 77 21 80 23
4803 1 31
4804 2 89 6
4805 2 5
4806 2 93 18
4807 1 42
4808 1 80 61
4809 1 67 75 26 87 91
4810 2 96 41 88 62
4811 1 101 3
4812 1 73 52 69
4813 1 14 58 100
4814 2 42 34 50 16 31
4815 2 25 24 40 35
4816 2 72 63
4817 1 40 54
4818 1 16 28
4819 2 9 27
4820 1 97
4821 2 22 39 78 7
4822 1 36 21 97
4823 2 34 67 6
4824 2 91 14 69
4825 2 91 15 8
4826 1 71 6 54 73 60
4827 2 74 32 11 36
4828 2 80 101
4829 1 93 66 80 49
4830 2 35 30 97
4831 1 22 14 26 62 48
4832 1 61 15 54 99 9
4833 1 41 8
4834 1 78 70 30
4835 2 59 55 1
4836 1 31 51
4837 1 38 58 65 45 42
4838 1 52 48 67
4839 2 43
4840 1 8 58 85 43
4841 2 19 55 66 75 96
4842 2 43
4843 1 60 96 62
4844 1 41 71
4845 1 68 78 49
4846 1 84 7 50 35 57
4847 2 32 68 44 82
4848 1 54 47 23
4849 1 72 93 43
4850 1 3
4851 1 52 80 12 32 26
4852 2 16 10 87 7
4853 1 82 25 97 73 35
4854 1 44
4855 1 20 96 91
4856 2 22 34
4857 1 82 74
4858 2 83
4859 2 96 62 25 83 60
4860 2 59 79 19 88 87
4861 1 48 29
4862 1 85 30 23 80 68
4863 1 51 39
4864 2 44 23 86
4865 2 75
4866 1 15 73 18
4867 2 34 81 36 14 53
4868 2 92 46 96 34 86
4869 2 60 7
4870 1 22 53
4871 1 76 6
4872 2 70 52
4873 1 4 63 70 30
4874 1 6 49 85 51
4875 1 47
4876 1 55
4877 1 38
4878 2 51
4879 1 10
4880 1 33 44 49 92 87
4881 1 9 47 8 17
4882 1 86 76 22 51 95
4883 2 44 81 75
4884 1 19 82 51 27 21
4885 2 49 89
4886 2 57 17 74 81
4887 1 61 13
4888 2 26
4889 1 81 78
4890 2 69
4891 2 66 5
4892 1 8 97
4893 2 36 52 60
4894 2 40 29 59 50
4895 2 81 8 57 1 25
4896 1 82 6 101 58
4897 1 93 45 86 28 29
4898 1 90 22 5 51 76
4899 1 6
4900 2 93 37 2 92 46
4901 1 16
4902 2 78
4903 1 80 37 47 25
4904 1 86 79 99
4905 2 44 53 49 9
4906 2 72
4907 2 75 8
4908 1 71 2 34 56 94
4909 2 67 33 64
4910 1 48 78 74 46 84
4911 1 92 76
4912 1 43 99 15 48
4913 1 47 12
4914 2 24
4915 2 25 19 56 41 98
4916 2 92 65 72 87
4917 1 81 76 65 1
4918 1 52 2
4919 1 23 73 29 78 38
4920 2 63 28 99 23 44
4921 1 80 26
4922 2 59
4923 2 12
4924 2 48
4925 2 73 65 37 85
4926 2 25 9 64 20 59
4927 2 75 92 80 5 32
4928 2 59 45 81 50
4929 1 83 62
4930 1 23 20 67 41
4931 1 32 20 94 46 97
4932 1 61 78 43 56
4933 2 58 95 41 25
4934 2 54 31 75 17 20
4935 2 9 29 73 36
4936 2 70 79
4937 2 13 95
4938 2 18 83
4939 2 25 52 43
4940 1 24 93 68 36
4941 1 35
4942 1 9 53
4943 2 101 66 67
4944 1 78 71 6
4945 1 66 47 99
4946 1 2 36 46
4947 2 7 3 39
4948 1 32 72 49 43 21
4949 1 36 67
4950 2 85
4951 1 33 65
4952 2 100 62 30 16
4953 2 14
4954 2 65 16
4955 2 25 6 96
4956 2 15 21 33 1
4957 1 60 100
4958 2 15 26 80 40 18
4959 1 52 101 22 64
4960 2 45 71
4961 1 61 84 12
4962 2 99 33 1
4963 2 46 73
4964 1 19 86 101
4965 1 71 86 42
4966 1 68 76 46 98 72
4967 2 34 91
4968 2 79 21 98
4969 1 44 96 82 95 15
4970 1 81 78
4971 2 78 13
4972 1 6 99 67
4973 2 56 32 37 28 30
4974 1 34 16 36 25
4975 2 87
4976 1 42 95
4977 2 55 2
4978 2 79 95
4979 2 11 81 90 9
4980 1 31 57 93 8
4981 1 43 83
4982 1 40 100
4983 1 69 84
4984 2 16
4985 2 81 56 98 91 14
4986 2 7
4987 1 7
4988 2 38 32 41 11
4989 1 98 77 63 41
4990 2 37 16 1 86
4991 1 70 10 60 30 94
4992 2 22 97 96
4993 2 63 68 41
4994 2 33 29
4995 1 89
4996 1 22 3 23
4997 2 25 85 20 87 96
4998 1 98 45 65 58 70
4999 2 40 25 29 10 41
5000 1 73 21
