101 100
1 58 606
2 78 701
3 96 843
4 99 462
5 12 213
6 41 201
7 37 206
8 39 216
9 21 344
10 6 529
11 87 26
12 36 884
13 30 900
14 90 372
15 57 709
16 70 831
17 39 654
18 45 828
19 61 614
20 87 64
21 100 316
22 100 677
23 51 539
24 39 446
25 13 314
26 84 604
27 76 579
28 53 650
29 82 669
30 21 788
31 36 293
32 71 281
33 51 840
34 4 476
35 52 144
36 98 467
37 32 706
38 70 823
39 48 498
40 37 985
41 58 693
42 50 575
43 95 52
44 18 578
45 9 863
46 64 816
47 8 281
48 16 65
49 100 294
50 83 65
51 40 63
52 81 386
53 96 598
54 1 515
55 47 116
56 41 963
57 88 342
58 99 284
59 26 483
60 66 26
61 21 869
62 20 312
63 63 901
64 37 559
65 6 810
66 83 79
67 89 165
68 2 497
69 47 666
70 68 410
71 33 530
72 24 808
73 74 710
74 80 475
75 54 375
76 4 215
77 84 568
78 62 108
79 2 258
80 34 164
81 99 84
82 51 273
83 14 810
84 75 26
85 4 187
86 37 642
87 62 479
88 94 660
89 38 260
90 12 630
91 41 672
92 52 845
93 42 988
94 91 746
95 53 667
96 21 213
97 48 360
98 24 456
99 66 778
100 40 597
101 92 335
1 191 55
2 210 93
3 112 29
4 222 90
5 416 22
6 365 28
7 296 70
8 201 88
9 346 47
10 275 43
11 485 97
12 237 36
13 205 24
14 145 96
15 140 70
16 339 89
17 274 86
18 184 29
19 239 41
20 388 96
21 274 54
22 235 35
23 406 69
24 364 24
25 274 51
26 209 64
27 331 62
28 249 69
29 393 99
30 156 99
31 373 10
32 467 82
33 412 35
34 340 37
35 267 39
36 303 53
37 112 13
38 384 57
39 256 66
40 326 85
41 311 89
42 435 19
43 358 52
44 192 63
45 466 59
46 440 71
47 175 59
48 402 59
49 478 67
50 270 85
51 229 65
52 433 22
53 369 69
54 245 49
55 370 96
56 252 49
57 365 84
58 303 55
59 390 16
60 415 98
61 114 81
62 472 44
63 443 72
64 326 29
65 380 36
66 277 83
67 194 58
68 411 31
69 291 61
70 208 47
71 469 36
72 387 30
73 161 16
74 215 29
75 223 26
76 399 89
77 354 75
78 366 49
79 300 23
80 432 39
81 379 10
82 106 90
83 358 20
84 292 17
85 304 56
86 347 19
87 309 59
88 135 63
89 194 39
90 184 99
91 171 51
92 276 33
93 150 83
94 399 56
95 194 29
96 156 60
97 160 33
98 167 10
99 282 46
100 107 18
1 59 73 23 16
2 91 89 12 47 32 57
3 24 15 58 37
4 1 69 4 25 8
5 11 97 28
6 99 7 57 26
7 42 99 27 94 44 97
8 72 11 62 37
9 61 72 32 85
10 76 40 35
11 47 80 53
12 26 75 54 68
13 14 61 91 65
14 92 57 77 70
15 36 44
16 94 2 35 28 87 39
17 45 88 23 46 37 56
18 3 26 87 34 72
19 25 23
20 6 38 17 85
21 42 46 86 10
22 21 80 44
23 74 75
24 56 84 69 7 71
25 55 79 98 54
26 24 30 44
27 95 31
28 96 34 13
29 37 35
30 22 82 67 71
31 68 75 95 40 1 65
32 29 4 42 36 21
33 53 7 1 51 94 48
34 59 24
35 25 63
36 49 91 59 73 83 21
37 5 78 61
38 16 30 88 99 66
39 70 30
40 89 2 46 33
41 87 42
42 2 98
43 85 40 42 8
44 37 17 62
45 52 21 30
46 92 77 89 30 100 38
47 45 8 27
48 13 82 22 38 70 60
49 71 58
50 72 87 9
51 89 99 7 55 75
52 6 29 57 73 51 24
53 40 85 75 54 65 64
54 35 3 78 5
55 49 101 16 49
56 10 64 93 60
57 59 45 4 39 1 29
58 60 52
59 80 30 9 1 74
60 32 64 29 59
61 75 69 8 85
62 90 86
63 85 15 3 4 13
64 38 10 33 98
65 84 21
66 1 39 6 40
67 92 74
68 25 43 57 94 9 95
69 84 84 99
70 97 2 100
71 12 95 101 73 50
72 67 43 89
73 90 35 89
74 64 78 47 86 99
75 55 28
76 26 72 28 65 89
77 55 13 9 54 57 86
78 56 28 54 67 32
79 71 49 54 48
80 19 18 34 55 80 19
81 19 4
82 21 86 51
83 17 32 87 4 29 78
84 82 64
85 42 83 22 67 34
86 33 72 9
87 85 73 47 41 78 20
88 5 55 91 80 47 51
89 11 11
90 20 42 57 13 19
91 86 70
92 56 26 32 71 67 84
93 70 24 19 94
94 16 13 24
95 1 64 3 39 58 29
96 88 30 48
97 68 40 28 59 42
98 73 40 76 36 82
99 48 45 34 98
100 53 100 47 101 7
101 33 7 3
102 94 9 39 65
103 58 42 39 40
104 93 76 2 43 14
105 81 77 29
106 95 96 16 26 19 86
107 30 36 20 80
108 54 96 1 68 85 98
109 51 10 6
110 30 94
111 42 85 19 80
112 28 87 18 63 25 47
113 10 26 54
114 13 60
115 78 72
116 53 18 12 67 87 56
117 11 75
118 61 31 23 22 37 88
119 88 8 94 44 80
120 100 56 40
121 59 70 62
122 71 31 53 70
123 71 2
124 93 50 3 49
125 96 94
126 31 71
127 36 23
128 25 21 88 7
129 34 10 17 12 78 98
130 69 79 24
131 58 96 17
132 99 93 66 1
133 68 13 23 89
134 64 52 16 71
135 77 46
136 29 59 64 71 54 2
137 58 20 26 1 90 67
138 17 99 39 83
139 86 93 69 30 85
140 77 10 31 73
141 44 39 5
142 61 46 38 91 32 76
143 91 51 67 42
144 2 37
145 19 46 89
146 58 54 3 20
147 88 7 5 76 66 100
148 84 13 25 50 81
149 85 12 89 95 91
150 80 87 97
151 57 62 85
152 18 71 39
153 61 50 32 83 21 20
154 81 61 30 100 71 47
155 49 39 51
156 24 60 65 29 1
157 70 88 3 30 82
158 70 51 94 37 80
159 57 65 72 61 14
160 22 84 50 78
161 5 101 16 15
162 47 74
163 23 88 97 77
164 98 3 94
165 7 63
166 1 33 64 6
167 32 100 10 83
168 91 48 34
169 26 45 74 81
170 91 39
171 26 95 33 94
172 54 69 22 99
173 85 47 95 73 22 28
174 65 58 64 16 57 91
175 18 60 35 41 63
176 72 22 61
177 79 71 91 27
178 94 15 34 35
179 94 74 90 45
180 56 48 12 36 8
181 16 23
182 33 30 44 72 46
183 70 60 97
184 53 28 15
185 98 80 16 30 26 13
186 99 13 43 9 100
187 75 63 45
188 61 5 4 33 101 23
189 50 72 79 74 94 4
190 43 55
191 61 31 66 56
192 35 2 21
193 81 78
194 44 9 21 78 93 26
195 82 34 84
196 98 80 1 32 20 8
197 10 36 11
198 84 97 19 45 77
199 98 14 16
200 94 39 31 11 83 20
201 45 73
202 53 93 12 51 27 97
203 30 76 89 71 80
204 90 91
205 88 100 12
206 12 18
207 4 51 30 81
208 3 77 78 38 73
209 33 68 72 66 33
210 81 99 16 12 76 98
211 72 92 77
212 63 54 96 51 15
213 63 65 92
214 72 99 68 15
215 38 85
216 70 61
217 30 30 24
218 41 77 35 10 76 59
219 26 43 98 32 24 13
220 30 99 4 94 62 92
221 30 37
222 74 3 33 26 65 10
223 100 87 52 101
224 11 66 89 96 44
225 32 12 101 88 64
226 53 30 27 8
227 43 72 81 26 85
228 7 46 28
229 67 93 98 1 80
230 55 10 2 55 6
231 28 96 32 63 49
232 14 88 29 89
233 44 38 23
234 97 22
235 26 78
236 69 76
237 36 11 85
238 14 80 68 100 31 92
239 8 3 61 35 78
240 38 12
241 33 54 71 10 88 79
242 11 53 86 94 8
243 36 44 85 1 65
244 45 76 29 39 75 31
245 95 16 34 41 33
246 96 29
247 65 18 77 93 40 17
248 42 98 78 27
249 95 57 68 61
250 41 58 15 48
251 38 99 88 46 61 26
252 44 48 54 90 34 5
253 64 97 37
254 3 4 99 79 33
255 7 80 18 22 72 11
256 75 8 40
257 80 47 62 98
258 29 55 69 59 12 26
259 70 66
260 100 55
261 20 99 22 77 21 35
262 26 8 44 55 32 59
263 20 75
264 30 3
265 89 4 16
266 61 85 11 95 90 75
267 61 26
268 24 90 4 33 48 12
269 69 66
270 20 30 95 47 23 26
271 42 65 70 30
272 63 31 70 20
273 54 77 78
274 89 98 77 20
275 51 4 52
276 90 27 85 15 99 83
277 31 62 13 91 41 22
278 75 18
279 32 14 45 53 49
280 93 96 33 61 60
281 41 16 34
282 57 58 34 85 99 44
283 17 59 75 11 73
284 71 6
285 99 43 11 61 99
286 19 56 80
287 77 11 36 54 87 62
288 27 3 99 14 34
289 48 54
290 21 47 90
291 67 40 22 79 18
292 11 52 41 42
293 77 18 61 98
294 55 2 39 37 77
295 85 82 53 6 31
296 100 57 34 1
297 75 56
298 72 30 18 57 74 83
299 19 33 68
300 5 81 93 67
301 57 101
302 36 93 30
303 53 48 72
304 61 96 13 50 91 98
305 36 97 7
306 91 99 84 47 19
307 30 5
308 9 97 44
309 80 74 97
310 69 92 99 62 47
311 1 95
312 84 4 38 25 91 43
313 31 8 87
314 15 65
315 2 90 4 53
316 65 53 71 67 90 46
317 77 38 44
318 95 99 32 38 87
319 47 41
320 15 13 25 10 78 40
321 56 48 51 95
322 10 94
323 10 31 7 52
324 30 5
325 24 27 74 100 83
326 72 69 28 93 100
327 19 14 73 18 61
328 12 72 42 6
329 93 23 10 88 45 91
330 28 83 7 49 22 55
331 27 68 48 82
332 81 101 37 65 100
333 91 22 100
334 76 97 25
335 63 16 82 55 61
336 76 46 38 40
337 37 92 52 84 47 34
338 81 77 63 56 64 35
339 83 48 88
340 95 81 22 58 14 54
341 45 40 54
342 26 40 58
343 14 22 30
344 63 96 33
345 18 83 13 31 48 10
346 86 101
347 87 23
348 10 29
349 50 94 29
350 11 28 7
351 57 82 6 39 48
352 78 49 40
353 19 29 73
354 40 25 65 59
355 47 6 67 25
356 2 34
357 21 32 70
358 21 73 95 51 8 101
359 68 98 10 96
360 90 97 99 63
361 60 85
362 56 94 54 59 43
363 39 87 35
364 71 69 25 83 3
365 15 56 16 93 40 64
366 11 3 12 35 15
367 45 42 94 18 68 55
368 16 59 45 30 17
369 16 83 90 5
370 81 91
371 82 22
372 90 56 54 46
373 46 24
374 26 97 28 75 42
375 28 60 48 87 10 36
376 23 44 93
377 98 25 81
378 17 31 56
379 79 8 40
380 18 15 14 59 92 17
381 5 17 14
382 21 14 92
383 88 33 38 7 57 101
384 31 43 99 6 22
385 53 39 18 59 10
386 29 83 19
387 23 25 73
388 58 76 8 27 97 3
389 75 39 29
390 88 43 69 20 32 59
391 1 38 47 39 8
392 24 49 91 51 47 79
393 55 5
394 47 31 45 89 48 5
395 88 92 59
396 15 56
397 29 11
398 11 18 1 14 85 60
399 83 67 49 84 54
400 23 29 73
401 100 61 52 91
402 47 15 83 64 47
403 64 37 95
404 22 28 15 75 78
405 36 15 95 10 73 45
406 74 61
407 46 18
408 81 25 23 38
409 5 99 14 57 34 44
410 94 72 28 34
411 57 87 35 50 33 47
412 43 57 78 98 89
413 18 14 44
414 11 8
415 12 9 55 50 39 32
416 72 32 75 84
417 54 24 86
418 57 84 77 21
419 8 37 89 71
420 50 4 57 41 47
421 7 54 96 15 56 11
422 22 34 5 52 51 6
423 75 48 61
424 96 95 52 42 36 32
425 83 85 36
426 71 2
427 79 56 45 25 32
428 40 35 9
429 2 40 11 60 12
430 5 84
431 58 30
432 96 8 96 36 35
433 52 14 23 32 38 6
434 67 27
435 49 37
436 56 4 50 70 6
437 60 85 90 45 48 64
438 11 58 20
439 26 84
440 53 90
441 21 43
442 49 51
443 97 91 84
444 7 32 69
445 41 7 35 23 99 83
446 28 33 60 13 76 45
447 69 94
448 27 87 13
449 51 93 97 30 77 10
450 69 23 53
451 90 84 22 79 85 33
452 1 17 24 47
453 12 73 67 17 22
454 52 82
455 39 47 3 83 52
456 55 6 35 8 86
457 52 35 93 10 12 21
458 44 13 20 56 85 67
459 90 66 77 93 49 44
460 33 90
461 92 15 64 9 47 36
462 83 84 19
463 11 9 47 65 32
464 38 87
465 73 99
466 73 7 17 62 42 36
467 91 97 93 74 28
468 88 61 59 5 94 57
469 28 29 76 26 42
470 11 56 1 12 8
471 99 94 80
472 4 57 53
473 17 100 10 20 85 39
474 81 23 50 16
475 43 65 18 49 69
476 55 22 12
477 53 37
478 26 46 43
479 77 78
480 67 26 33
481 4 92 63 31
482 59 85 71 87 48
483 42 36 25
484 82 29 23 45
485 38 67 41 23 70 90
486 56 10
487 18 82
488 28 75 28 89
489 34 37 90 17 60
490 81 39 26
491 33 73 7
492 97 88 29 93 96
493 32 40 56 50 11 58
494 19 100 42 54 66
495 10 18
496 98 68 13
497 9 21 90 76 94 88
498 32 54 14 76 92 39
499 4 19 62 99 23
500 99 44 92 38 5 21
501 70 60 67 17
502 20 14 32
503 85 23
504 65 32 95
505 85 78 21
506 7 24 86 25
507 19 27 91 84
508 70 20 9 11
509 45 26 19
510 64 53 25
511 5 14 45
512 40 55 32 96
513 60 40 7 70
514 76 35
515 65 4
516 8 97 20
517 49 35 91 53 101
518 94 65 12 78 41
519 87 49 95 57 6
520 19 20 90 1 84
521 81 67 87 6 90
522 69 19 49
523 90 2 88 66
524 99 48
525 18 82 70 90
526 100 73 8 86 34 22
527 12 82
528 41 1 45 68
529 70 13 58 37 64 89
530 34 26 72 23
531 66 58 65
532 28 72 23
533 80 51 86 94 41
534 29 85 38 7 22
535 88 77 35 2 93 45
536 24 36 13 76 11
537 100 32 40 25 13
538 99 31 66 94 9
539 12 100 85 58 88
540 28 91
541 20 86 11 46 77 23
542 6 64 83
543 41 84
544 79 19 52 2 33
545 85 49 85
546 86 93 60 100 54 38
547 92 59 95 28
548 48 97 5 59
549 23 58 78 5 87 8
550 18 68 85
551 51 53
552 8 89 2 63 43
553 26 21 33 5 6 46
554 67 92 4 72
555 98 55 12 32 42
556 17 10
557 88 24
558 72 87 24 71 94
559 15 44 42 34 17
560 75 24 34 25
561 2 37
562 20 4
563 67 61 95 73
564 12 16 6 88
565 13 77 47 24
566 76 82
567 4 14 51 41
568 72 79 55 4
569 76 101 16 6
570 36 77 23 3 26
571 97 43 1 97 76
572 9 59 20 93 86 65
573 23 56 66 36 64 34
574 14 54 47 60 96
575 64 35 54 64 15
576 51 95 5 53 31 56
577 77 94 67
578 51 70
579 92 50 33
580 39 62 71 43
581 34 57 33 77 35 28
582 68 37 48 4 86
583 31 37 52 44 93
584 15 76 25
585 51 35 63 10 32
586 86 33 10 49 19 59
587 90 66 9
588 86 75 45
589 39 17 72 82 69 43
590 18 47 98
591 3 18 24 13 39
592 96 85 69 53
593 66 13 73 55
594 81 81 100 92
595 93 21 66 94
596 58 30 14 65 43 64
597 31 26 39 88
598 5 84
599 94 51
600 42 31 36 90 12
601 19 77 55 69 78 33
602 23 73 5
603 55 17 25
604 32 44 49
605 65 22 39 9
606 98 62 40 18
607 79 50 65 33 32 68
608 90 61
609 85 67
610 59 50 53 84 36 64
611 57 19
612 72 5 29 37 97 63
613 84 58 88 60 59 89
614 24 23 30 37
615 98 27
616 4 50 31 79
617 6 52 7
618 35 98 30 99 47
619 95 29 31 59 51
620 64 14 17
621 10 67 40 3
622 10 37 28 24 20 57
623 57 25 86 4 1 43
624 79 43
625 21 18
626 12 46 35 95
627 51 2 95
628 25 50 60 99
629 89 27 73 24 3 62
630 81 79
631 43 8 57 25 70
632 47 17 82 63
633 96 69 6 32 101
634 18 23 18 83 29
635 99 55 89
636 87 92 88 81 20
637 74 75
638 23 81 89
639 44 68 25 13
640 80 90 1
641 64 72 18 62 97 66
642 23 30 46 38
643 14 101 95 67 59 10
644 79 94 31 54
645 87 73 18 14 84 21
646 76 101 100 95
647 58 63 92
648 5 7 16
649 51 90 86 100 49 81
650 13 33 83 5 7 25
651 48 92 6
652 38 17 63
653 96 7 17 22
654 92 8 58
655 14 46 42 13 7
656 25 58 36 1
657 23 55 2 20
658 81 13 80
659 10 29 59
660 18 62 46 1 8
661 88 80
662 84 62 78
663 74 53 88 50 94 37
664 51 38 35 74 47 6
665 56 31 71 56 18 48
666 1 17 57
667 24 25 27
668 72 63 22 26 44
669 91 88 9 68 7 40
670 78 91 36 73 97 68
671 76 68 28 13 58 99
672 86 78 67 96 34
673 77 66 52 31 35 37
674 93 39 22 78 72
675 76 45 63
676 63 16 75 48 53 52
677 4 37 45 25 22
678 15 81 17 60 41 33
679 27 73 1 70 86
680 28 20 47 34 15 22
681 43 19
682 84 20 23 45 51 42
683 62 48 77 100 62
684 60 93 10 76
685 45 84 1 40 65
686 64 28 32
687 66 19 63 41
688 81 29 35 33
689 72 78 27 98 10
690 45 16
691 72 45
692 100 13 65 28
693 86 41 62 100
694 85 27 9 36 52 71
695 64 94 2 19
696 37 42
697 63 39 17 27 41 45
698 7 84 27 15 53 17
699 64 58
700 50 80 31 50
701 69 25 58 86
702 83 41
703 97 57 47
704 29 53 99 27 94
705 1 79 67
706 59 11 24 93 47 22
707 59 32 42 7 59 15
708 33 87 50
709 54 83 68 80 21 36
710 81 4 80 78 89
711 30 43 101 63 45
712 35 36 79 9 68 13
713 65 70 38
714 100 2 68 71
715 81 52 88 75 91 81
716 78 31 78
717 9 50 95 79 17
718 100 18 65 98 62
719 84 7
720 53 43 24 101 72
721 36 63
722 35 59 44 48
723 50 60 23 82 12
724 61 71 55 34 45 52
725 48 60 58 82
726 31 20
727 46 71 46 44 30 80
728 22 95
729 19 79 35 3 74
730 74 33 48 54
731 24 21 9 63
732 38 75 38
733 71 88 52
734 70 84 26
735 83 45 49 92 2 63
736 36 9
737 18 9
738 1 2 28
739 6 71 32
740 93 31 76
741 79 16 38
742 18 82 11
743 50 23 32 69 18
744 84 87
745 97 9 23 63
746 82 37 27 82 36
747 85 28 46 27
748 28 1 51 90 101 16
749 10 17 12 94 68 7
750 33 35 98 28 65
751 33 85 95 96 40 52
752 43 14 66
753 50 12 45 60 78 41
754 23 93 88 33
755 4 35 47 54 64 12
756 7 83
757 14 73 37 13 48 33
758 29 76
759 47 9 5 82
760 26 9 77
761 32 67 4 72
762 46 41 19
763 12 36 46 24 92 100
764 87 9 83 59
765 31 48 31 19 81
766 35 51
767 65 91 37 56 46 11
768 25 42 62 86 49 45
769 80 66
770 46 59 20 39 99 40
771 99 71 8
772 24 26 74 87 95 97
773 19 56
774 6 68 47 21 15 10
775 29 10 33 25 85 95
776 96 66 63 69
777 74 24
778 100 3 48 88 87 37
779 87 18 25 62 68
780 53 82 70 4 47 67
781 46 84
782 11 91 39 33 64 65
783 13 64 13
784 78 87
785 58 57 63 25
786 4 99
787 47 57 82 90 88 14
788 43 84 93 19
789 35 39 57 20 45
790 66 6 7 26
791 78 24 41 36 94
792 40 61 8 40 26
793 58 36 100
794 84 65 74 94 61 29
795 56 34 67 48 59 21
796 9 91 72 101
797 72 69 23 32
798 33 99 85 53 14
799 57 65 31 54 17
800 71 77 65 62 43 96
801 21 82 31
802 64 96 40 25 32 67
803 7 23 91 40 69
804 7 47
805 49 5
806 16 54 67 97
807 62 26 10 7 60 11
808 91 39
809 42 84 89
810 43 11
811 72 97
812 20 14
813 4 31 62 38
814 56 5
815 6 50 53
816 21 50 72 15 52 57
817 99 7
818 71 14 69 49 53
819 46 86 62 42 87 97
820 76 44 20 58 23 96
821 16 86
822 67 73
823 89 87
824 29 31 10 99 47
825 68 3 46 19 73
826 51 16 41 86 76 50
827 81 31 81 40 41 67
828 74 95 49 42 92 101
829 70 85 35 21 101 71
830 97 47 86
831 30 69
832 40 59
833 35 78
834 18 59 64 5 51 39
835 18 38
836 35 35 78 19 89
837 7 54 57 26 94
838 19 55 93
839 51 64
840 55 19
841 64 53 65 11 93 74
842 65 68 67
843 31 31 33 88
844 75 39 55 56 95
845 87 46 43 98 55
846 54 40
847 45 22 64 41
848 38 86 57 29 26 61
849 79 89 68 45 29 59
850 62 42 99 73 69
851 5 93 33 96
852 93 26
853 12 99 28 77
854 72 99 63 1
855 35 27
856 84 38 83 15 94 85
857 30 92 73 27
858 43 59 56 26
859 98 71 50 38 26
860 82 8 13 25 88
861 65 58 56 98 85 60
862 49 50 67
863 47 46
864 55 44
865 54 24
866 43 90 67
867 18 69 60 48 89 11
868 15 76 70 47 37
869 78 29 86
870 98 64 95 4 10
871 39 51
872 34 99
873 45 7
874 78 19
875 4 47 42 14
876 24 91 4 31 29 76
877 54 18
878 47 37 33 56
879 60 68 66 1 67 81
880 2 97 56
881 10 24 51 22 67
882 60 9 27 89 35 57
883 77 22
884 95 83
885 94 59 92 42 71 77
886 60 83 71 15
887 82 40 33 45 61 90
888 88 63 52
889 86 8 31 73 39
890 90 84
891 47 67 72 85
892 3 39 75 72
893 66 101 26 99 21 61
894 26 32 34 59 46
895 40 5 34 89 49
896 12 64
897 46 101 83
898 67 34
899 65 67 98 2
900 4 101
901 41 64 59
902 89 27 84 62
903 10 28 33 100 63 75
904 24 82 50
905 68 46
906 21 4 5
907 63 84 26 51 99
908 67 68 33 96 43
909 5 35 65 83 18 51
910 35 86 80 30
911 52 100
912 43 27 34 6 60
913 14 78
914 95 63 15 19 101 82
915 35 39 4 27 61
916 32 40 59 81 24
917 40 14 54 37 18
918 67 28
919 81 71 41 8 3 16
920 52 57
921 21 74 43 44 80
922 47 78 9
923 72 7 64 76 101 1
924 42 2 61
925 47 88 2
926 60 15 7 35 40 86
927 52 8 11 46 55
928 1 27 40 92 46
929 11 33 71 12 28 55
930 97 6 28 20 57
931 75 19
932 45 15 39 10 82 88
933 33 38 43 44 100
934 55 18 73
935 21 61
936 60 12
937 7 68 15 25 33 71
938 73 100 16 12
939 5 6 63 55 8 42
940 10 50 32 64 68 18
941 51 82 13 48 21 77
942 52 58 7 12 89 92
943 52 12 15 65 52
944 49 85 97
945 29 60 22 53 18
946 42 95 5 8
947 66 97 85
948 1 56 9 32 85
949 76 3 85
950 94 15 1 25 90 2
951 78 13 64 50 12
952 47 86 28 88 13
953 86 36 71 46 92 53
954 15 71
955 84 44 85 64
956 20 63 59 72 2 12
957 69 8
958 12 43 72 20
959 10 2 33 8
960 59 1 66 58 82
961 29 80
962 97 13 54 22 52
963 33 14 21 19 72 85
964 10 21 99 90 52 74
965 32 18 35 59
966 45 73
967 73 57 93
968 78 11 88 97 53
969 3 47 99 56 91
970 97 45
971 56 4 86 11 3
972 18 66 54 29 84 87
973 81 29 58 25 13
974 92 50 41
975 91 64 67 47 70 101
976 4 29 70 25
977 97 69 26
978 45 8
979 48 22
980 46 63 28
981 10 29 78 66 48 36
982 62 41 37
983 28 68 66 97 100 39
984 54 91 50 43 82 101
985 25 67 33 23
986 43 98 83 62 11 55
987 37 28 49 34
988 52 73 100 62 79
989 13 3
990 21 40 77 34 7 58
991 69 47 63 23 36 83
992 65 57 67 10 75
993 75 81 31
994 29 19 16 89
995 55 48 75 95 49 99
996 55 37 18 22
997 17 31 37 27 46 20
998 29 66 1
999 90 31 66 29 2 56
1000 1 72 100
1001 46 30 78 16
1002 20 16 8 44 65
1003 61 44
1004 1 22 84 72 30
1005 12 36 44 93 49
1006 11 16 40 45 85 63
1007 72 1
1008 84 48 28 46
1009 58 93 75 6 54 63
1010 58 52 85 90 18
1011 74 60 2 55 48 95
1012 92 88 62
1013 24 17
1014 6 77 87
1015 77 28 86 45 64
1016 20 31 101 97 71 46
1017 39 72 57 1 43 37
1018 32 74 5 22 25
1019 10 54 64 10
1020 65 41
1021 63 24 63 50 5
1022 82 73 59 44 20
1023 40 99
1024 2 24 73
1025 66 1 30 35 3 45
1026 9 99 55 38
1027 81 88 35 14 45 30
1028 3 39 75 77 64
1029 50 54 92
1030 10 85 90
1031 50 32 74 67 96 19
1032 63 76 46 24
1033 41 74 88 68 56
1034 48 23 92 28
1035 48 100 99 78 37 49
1036 27 55 34
1037 40 25 55 47 51
1038 23 23 74 71
1039 31 84 64 18
1040 33 54 15
1041 47 32
1042 82 92 4
1043 66 85 38 75 92
1044 9 12 22 29 47 79
1045 63 91
1046 59 23
1047 36 26 77
1048 11 14 101
1049 68 32 33 58
1050 42 44 70 74
1051 29 44
1052 7 52 87
1053 45 14 9 61 75
1054 96 32
1055 44 34 43
1056 48 35 55 16
1057 82 16
1058 66 53
1059 69 86 98 21 81 71
1060 60 15 8 4
1061 59 12 73 31 84
1062 86 4
1063 17 59 99 20 3 25
1064 23 18 50
1065 95 51 93
1066 81 44 31 67 60
1067 23 101 59
1068 55 60 4 15
1069 1 31 52 53 89 78
1070 33 84 3
1071 91 36 19
1072 71 60
1073 38 49
1074 13 9
1075 8 69 87 34 15 31
1076 55 86
1077 50 43 11 68
1078 15 47
1079 25 42 88 53 41 72
1080 16 42
1081 13 38 78 73 95
1082 83 3 78
1083 7 22 85
1084 47 23 3
1085 23 41 66 59 61 94
1086 14 93 90 25 8
1087 16 41 17 70
1088 48 93 83 86 82
1089 3 55 90 6 2
1090 81 58 48 22
1091 28 24 95 42 3 21
1092 71 33
1093 25 35 11 40 62
1094 56 54
1095 11 2 29 91 80 53
1096 60 49 8
1097 12 48 67
1098 57 82
1099 67 40 31
1100 39 77 18
1101 24 3 80 91 19
1102 68 54 6
1103 54 57 64 96 28
1104 26 87 30 91
1105 42 7 64 27
1106 51 16 69 21 77 91
1107 81 8 49 1 2
1108 84 98 2 32 28
1109 77 77 78 17 100 45
1110 80 13 35 34
1111 19 98 85 80 84 99
1112 11 3 49 69
1113 28 75 101
1114 65 62 58 43 31
1115 75 96 15 65
1116 30 20 17 7 22 98
1117 57 51 7 91 77 19
1118 44 82 90 76
1119 28 41 60 95 71
1120 43 6 13 30 53
1121 29 65 68 99 58 78
1122 64 11
1123 96 4 67 63 81 6
1124 64 10
1125 14 43 32 7 36 89
1126 68 73 15 52 11
1127 71 82
1128 60 75 41 37 54
1129 31 98 89 75
1130 15 8 65 18 99 82
1131 38 25
1132 79 89 63 82
1133 5 20 78 14
1134 21 59 97 82 80
1135 80 95 2 3 20
1136 70 77
1137 90 69 31 32 55 38
1138 36 29 30 23
1139 79 21
1140 74 49 12 93
1141 98 37 11 82
1142 33 80
1143 10 17 56
1144 68 94 10 50 97 67
1145 48 82
1146 87 50 36 79 47
1147 30 86 55 9
1148 97 101 44
1149 92 44 29 21 90 65
1150 7 39 19 63 85
1151 3 17 66
1152 4 56
1153 27 3 88 78 67 60
1154 88 70
1155 16 57 39 93
1156 90 86 71 77 17 45
1157 53 10 30
1158 57 21 37 89
1159 22 72 46 28
1160 5 66 98
1161 28 30 48
1162 64 45
1163 76 29 37 65 68 101
1164 96 3
1165 51 9 48 101
1166 45 87
1167 13 23 63
1168 9 37 9 19 59 87
1169 28 55 86 83
1170 76 13 52 4
1171 26 65 67 1 83
1172 13 25 95 14 76
1173 15 68
1174 6 25 16 73
1175 73 57 26 22
1176 27 17 86 11 16
1177 81 93
1178 53 84 81 92 38 69
1179 49 45
1180 94 55 54 6
1181 2 2 89 73 58 77
1182 8 44 31 61 52 21
1183 92 51 60 24 35 49
1184 98 60
1185 35 14 52 61 43 60
1186 17 101 13 36 74
1187 19 61 83
1188 32 92 52 73 57
1189 62 54 18 62 66
1190 78 88 48 19 84
1191 36 71 64 92
1192 6 15 69 63 77
1193 33 42 94
1194 1 11 42 80 70
1195 37 86 18
1196 98 30 84 34 61 2
1197 14 97 30 91 32 92
1198 64 29 41 96
1199 87 45
1200 49 71 83 27 31
1201 27 3 28 19 99 33
1202 72 48 93
1203 97 28
1204 2 81 19 48
1205 16 1 21 79 88
1206 86 43 82
1207 91 26 59 22 1 84
1208 40 94 29 34 5
1209 24 7 56 98 59
1210 31 39 8 85 46
1211 18 25 23 63 100 1
1212 51 53 70
1213 12 97 11 89
1214 91 72 20 63
1215 42 87 51 23
1216 53 41 67
1217 83 84 98
1218 6 31 8 38
1219 88 72 43 95 81 31
1220 58 87 65
1221 32 54 49 26
1222 7 53 52
1223 40 59 40
1224 47 77
1225 9 47
1226 6 47 41 55 31 68
1227 1 36 33 52 39
1228 79 49 34 14 8
1229 86 21 46
1230 7 21 8 29
1231 50 30 47
1232 64 83
1233 70 36 94 75 82
1234 80 80 64
1235 34 71 65
1236 4 78
1237 75 77 24 89 70
1238 54 71 87
1239 11 62 28
1240 61 64 10
1241 65 34 58 31 95
1242 28 96 3 40 56
1243 4 42
1244 93 57 66 32 28 12
1245 40 16 5 25 85 52
1246 56 59
1247 17 101 6
1248 45 83 67 94
1249 69 91 90 16
1250 16 4 25 14
1251 56 71 92 89 67
1252 18 31 101 99 86 97
1253 86 64
1254 1 70 57 29 2
1255 28 59 4
1256 89 12 33 94 65
1257 43 72 73 55
1258 73 33 74 13 17
1259 28 98 33 18 88
1260 93 96
1261 48 90
1262 58 88 67 1
1263 73 82 7
1264 71 70
1265 20 32 71 87 63 35
1266 98 72 88 41
1267 4 96 54 93
1268 24 51 92
1269 74 44 78 86
1270 2 89
1271 100 3 29 8 28
1272 65 88 71 90 50
1273 100 69
1274 33 66 28 97 18
1275 98 43 33 13 23 32
1276 18 62 27
1277 89 79 23
1278 90 63
1279 81 95 46
1280 48 70 23
1281 28 24
1282 12 4 46 18
1283 49 60 19 26
1284 22 88
1285 24 11 36 86 81
1286 51 98 93 3 63 50
1287 20 22 91 99 100
1288 55 30 29
1289 55 9 38 50 47
1290 93 74 85
1291 65 43
1292 57 21
1293 37 81 70
1294 52 19
1295 42 20
1296 62 85 67 40 22
1297 39 7 74 48 96 101
1298 55 72 96 41
1299 60 84
1300 35 78 52 56
1301 93 94 28 56 12
1302 31 47 60
1303 35 24 36
1304 64 72 2 31 38 28
1305 56 68 36 75 87
1306 74 95 1 7
1307 83 72 89 46
1308 32 90 7
1309 50 44 5 85 84
1310 83 80
1311 51 95
1312 95 97 6 22 72 7
1313 19 84
1314 44 72 51 28
1315 37 78 85 54
1316 53 52 61 67
1317 63 78 46 75
1318 50 18 50
1319 65 39 62 6
1320 62 20
1321 38 14 55
1322 27 80 63
1323 81 42 24 33
1324 64 95 56 59 89 67
1325 86 24
1326 54 4
1327 33 82
1328 53 52
1329 40 61 21
1330 46 20 33 57 47 75
1331 95 74 82 61
1332 93 32
1333 38 76 87 82 8 21
1334 47 26 8 9 29 1
1335 26 10 76
1336 38 10 2 86 33 39
1337 50 38 27
1338 44 98 15 91 44
1339 92 20 44
1340 32 6 51
1341 69 47 41 36 28 99
1342 52 16
1343 36 100 9 76 47
1344 29 65 96 62 37
1345 46 39 52 99 27
1346 35 60
1347 15 53 88
1348 44 22 35
1349 17 82
1350 78 50 63
1351 26 39 41
1352 43 99 46 50 51
1353 83 88 53
1354 91 30 62 101 86 28
1355 22 74 86
1356 83 79 69 51 95 12
1357 62 16 13 59
1358 2 37 87
1359 38 73 4
1360 63 22
1361 24 48 51 56 43 10
1362 73 2 3 31
1363 67 87 76 56 30 36
1364 80 26
1365 17 31
1366 26 52 6 41 83 9
1367 52 72
1368 9 77 63
1369 30 56 12 44 97 16
1370 97 52
1371 10 63 85 64
1372 13 37
1373 17 76 23 81 36 30
1374 15 75
1375 17 25 9
1376 36 23 93 87 86 92
1377 7 37 3 58 80
1378 18 35
1379 48 23 46
1380 63 20 30 52
1381 25 74
1382 49 6 93 41 12
1383 13 31 8 80 98
1384 67 73 6 10 83 65
1385 64 9 19 24 70
1386 70 6
1387 21 36 86 73 95
1388 3 41 96 60 100 77
1389 59 6 16 29 85 37
1390 98 7 98 47
1391 70 75 17 76
1392 1 96
1393 29 30 51 95 39
1394 66 59 2 55 82
1395 86 81
1396 87 23 73 89 87 55
1397 1 85 46 79
1398 15 43 35 3
1399 89 59 16 17
1400 24 24 73 56 1
1401 52 86 39 69 17
1402 49 47 85 76 68 9
1403 1 54 78
1404 14 36
1405 1 18
1406 87 90 70
1407 82 83 54 3 90
1408 81 32
1409 24 97
1410 40 29 77 58
1411 94 48 5 6
1412 17 35 1
1413 79 81 84 96 16
1414 16 78 91 55
1415 87 74 75 35 20 51
1416 78 45
1417 16 34
1418 18 91 73 64
1419 39 37 34 38 66
1420 19 29 41 13 59 88
1421 58 12 79 6 86 90
1422 25 61 84 91
1423 66 37
1424 8 8
1425 79 72
1426 1 26 20 51
1427 6 5 92 32
1428 35 13 16 61 19 1
1429 28 9 89
1430 56 84 96
1431 27 46 57
1432 24 92 14 88 5 28
1433 80 93 70 88 67 21
1434 7 33 72 59
1435 59 1
1436 57 69 34 25 12 88
1437 88 69 6
1438 94 34 31 35 57 60
1439 48 65
1440 19 88 62
1441 82 39 70
1442 59 28
1443 32 100 2
1444 95 86
1445 74 79 93
1446 78 84
1447 96 13 67 35 79 25
1448 4 34
1449 12 28 51
1450 41 96 67 43
1451 31 28
1452 8 31 92 64 74 48
1453 83 81 56
1454 74 64 36 27 20
1455 78 48 77 54
1456 46 73 62 45 39
1457 71 50 98 81 73 86
1458 51 96 58 78 67 10
1459 24 77
1460 14 58 76 2 90
1461 92 93 13
1462 21 78
1463 32 79 52 98 19 66
1464 53 73 10 98 60
1465 99 28
1466 12 8 74
1467 75 33 83 66 56
1468 78 95 6 3 58 60
1469 81 88 26
1470 92 27 64 78
1471 69 101
1472 51 31 71
1473 53 24 63 86 53
1474 39 99 35 49 59 79
1475 65 30 47 63
1476 30 10 16 88
1477 22 74 75
1478 84 94 72 95 45 25
1479 85 54 56 65 21
1480 30 64 66 34 1
1481 85 3 100
1482 14 85 81 23 43 57
1483 6 30 15 60 70 69
1484 98 43 59 21 60 3
1485 32 9 75 26 47 7
1486 4 8 55 101
1487 63 7
1488 58 39 77
1489 15 54 71 56 46 97
1490 46 82 2
1491 32 97 73 82 67 76
1492 51 94 38 68 31 30
1493 56 65 81
1494 59 93 34
1495 51 55 93 25 42
1496 40 54 14 71 13
1497 52 15 46 86 9
1498 19 16 34 65 66
1499 100 42 90
1500 71 58 11
1501 25 49 44 38 63 54
1502 4 59 70 96
1503 58 5 3 72 77 20
1504 7 79
1505 42 71 21
1506 26 33
1507 98 9 11 67 87
1508 43 78 82 81
1509 4 85 30 35 68 82
1510 39 100 78
1511 1 98 87
1512 72 92 57 32 55
1513 25 63 33 30 96 21
1514 87 64 39
1515 71 62 86
1516 18 92 79 18 30
1517 22 35 31 59
1518 70 9 96 32 87
1519 63 75
1520 62 4 49 46 89 13
1521 14 43
1522 100 9 42 48 46
1523 60 99 54 42 21
1524 15 68 37 15 76
1525 96 47 50 45 65
1526 70 43 64 10
1527 50 70
1528 88 60
1529 84 72
1530 15 51 7 59 18
1531 12 99 24 15 6 29
1532 84 23 29 43 24 46
1533 85 96 17 41 22 1
1534 69 80
1535 27 41
1536 14 48
1537 43 74 99 50 63
1538 61 81
1539 46 9 2 6 39
1540 51 10 72 17 35
1541 87 13 87 64 91
1542 11 53 74 55 63 24
1543 65 32 41 69
1544 8 4 55 57 84 46
1545 88 36 28 52 26 1
1546 34 35 60
1547 28 21 52 44 6
1548 14 77 36 25
1549 97 73
1550 34 82 19 52
1551 85 52 50
1552 34 67 51 71 49 27
1553 17 19 37
1554 30 35
1555 3 27 13 37 56 14
1556 80 88 13 2
1557 29 38 40 91 86 29
1558 87 70
1559 90 46 33 7 25
1560 26 68 42
1561 45 22 41 60 14 25
1562 58 87
1563 48 74 31 14
1564 4 92 26 39 41
1565 51 44
1566 65 98 43
1567 57 48
1568 93 24
1569 7 28
1570 10 67 15 49
1571 38 86 56 84 76
1572 81 73 50 88 30
1573 16 62 56 96
1574 66 5 69 75
1575 11 22 77 55
1576 89 6 48 40 16 77
1577 39 88 36 48
1578 4 44 83 61 65 79
1579 97 29 84
1580 6 75 26 6
1581 47 87 84 85
1582 98 23 42
1583 80 97 36
1584 85 25 64
1585 78 47
1586 26 17 101 41 77 87
1587 72 6 48 38 84 18
1588 81 58
1589 91 4 92 66 100
1590 47 6 3 71 37 11
1591 68 100
1592 25 31 22 32 83
1593 32 47 72 68 30 76
1594 28 64
1595 77 83 29
1596 14 79 30
1597 77 97 6 75 5 2
1598 6 6 37 27
1599 40 72 74 42 19
1600 83 56 3 22 55 35
1601 31 87 82 86 61 58
1602 10 30
1603 29 80 73 74 35 59
1604 56 55 5 97 40
1605 32 22
1606 82 3 44 6
1607 83 39 48 8
1608 86 41 98 67
1609 28 38 80 32
1610 89 75 27 67 95 87
1611 18 68
1612 86 50 89
1613 66 64 84
1614 98 14 99
1615 84 85 92 97
1616 61 36 91 61 97
1617 82 49 87 43 72
1618 30 51
1619 84 70 25 51 12 1
1620 69 66 51 93 79 60
1621 86 57 54 11 64
1622 21 65 46 82
1623 95 71 92 79
1624 9 42
1625 26 76
1626 6 57 12 44 37
1627 75 70 7 91 14 54
1628 84 91 22
1629 7 71 80 70
1630 37 39 27 43
1631 55 59
1632 44 51
1633 95 15
1634 53 96 80 24 73 94
1635 86 91
1636 5 59 1 79 34
1637 49 33 74 67
1638 83 85 69
1639 33 37
1640 95 40 56 28
1641 67 5 41 18 12
1642 39 37
1643 84 38 79 66 17 11
1644 46 70
1645 24 83 5 99 49
1646 88 92
1647 95 38
1648 81 40
1649 62 49 39 43 42
1650 39 7 3
1651 73 3 57 9
1652 67 12 101 27 13 97
1653 31 69 98 47 24
1654 41 41 90 1 72 31
1655 50 95 83 2 41
1656 66 62 100 49 15 85
1657 83 91 39 17 68
1658 80 41
1659 34 59
1660 45 46
1661 83 17 72 9 94
1662 4 17 80 12 48 94
1663 53 7 19
1664 67 32 19 33 6 62
1665 24 35 98 3 20 25
1666 51 9 88 100 89
1667 28 69 87 84
1668 6 19 73
1669 53 98
1670 82 5 33 2 98 28
1671 16 11 9 6
1672 54 8 62 94 76
1673 25 5
1674 73 54 6 98 45
1675 1 71
1676 93 31
1677 16 51 79 81 89 37
1678 41 61 83
1679 82 49 19 100 42 20
1680 57 37 42 27
1681 71 95 35 29 31 19
1682 90 48
1683 33 63 15
1684 60 64 78 79 83 100
1685 14 92
1686 59 62 89
1687 53 84 76 7 13
1688 26 75 31 15
1689 45 8 11 49 38
1690 81 86 1
1691 16 94 17 78
1692 23 49
1693 21 35 66 51
1694 90 83 23
1695 28 25 20 17 34 49
1696 13 9 16
1697 51 53 4 94 82
1698 71 35
1699 53 66
1700 98 61
1701 25 60 38 25 28 37
1702 24 72 83 59 49
1703 51 4 57 19 6 64
1704 45 75
1705 31 78 6
1706 12 101 47 39 21
1707 5 47
1708 14 11 20 4
1709 63 23 88 7
1710 26 29
1711 65 71 18 78 65
1712 55 68 52 56
1713 32 52 67
1714 24 101 58 12
1715 18 11 92 45 17
1716 78 55
1717 12 22 84
1718 72 31 38 65 67
1719 43 64 49 42 48 67
1720 19 28
1721 91 84 32 13 90 83
1722 43 59 60
1723 62 45 85
1724 26 1 23 67
1725 80 51 8
1726 27 57
1727 33 23 36 52 81
1728 86 18 96
1729 41 87 68 37 60
1730 73 44 54
1731 74 20 43
1732 97 88
1733 48 2
1734 47 29 10 89 80
1735 88 98 40
1736 58 24 80 46
1737 31 62 92 32 95
1738 64 52 49 5 4
1739 80 65
1740 89 66 56 17
1741 68 77
1742 72 54 4
1743 32 79 99
1744 84 65 84 83 92
1745 85 90 16 21 26
1746 71 44 15 82 79
1747 91 61 37 14 27
1748 34 37 62 23 101 35
1749 70 38 63 34
1750 20 69 87 8
1751 15 86 82
1752 28 101 70 4 31 78
1753 31 93 34 32 20
1754 87 37 22 29 62 17
1755 17 56 9 57
1756 22 7 87 1 39
1757 42 2 78 51
1758 96 71 55 67
1759 99 49 5 29 7
1760 4 44 69 89
1761 46 92 49 81 66 56
1762 93 72
1763 50 28 72 60 43
1764 14 94
1765 73 46 72
1766 95 45 68 101 80 64
1767 54 76 85 9 30 66
1768 61 66 49 81 93
1769 77 35 51 32 16
1770 39 69
1771 87 73
1772 5 79
1773 6 88
1774 95 94
1775 73 50 59
1776 45 90 44 28 26 42
1777 82 8 58
1778 21 7 83
1779 38 85 71
1780 88 80 10 3 72
1781 18 59 28
1782 68 1 53 76 37 30
1783 60 16 41 93
1784 48 83 63
1785 81 73 27 20 50 65
1786 61 24 14 21 66
1787 76 56
1788 4 19 10 90
1789 37 83
1790 53 5 26 15 49 92
1791 67 50
1792 43 83 45
1793 14 41 42 36 22 84
1794 64 8 99 28 31 67
1795 89 96 13 49
1796 52 57 34 30 35
1797 20 35 89 12
1798 16 8 39 56 22 59
1799 22 78 63 40 12 7
1800 12 12 47
1801 72 79 52 8
1802 1 64 12
1803 54 79 6
1804 60 4 16 33 43
1805 98 62 94 77 66
1806 91 3 8
1807 71 26 76 8 41
1808 37 82 9 78 43
1809 44 77 73 82 17
1810 37 8 21 60
1811 83 70 20 93
1812 1 15 48 81
1813 4 87 86 90 8 22
1814 17 49 8
1815 38 3 61 35 33
1816 1 26 56 17 47
1817 2 98 50 52
1818 72 59 44 33 20
1819 78 100 48 22 50
1820 91 72 48 74 67 75
1821 92 97 24 16 29
1822 41 90
1823 43 19 70
1824 62 30
1825 9 37 22 7
1826 37 3 82 16
1827 82 43
1828 40 47 43 5 81 76
1829 46 51 27 88 101 20
1830 31 53 94
1831 24 29 53 10
1832 37 76 55
1833 10 67 12 50 88
1834 47 101 80 57 89
1835 35 91 79 87 57
1836 53 89
1837 12 83 43 38
1838 5 72 31 44 24
1839 24 15 22
1840 41 71 80
1841 63 12 98 37 29 81
1842 25 90 73
1843 47 63 9 34
1844 74 44 40 72 28
1845 67 51 10 47 14
1846 51 97 81
1847 46 37 64 53 16 63
1848 36 90 21
1849 2 39
1850 42 39 26 46
1851 35 28 90 30 3
1852 20 19
1853 40 87 24 69 3
1854 96 42
1855 68 89 71
1856 6 92 42 29 82 13
1857 80 29 90 34 51 93
1858 10 84 59
1859 35 41 53 88 101 17
1860 34 90 44 75
1861 25 33
1862 72 98 12 16 7 93
1863 61 14
1864 62 68
1865 35 68 58
1866 97 16 66 94 62
1867 29 20 37 48 21
1868 2 64
1869 27 75 26 5 95
1870 9 94 61 64 71 37
1871 20 9 86
1872 26 58 66 16 57
1873 9 4 68 7 18 26
1874 39 44 42 66
1875 24 75
1876 81 23
1877 43 48 47 93 63 29
1878 53 7 44 89 6
1879 12 60 22
1880 37 91
1881 57 52 71 3 36 91
1882 27 25
1883 99 22 3 49 67
1884 21 67 6 55 93 24
1885 61 23 60 97 56 75
1886 52 62 96
1887 39 4 48 67
1888 5 70 84 62 1
1889 87 9 83
1890 18 46 58
1891 92 80 89 20 56
1892 20 66 53 40
1893 92 14 35 1
1894 58 75 89
1895 82 66 18 20 26 24
1896 80 25 32 67
1897 36 90
1898 76 77 56
1899 28 65 82 22
1900 56 16
1901 90 17 22
1902 14 11 84
1903 54 73 40 22 39
1904 69 81 62 75 34 64
1905 72 5 43 40 6
1906 20 86 4
1907 82 19 7 94
1908 95 85 59 93 5
1909 82 33
1910 34 74 57 66 62
1911 43 99 72 96 91 4
1912 54 91 86 15 43 76
1913 62 80 91 26 2
1914 63 16 19
1915 3 35 88
1916 90 56 99 74
1917 61 63 10
1918 45 13
1919 69 86 50
1920 71 95 72
1921 50 57
1922 52 98 21 2
1923 71 71 34 18
1924 59 2 29 3
1925 76 11 75 90
1926 23 63 79 16 14
1927 65 1 40
1928 51 39 66 49
1929 47 48 41 62 67 17
1930 56 91
1931 59 59 71 56
1932 20 37 44
1933 36 46 62 56 98 31
1934 60 48
1935 35 63
1936 46 81 9
1937 45 29
1938 49 47 54 3 21 50
1939 1 79
1940 8 72 23 79 84
1941 73 63 16 27 55
1942 100 74 84 86
1943 33 41 88
1944 99 75 7 67
1945 31 31 64 94 6
1946 95 60 74 2 96
1947 79 85 98 28 10
1948 60 55 74 3 81 87
1949 49 62 65 84 24
1950 85 15 13 1 50 41
1951 91 95 88 60
1952 23 69 82
1953 34 45 94 34 19
1954 53 100 85 50 37 4
1955 16 53
1956 84 97 33
1957 92 27 62
1958 1 42 70 48
1959 53 17 6 93 66
1960 99 52 68 73 45
1961 82 94 80 69 79
1962 53 7 11 54 69 4
1963 79 40 12
1964 93 56 89 100 54 22
1965 72 83 49
1966 92 62
1967 23 16 27 22 95
1968 48 64 59 4 7 60
1969 31 1 3 101 84
1970 6 5 27 21 1 81
1971 34 59
1972 100 17
1973 34 75 101
1974 56 35 10
1975 78 48 31 94 37
1976 52 74 97 21
1977 35 36 52
1978 11 1
1979 86 44 35 72
1980 16 54 11 57 56
1981 38 17 26
1982 65 69 52
1983 32 57
1984 32 33 77 74 98
1985 52 36 76 4 44 71
1986 28 38
1987 78 42 13 85 76
1988 90 99 36 32
1989 83 36 65 76 55
1990 90 72 61 69
1991 72 6 56 80 61 16
1992 4 28 50 62 74 33
1993 30 64
1994 15 63 93 62 99
1995 92 12 55
1996 71 77 12 63
1997 80 63 77 64 88
1998 4 64
1999 6 79 85 50
2000 89 3 91 84 76 2
2001 34 80 17 42 77 32
2002 43 88 13 26 39
2003 93 38 98 31
2004 24 13
2005 46 67
2006 16 83 22 32
2007 14 90 2
2008 83 51 23 25 61
2009 25 39 92
2010 84 66 89 20 6 17
2011 84 74 10
2012 40 51 81 61 76
2013 58 47 33
2014 6 94
2015 5 5 72 52 11
2016 2 40 53 81 45
2017 85 32 54
2018 12 46 24 1
2019 57 66 86
2020 41 99 4 47
2021 25 72 29 79 8
2022 57 98 27
2023 14 40 67 78 20 13
2024 37 68 43
2025 60 52 53 93 48 43
2026 8 8 14 27
2027 35 25 95 93 84 99
2028 85 4 46 68 26
2029 70 55 18
2030 89 9
2031 100 15 75
2032 75 47 34 97 27
2033 1 27 75 29 49
2034 35 40
2035 83 1 39 21 81
2036 19 18 52 5 11
2037 13 47 19 40
2038 93 10 44 45
2039 8 72 60
2040 90 61
2041 86 77 79 99 13
2042 2 12
2043 37 7 74 89 97
2044 37 85 82 62
2045 40 78 68 96 23
2046 26 75 56
2047 96 74 23
2048 53 25 55 97 94
2049 76 44 27 68 71
2050 62 56 27 99 87
2051 35 93 95 21
2052 36 67 92
2053 37 7
2054 99 34 49 3
2055 19 16 94 17 49
2056 77 83 61 26 7
2057 75 87 88 56 86 34
2058 94 64 82 43 63
2059 74 39 82
2060 56 50 21 66 97 100
2061 22 49 101 81 65 40
2062 49 80 35
2063 74 85 16 31 23
2064 92 62 93 82
2065 38 72 37
2066 94 76
2067 75 43 90
2068 51 60 52 26 85
2069 22 31 3 40 76
2070 42 14 69 101 73
2071 69 63
2072 24 47
2073 69 40 71 88 90
2074 42 67 99
2075 38 20
2076 46 90 14
2077 63 67 99
2078 10 41 59 61 80
2079 78 75 66 79
2080 4 35
2081 40 62 18 64 11 78
2082 52 10 81
2083 27 54 76 21
2084 55 8 47 63
2085 25 36 98
2086 87 62 36 71
2087 97 36 88 22 31
2088 14 29 27 8 77
2089 54 19 78 18 46 57
2090 71 16 52 86 15
2091 31 83 88 95
2092 25 50 38 97 100
2093 99 39 4 17 88 26
2094 32 34
2095 9 8 5
2096 19 47 17 73 91
2097 49 45 73 82 29 76
2098 4 89 16 48 41
2099 29 38
2100 96 91 28 78
2101 50 44 85 39 78
2102 21 90 23
2103 43 53
2104 63 33 38 55 83 94
2105 25 82 97 22 92
2106 79 25 24 94 5 53
2107 10 9 80 98 37
2108 22 56 86 23 71 37
2109 16 57 12 84
2110 30 86 79 83 10 24
2111 30 23 13 93 9 94
2112 99 12 88 24
2113 83 5 40 98 92
2114 64 10 81
2115 62 48 40 11 33
2116 24 88 4 28
2117 64 50 63 93 42 43
2118 55 39 10 86 97
2119 66 10 51 94 16 35
2120 56 11 47
2121 27 34 16 45 61 89
2122 91 96 52 51
2123 15 100 95 86 74
2124 39 67 76 14 28
2125 8 74 57 12 23
2126 19 9
2127 1 65 88 101 67 16
2128 8 69 8
2129 61 78 90 50 48
2130 33 24 20 57
2131 16 50 43 3
2132 58 6 73 37 2 93
2133 80 98 32 57 6 13
2134 7 100
2135 5 57 98 53 50
2136 50 19 10 45 25
2137 14 7
2138 35 38
2139 31 14 93 35 92
2140 35 67 52
2141 12 68 101 37 95 59
2142 92 52 11 74 64
2143 65 26 2 101 100 69
2144 41 94
2145 66 45 15 73
2146 48 37 21 54 57 71
2147 24 49 62 96 95
2148 49 44 71
2149 5 54 12 41 1
2150 32 75 3
2151 36 95
2152 3 97 26 71
2153 78 88
2154 38 1 28 49 78 36
2155 34 33 21
2156 30 73 1 7 68 41
2157 68 80
2158 80 52 8 47 62 93
2159 19 32 22 40 54
2160 53 85 37 69 97 4
2161 19 13 8
2162 22 63 22 94 45 27
2163 89 74 70 9 57
2164 73 14 86 72
2165 22 9
2166 100 46 24 56
2167 48 100 23 71 19 81
2168 43 16 22 30 40
2169 45 70 97 8 13 28
2170 8 43 49 10 42 51
2171 16 5 19 10 22
2172 24 76 84 56
2173 22 70 76
2174 11 69 11 1 62
2175 79 95 6
2176 40 47 60 79 33
2177 58 5 56 71 63
2178 25 21 42
2179 91 35 16 74 42 86
2180 83 73 25 70 40 3
2181 29 85 20
2182 27 41 39 67 49
2183 46 16 36
2184 10 34 24
2185 76 28 7 100
2186 27 71 94
2187 48 88 96 41 92
2188 85 86 33 74 87 94
2189 61 71
2190 38 28 26 59 95
2191 9 58 99 23 80
2192 59 56
2193 75 86 58 82 23
2194 70 69
2195 83 35 5 3
2196 41 48 17 90
2197 11 11 49
2198 5 53 80 68 66 75
2199 55 9 19 1 11
2200 85 23
2201 50 33 37
2202 92 87 80 43 74
2203 51 71 46 87 25 88
2204 46 58 3 20
2205 39 63 83 36 4
2206 26 83
2207 81 48 1 97
2208 46 21 42
2209 93 101
2210 60 66 94
2211 57 67 20 7 14
2212 48 15 84 34 93
2213 61 74 13 61 75 84
2214 2 60 21 4
2215 43 73 98
2216 63 15 68 25
2217 7 21 49 5
2218 80 51 59 28 96
2219 73 76 58 94 14
2220 11 37 91 56 93
2221 48 18 37 22
2222 73 30 89 58 28 94
2223 89 78 54 46 92
2224 78 33
2225 86 31 2 8 81
2226 100 10 76 26 75
2227 33 27 7 79 23
2228 6 47 32
2229 61 98
2230 83 96 10 21 47
2231 80 8
2232 17 21 40 27 4
2233 6 5 15 30
2234 13 93 41 60
2235 76 7
2236 78 93 17
2237 35 98 18 19 8
2238 48 9 3 69 39 1
2239 72 54 32 62
2240 31 3 43 67 65
2241 28 12 42 41
2242 55 13 57
2243 7 95 39 5
2244 85 41
2245 95 69 24
2246 56 56 99 20 29 53
2247 87 58 96 92 90 54
2248 39 91 39 37 20
2249 50 93 5 64 2 76
2250 86 8 56 2 89
2251 1 33 34 39 41 21
2252 61 17 100
2253 38 56
2254 23 8
2255 35 18
2256 69 68 71 80 31
2257 12 16 18 10
2258 24 91 49 5 97
2259 83 91 26
2260 15 33 92 93 12
2261 40 7 83 79
2262 4 22 20 51 26
2263 13 81 28 30
2264 73 22 18 42 33 3
2265 78 22
2266 44 11 49 90
2267 33 30 29 80 77 43
2268 100 13
2269 100 69 29 38 59 41
2270 66 1 50 87
2271 60 10 88 80 37 28
2272 90 21 18 54
2273 1 61 99 1 91
2274 99 47
2275 25 68
2276 76 59 12
2277 20 96
2278 98 33
2279 74 101 61 2
2280 21 12 21
2281 92 43 71
2282 26 51 36 10 55
2283 99 15 55 57 65
2284 68 61 1 23 42
2285 45 80
2286 62 80
2287 98 22 42 28 74
2288 59 92
2289 40 60 73 37 5 88
2290 21 38 56
2291 38 62 32 95 93
2292 32 11 72 66 52
2293 91 75 2
2294 31 64
2295 3 68 35
2296 72 5
2297 17 37 39
2298 5 34 44 51
2299 81 86 36 77 46 37
2300 92 42 12 15 75
2301 83 27 63
2302 6 47 61
2303 29 54 4
2304 52 51
2305 41 21 77 46 62 80
2306 100 101 64 44
2307 13 49
2308 57 49 91 70 29
2309 62 2 97
2310 94 1
2311 32 13 37
2312 47 100 67
2313 42 10 45
2314 53 39 88 82 27 91
2315 74 58 87 98
2316 53 99 27
2317 42 71
2318 37 49 100
2319 78 90 87 33 21
2320 25 71 2 39 44 69
2321 85 50 9
2322 71 24
2323 28 36 99
2324 43 91
2325 54 77 51 10 67 23
2326 32 9 61 77
2327 70 41 92 9
2328 82 74 27
2329 57 44
2330 26 65 41
2331 69 7 8 70
2332 52 42 58 56 89 55
2333 52 9 36 82
2334 3 39 46 58
2335 74 12 62
2336 61 2 76
2337 77 35
2338 16 44 91 29
2339 5 56 58 62 1
2340 56 100 74 62
2341 23 58 79 38 95
2342 50 83 26
2343 73 32 66 64 77
2344 47 83 33
2345 13 14 59 13 89 54
2346 2 32 79
2347 95 34 43 100 16
2348 15 5
2349 39 61 59 82 4 94
2350 100 99 37 54 56
2351 25 11 48 68 6
2352 26 63 81 2
2353 84 26 72
2354 54 75 64 9 30 24
2355 18 24 94 29 85 6
2356 2 39 34 8 7
2357 61 17 89 56 37
2358 10 49 43 82 96
2359 31 4 63 81 68
2360 40 90 92 30
2361 51 72 59 96 85
2362 37 99
2363 27 25 18 8
2364 62 71 28
2365 88 85 80
2366 18 40 8 34
2367 56 45 12 93 43 20
2368 32 20 93
2369 92 29 73 37 80
2370 46 6 21 7 83 32
2371 39 90 65 3 50
2372 92 78
2373 54 78 31 45
2374 70 49 81 98 35 27
2375 6 99 12
2376 80 43
2377 58 13 14 45 32
2378 8 1 94 61 49 3
2379 44 77 59 19 81 88
2380 64 66 79
2381 30 92 42 70 82
2382 30 72 60 22
2383 22 34 1
2384 65 11 82
2385 34 76 43 54 16
2386 55 13 23 18 43
2387 82 2 74
2388 42 19 17
2389 41 71
2390 55 78 93
2391 89 38
2392 48 90 28 11 91 97
2393 85 88 45 79 29 87
2394 31 6
2395 50 95
2396 94 47 15 91 100 82
2397 94 69 73 48
2398 60 97 93 15 40 41
2399 36 84
2400 79 78 61 91 32 2
2401 72 17
2402 67 81
2403 59 74
2404 41 4 62 60 53
2405 4 13 88 39
2406 81 7 73 22 13 46
2407 22 12 40
2408 91 39 10
2409 26 35 86
2410 70 96 87
2411 11 88 97 30 32 37
2412 25 59 9 18
2413 31 99
2414 47 6 101
2415 39 20 17 70
2416 62 78
2417 63 79
2418 51 35 21 15
2419 11 62 32 92 15 86
2420 19 4
2421 2 35 58 29 59 79
2422 14 33 10 45 83
2423 64 70 94 48 97 79
2424 1 37 46 87
2425 71 65 79 68 21 25
2426 31 99
2427 25 7 70 48 36
2428 91 99 66 3 69
2429 72 43 40 44
2430 85 95 91 41 96
2431 76 8 94 33 97 35
2432 66 91
2433 65 40 4 72 75
2434 85 29 50 34 41
2435 32 60 85 70 11
2436 91 66 5 13 12
2437 35 54 64
2438 58 59
2439 50 31 86 82 71 29
2440 23 79
2441 65 23
2442 9 73
2443 7 93 42 27 81
2444 58 66 36 48 67 18
2445 91 27 44 18 100
2446 81 29
2447 58 52 13 10 16
2448 48 99 73
2449 33 87
2450 87 101 93 11 18 48
2451 71 49 61 85
2452 91 58 61 46
2453 22 51 55 36 9
2454 44 60 72 31 88
2455 39 14 13
2456 53 25 89
2457 76 82 43 16
2458 49 42 10
2459 66 100 87 98
2460 100 34 41 73 79 53
2461 95 77 86 60 55 24
2462 44 1
2463 88 80 43 1 71 4
2464 40 31 22 39 36
2465 86 84 4 85 60
2466 67 92 57 76
2467 69 15
2468 63 14
2469 59 44 36 74 43 81
2470 8 65
2471 38 18
2472 24 53 23 51 89 63
2473 91 7
2474 27 11 34 74
2475 11 98 76 27 69
2476 41 55
2477 7 27 26 101 85
2478 10 84 5 41 43
2479 19 17 5
2480 63 38 26 29 101
2481 23 50 57 40 91
2482 94 45
2483 48 45
2484 6 31 76 99 13 21
2485 10 30 93 26 23 15
2486 62 26 90 1 99 52
2487 57 60
2488 56 95 72 15
2489 5 9 87 61 83 100
2490 3 42 19 76
2491 99 92 15
2492 58 76 64
2493 55 62 64 2 57
2494 45 72 95 21 6 33
2495 64 72 82 54 22
2496 38 12
2497 55 89 27 37 73
2498 96 83 16
2499 80 29 73
2500 16 54 32 9
2501 75 68 1
2502 3 8 78 85 99 51
2503 43 45 36 23 58 56
2504 88 69 29 22
2505 72 36 29 23 11
2506 9 1 68 7 72
2507 24 34 96 62 84
2508 81 16
2509 84 69 14 73 7 15
2510 29 31 46 95 55
2511 95 78 21 92 87
2512 10 17 100 26
2513 51 6 15 35 42
2514 29 20 21 54
2515 65 39 10 86 79 98
2516 39 97 101 3 66 99
2517 21 45 20
2518 78 8 74 24
2519 87 50 40 98
2520 62 80 15 57 9 55
2521 57 86 6
2522 50 12 7 75 32 43
2523 99 1 63 85
2524 94 6 52 58 90 73
2525 84 8
2526 88 6 32 11
2527 99 23
2528 68 85 29 91 10 47
2529 96 94 76 85 18
2530 73 22 15
2531 42 53 24 87 26
2532 79 47 92 76
2533 38 90
2534 1 50 2 31 25
2535 56 48 29
2536 70 79 92 60 55
2537 22 78 26 34 65 4
2538 9 15 56 35 65 81
2539 90 16 23 4 19 44
2540 82 9 86 47 59 16
2541 26 71 27 16 9 51
2542 77 93 43
2543 44 78 9 47 66
2544 58 60 22
2545 16 9 31 66
2546 19 5 25
2547 80 86 74 35
2548 50 32 100 65 78
2549 61 16 87 28
2550 69 35 2 40 52 68
2551 57 25 12
2552 77 85 98 30
2553 42 37 28 27
2554 86 69 47 5
2555 60 72 2 64
2556 27 23 34 4 76
2557 15 46 85 71
2558 45 47
2559 86 96 16
2560 62 2 9 40
2561 59 26 22 70
2562 70 85 73
2563 65 16 86 80
2564 32 71 24 18 36
2565 15 16 47 20
2566 62 31 47 2 86 88
2567 42 53
2568 95 81 30 25 44 19
2569 83 2
2570 78 57 85 95 77
2571 8 45 81
2572 92 30 34
2573 56 83 15 17
2574 6 97 78
2575 34 26 82 57 67
2576 71 95 81 34 44
2577 22 29 47 81 22 57
2578 75 69 20
2579 73 22 53 6 3 83
2580 46 6 49 86 68
2581 88 50
2582 4 14
2583 22 12 44 87
2584 11 39
2585 21 52 92 33
2586 39 23 51 3 35 62
2587 3 57
2588 40 53 44 30 79
2589 1 80
2590 80 22 14 54
2591 51 64
2592 26 100 63 56 23
2593 79 60 19
2594 33 23 54 60
2595 43 75 13 78 89
2596 43 53 39 101 98
2597 34 101 19 85 27 41
2598 41 6
2599 5 17 100 12 56 61
2600 58 42 4 83 95
2601 90 73 68 57 33
2602 69 42 80
2603 4 20 90 84 77 3
2604 66 21 38 99 69
2605 69 70 6
2606 75 53 74 58 79 76
2607 83 23 10 8
2608 48 5 29 72 93 57
2609 55 71 15
2610 67 74
2611 69 21
2612 37 87 71
2613 75 7 55 86 84 101
2614 17 76 57 101
2615 34 96 68
2616 96 32 13 77
2617 56 46 86 77
2618 14 50 92 40 31 72
2619 72 96 73 82 43 92
2620 29 14
2621 51 33
2622 30 12 80 62 49
2623 56 12 83 2 27 62
2624 5 43 33 35 77 101
2625 20 95 60 25
2626 77 1
2627 68 9 65
2628 25 83 79 9 89 88
2629 13 84 13
2630 80 82 67 75 101 18
2631 28 13 3 11
2632 32 48 31 78
2633 8 52 83 33 93 56
2634 93 23 100
2635 24 3 94
2636 66 17 82 100 73
2637 46 16 29 101 67 22
2638 97 94 78 41
2639 81 14 72 70 42 93
2640 80 67 4 19 79
2641 86 28 81 60 10 72
2642 50 49
2643 68 90 51 2 59 48
2644 95 55 32 10
2645 69 86
2646 59 98 71
2647 30 10
2648 92 20 11 51 99 58
2649 94 30 56 62 93
2650 80 75
2651 21 30 87
2652 99 70 63 16 14
2653 43 13
2654 91 2 33
2655 78 90 62 72
2656 52 42 85 46 54
2657 3 4 10 52 27
2658 27 11 24 40 96
2659 34 24 59 91
2660 94 22 38 39
2661 38 74 57 17
2662 30 75 66 7 73
2663 72 35 26 5
2664 16 73 94 24 29 96
2665 24 74 18 31 34
2666 96 9
2667 75 92
2668 63 33 26
2669 1 43 30 26 10 9
2670 64 90 51 101 37 77
2671 40 78 37 21
2672 79 77
2673 54 43
2674 76 98 12 16
2675 38 66 70 24 99 77
2676 81 45
2677 78 71
2678 98 62
2679 61 35 42 13 56
2680 87 21 43
2681 3 33
2682 58 62 88 6
2683 23 71 3
2684 32 27 4 19 68 76
2685 75 73 12 63 34 65
2686 45 20 48 67
2687 40 22 66 79 32
2688 89 88
2689 80 74 98 53
2690 71 90 12 55 86
2691 73 16
2692 81 77 92
2693 78 63 26
2694 51 20 82 1
2695 60 20 85
2696 66 54 69 7
2697 37 89 99 7
2698 16 65 77 47
2699 40 41 17
2700 39 7 51
2701 15 87 32 54 10
2702 19 5 92 20 37 60
2703 7 82
2704 26 89 85
2705 29 45
2706 37 100 20
2707 6 95
2708 8 57 37
2709 62 66 32 3 76
2710 75 69 46 55 39 24
2711 14 13 88 76 1
2712 13 67 90 39 79 2
2713 44 14
2714 62 29
2715 23 97
2716 16 81 15
2717 97 3 76
2718 71 31 41
2719 11 16 100 35 19
2720 94 17
2721 72 55 60 14 33 47
2722 45 16
2723 89 77 74
2724 58 63 67
2725 12 2 55 73 81 84
2726 93 60 39 57
2727 12 38 73
2728 59 50 23
2729 70 58 30 98 72
2730 61 66 83 18 31
2731 50 22 72
2732 42 42
2733 97 30 27 15 77
2734 84 95 18
2735 18 32 67 78
2736 66 95 86
2737 52 31 15 63 78
2738 35 73 68
2739 29 44 98 101
2740 87 32 36 60 97 93
2741 22 27
2742 42 74 64 75
2743 91 63 53 5 15
2744 5 5 43 7
2745 34 28 11 53 58 52
2746 97 39 92 61 13 52
2747 62 84 58 92 9 22
2748 47 39 85 23 71 100
2749 100 81 50 42 31 11
2750 81 11 100 39 79
2751 90 77
2752 26 84 60 53 1
2753 75 91
2754 47 34
2755 96 14
2756 80 24
2757 53 95 65 66 72 83
2758 2 34 74 69 25
2759 50 83 45
2760 49 8 3 101 68
2761 40 41 1 31
2762 96 66 44 82
2763 14 18
2764 13 60
2765 52 31 51 49 96 35
2766 58 9 71 19 14 2
2767 37 44
2768 66 60 99 16 74
2769 100 44 82 61 65 36
2770 84 50 54 96 14 48
2771 13 45
2772 73 30 70 76 8 41
2773 38 21
2774 43 94
2775 99 66 33 50
2776 87 18 39 22
2777 23 69
2778 1 31 97
2779 17 51 43 12 7 90
2780 75 63 10 81
2781 26 59 82 30 21
2782 96 100 4 49
2783 63 26 66 78
2784 94 55 59 100
2785 37 59 22 55 97 63
2786 95 28 45 12 90 29
2787 6 9
2788 65 2 29 36
2789 4 1 22
2790 90 41
2791 43 72 96 93
2792 59 96 51 98 56 89
2793 70 63
2794 18 75 43 64 9 80
2795 27 96 101 20 100 78
2796 59 43 76 89 29 2
2797 85 99 13 39
2798 72 34 32
2799 79 45 47
2800 43 31 94 21 101
2801 10 13
2802 28 90
2803 42 1 48 101 78 8
2804 9 62 12 35 26
2805 59 64 46 18 68
2806 92 78 19 61
2807 96 72 73 50 4
2808 49 97 55 36
2809 68 67
2810 96 19 70 89 71 18
2811 70 1 60 55
2812 27 78
2813 21 44 9
2814 7 64 21 8
2815 91 38 12
2816 15 101 26 32 49
2817 56 95
2818 27 36 56 2
2819 2 90 46 66
2820 49 70 91 40 10
2821 86 49 63 71
2822 32 38 34 50 4 81
2823 19 81
2824 44 36 96 18 5 63
2825 7 67
2826 20 99 88 47 71
2827 19 90
2828 66 14 60 43
2829 79 24 7 87 100
2830 98 81 8 1 95
2831 58 55 16 50 100
2832 88 34 69
2833 80 79 57 66
2834 47 93 35 9 58
2835 92 32 68 15 4 52
2836 85 77 19 46 79
2837 37 10 98
2838 58 60 39 75 20
2839 92 68 96
2840 66 32 22 9
2841 3 45 14
2842 95 89 82 49
2843 34 22
2844 48 56 36 95
2845 2 99 86 25 79 24
2846 7 51 23 28 81 54
2847 62 13 89 88
2848 8 20 70
2849 61 34 81 28 52
2850 88 84 95
2851 32 69 70 84 58
2852 78 88 23
2853 17 86 81 9
2854 40 83 40 96 2 26
2855 51 95 4
2856 51 80 45 78 33
2857 72 63 39
2858 9 3
2859 80 72
2860 60 8
2861 73 53 6 9 67 23
2862 92 20 66 74 45
2863 62 6 8 13 7
2864 80 62 26
2865 68 52 64
2866 46 70 15 46
2867 24 95
2868 35 77 52 19
2869 77 20
2870 21 55 26 49 36 71
2871 27 1 53 12 52
2872 45 91 49 54 101
2873 71 19 26
2874 16 91
2875 25 45
2876 77 62 46 83 97
2877 3 94 47 21
2878 43 94 47
2879 36 29 48 88
2880 48 73 24 77
2881 23 43 82
2882 95 25
2883 1 89 21 17 72 27
2884 77 69
2885 32 60 9 50 65
2886 91 37
2887 27 100
2888 38 43 68 80 84
2889 97 12
2890 71 38 99 8 29 56
2891 5 48 13
2892 9 98
2893 73 27 56 3 14
2894 76 54 44 45 61 33
2895 49 6
2896 83 95 24
2897 68 37 15
2898 19 95 4
2899 24 1 10
2900 35 80 6 87 15 92
2901 36 94 23 55 81
2902 71 14 53 95 100
2903 69 2 82
2904 97 82
2905 10 35 85 31
2906 59 49 43
2907 73 29 26 82 90 38
2908 24 26 5
2909 4 18 93
2910 76 59 96
2911 4 8 82 85 3 62
2912 88 95 45 81
2913 43 30
2914 61 28 83
2915 79 89 74 45 57 37
2916 79 48
2917 79 58 63
2918 74 82 68 70 46 35
2919 23 98
2920 40 47 62
2921 48 36
2922 35 99 46 44
2923 67 67 88 24 92 89
2924 1 20 78 89
2925 5 44 42
2926 83 49 48 94 70
2927 90 96 67 42 32
2928 15 71 54 76 4 67
2929 70 92
2930 94 17 50 38 82
2931 65 7 68 90 100
2932 97 49
2933 9 27 97 48
2934 17 47 65 53 63
2935 66 24 75 30 21
2936 24 75
2937 10 45 76
2938 61 13 58 90
2939 12 90 17 18 37
2940 33 21 98 46
2941 29 2 15 86 11
2942 57 80 17 95 14
2943 71 63
2944 33 70 13 67 90
2945 17 28 70 101 92
2946 27 91 84 46 90
2947 50 42 8 30 82 98
2948 29 22 99
2949 46 63
2950 93 4 66 26 80
2951 48 4 85 89
2952 56 4 75 19 81 53
2953 9 60
2954 86 14 13 66 53
2955 19 77 99
2956 99 2
2957 21 93 79 38 57
2958 95 22 19 75 89
2959 86 10 75
2960 43 39 13 6 48
2961 44 79 63 44 2 59
2962 17 37 8 69 9 12
2963 48 54 3
2964 97 30 87 22
2965 97 20
2966 43 98 17 4 27
2967 68 89
2968 27 68 45 43 95
2969 99 47
2970 62 38 29 41
2971 37 100 48
2972 1 7
2973 8 38 96 26
2974 13 20 101 7
2975 73 52 80 48 54
2976 77 100 15 91 17 8
2977 85 34 1
2978 44 66 74 25 35 73
2979 24 28 18 82 11
2980 88 34 2
2981 61 54
2982 90 28
2983 25 63
2984 88 101 81 25 94 32
2985 18 43
2986 43 46 74 43
2987 4 31 55 67
2988 32 80
2989 1 14 92
2990 75 48 37 44
2991 38 100 29 46 18 94
2992 84 70 7
2993 99 26
2994 21 80 53 64 30
2995 62 66 72 82 67
2996 23 48 67 55
2997 26 89 91 45 27
2998 17 45 35 74
2999 63 95 17 68
3000 70 50 98 32 27
3001 76 88 74 4 67 92
3002 98 35 9 76
3003 24 27 95 42 84
3004 59 60 49
3005 71 71 25 14 46 58
3006 78 14 13 1
3007 80 53 2 18
3008 52 89 74
3009 99 94 22 91 74
3010 72 68 75
3011 40 27
3012 26 51
3013 23 59 89 64 21 63
3014 98 29 92 75 44 77
3015 56 63 78 40
3016 83 23 46 42 54
3017 41 98 9 51 3
3018 87 77 89 33 90 60
3019 96 34 52 101
3020 9 66 16 43 30 11
3021 13 6 27 18 42
3022 87 2 55 82 20
3023 10 38 24 37
3024 33 56 44 67
3025 62 14 41 96 31
3026 57 87 64 84
3027 76 16 63
3028 29 61
3029 67 34
3030 74 59 67
3031 1 60 18 44
3032 26 25 3 92 86 89
3033 51 83 25 57
3034 4 43 99 55
3035 16 42 37 66 40 51
3036 89 97
3037 40 3 54 42
3038 29 91 19
3039 94 17 42 71 56
3040 9 100
3041 63 11 23 47
3042 94 53 44 50
3043 93 86 11
3044 17 81
3045 94 45 68 40 61
3046 50 79 22
3047 68 87 72
3048 8 58 90 56 17 47
3049 38 38
3050 99 84 70 21 49
3051 50 42 64 40
3052 56 47 45 61 42 95
3053 56 97 48
3054 53 63 8
3055 70 62 14 55
3056 13 24 2 36
3057 80 68 56 47
3058 92 30 49 96 13
3059 3 69 89
3060 54 26 1 20 63
3061 26 98 88 6 101
3062 88 99
3063 13 74 5 85
3064 41 98 89
3065 46 44 62 12
3066 93 84 75
3067 4 68 91 93
3068 21 86
3069 55 40 42
3070 19 74 70 20
3071 83 90 35
3072 79 99 35
3073 72 30 87 51 80
3074 31 52 61 68 13 48
3075 94 74 83
3076 34 62
3077 34 67 42 19 99
3078 77 67 41
3079 25 57
3080 10 63
3081 31 10 56 21 2 60
3082 7 86 67 21
3083 62 87 25 71 67
3084 100 30
3085 59 85 65 75 99 39
3086 24 66
3087 32 45 61 17 87 8
3088 56 101
3089 64 16 47 15
3090 15 56 25
3091 42 51 3 24
3092 80 87 73
3093 25 35 82
3094 52 13 15
3095 57 61 25
3096 47 49 27 29 28
3097 79 73 57 2 97
3098 1 25 51 65 101
3099 21 71 47 52 62
3100 30 48
3101 97 59 36 31 62 99
3102 74 3 58
3103 37 50 20 60 77
3104 37 2 47
3105 47 59 44 54 49
3106 21 37 35 59 89 78
3107 52 8 32 37 33
3108 47 26 12 47 30
3109 97 16
3110 70 27 35 78 94 64
3111 14 43 31 60 55 48
3112 17 59
3113 96 45 37 5 29 56
3114 84 55 11 88 19
3115 35 79 44 49
3116 62 91 83 49
3117 61 21
3118 86 36 33 32
3119 56 32 64 11 86 99
3120 25 81 61
3121 82 54 57 3 29
3122 56 54 27 26
3123 28 75
3124 61 13
3125 83 36
3126 14 35 94 47 63
3127 16 36 11
3128 88 89
3129 23 21 73 53 70 39
3130 81 46 62
3131 89 32 37 83
3132 28 49 25 80
3133 24 6
3134 32 26
3135 79 81 68 7 76
3136 4 82 18 7
3137 10 60
3138 60 37 32 85
3139 90 68 59 40 76
3140 79 51 3 88 29
3141 4 43
3142 67 94 67 88 58 45
3143 53 1 47
3144 12 46 35
3145 50 48 95 16 30 66
3146 10 33 11
3147 16 19 61
3148 55 20 37 36 14 41
3149 75 21 47
3150 13 12 17 72
3151 20 65 94
3152 88 32
3153 61 98
3154 41 65 2 7 16 30
3155 75 61 28 92 52
3156 6 19
3157 15 3 45 52
3158 79 18 19
3159 13 53 77
3160 97 79 80 3 28 51
3161 48 7 29 82 27
3162 92 85 101 47 88 31
3163 24 60
3164 51 39 15 70 97 45
3165 80 31
3166 98 60 47
3167 72 72 12
3168 95 21 86 6 36
3169 46 79
3170 7 6 59 41
3171 24 34 58 100
3172 26 17 60 39 52 90
3173 51 5 64
3174 84 54
3175 70 46
3176 70 50 99 77 74 33
3177 100 86 56
3178 50 42 72 21 98 92
3179 72 31
3180 49 32 97
3181 56 57 69 100
3182 81 100
3183 13 83 11 4 10 80
3184 43 61
3185 52 22 72 76
3186 60 41
3187 47 8 87 20
3188 81 11 100 48 82 77
3189 51 52 94 8 15 93
3190 67 65 17 100
3191 49 54 95 39
3192 56 1 16 10
3193 27 11
3194 93 31 21 11 93 56
3195 92 80
3196 37 29 69 86 54
3197 57 3 100
3198 7 86 9
3199 48 86
3200 60 83 91 29 18
3201 81 5 98 21 61 43
3202 65 31 52 17
3203 94 52 24
3204 84 85 39 28 49
3205 41 100
3206 90 67 74 21
3207 69 28 49 39
3208 33 81 65 22
3209 72 7 9 52 65 88
3210 6 18 33
3211 86 13 11 9 70
3212 5 51 14 84 19
3213 35 66 83 89 40
3214 35 16 77 50 87
3215 59 50 84 101
3216 19 62 43 66
3217 93 35 95 68 61 65
3218 53 21 37
3219 47 78 30
3220 68 5 16
3221 37 84
3222 12 48 96 30
3223 82 7 47 16 43
3224 1 80 28 56 99 13
3225 100 98 51 82 87
3226 35 83
3227 34 64 66 97 49 52
3228 68 68 83 21 58
3229 47 10 25 98 79 17
3230 14 74 65 63
3231 1 80
3232 51 100 31 55
3233 64 44 60 82 16 99
3234 71 18 91 12 87 89
3235 55 68 48 85
3236 2 69 33 15
3237 42 31
3238 68 49 31 25 87 81
3239 24 63 53 8
3240 35 89 22 58 91
3241 34 88 5
3242 84 35
3243 46 7 45 14
3244 22 83 71 93
3245 7 13
3246 68 69 25
3247 78 67 11 101 5 64
3248 49 90 66 16 61
3249 74 93 7
3250 44 49 46 75 69
3251 85 22 40 71
3252 79 65
3253 74 44 20
3254 35 69 47
3255 48 36 44 47 84 30
3256 75 66 3 50
3257 93 69 29 34 27 81
3258 95 13
3259 59 78 30 1 3 7
3260 55 65 74
3261 78 76 19 75
3262 67 90
3263 27 37 3 43 62
3264 37 60
3265 78 5 62 71 30 76
3266 84 86 63
3267 43 56 20
3268 14 71 91 8 31 93
3269 88 82 17 37 10 30
3270 53 83
3271 43 9
3272 28 35 38 19 4
3273 88 99
3274 3 94 36 83 101
3275 10 83 99 3 40 44
3276 100 9 18 38
3277 74 9 85 11
3278 51 50 33 82
3279 18 84 69 92 10
3280 25 54
3281 5 33 13 50 82
3282 62 49 2 40 18 57
3283 36 57 21 93 60
3284 99 23 61
3285 36 10 47 8
3286 52 4 95 26 11 100
3287 35 66 28 36
3288 41 77
3289 23 47
3290 72 37
3291 79 63
3292 100 66 26 53 51 15
3293 18 34 68 8 6 53
3294 45 5 32 9
3295 64 52 68
3296 73 79 15 28 66 84
3297 70 64 56 13 72 97
3298 75 14 37 33 1 62
3299 99 21 32 72
3300 59 51 78
3301 70 50 51 1
3302 85 55 92
3303 8 61 74 72 1
3304 82 12 8 18 53 30
3305 11 66 94
3306 15 65 2 74 12 23
3307 3 59 70 67 6
3308 82 76
3309 90 24 64 13
3310 93 54 69 7
3311 52 34
3312 5 69
3313 81 45 18 39 74 80
3314 95 86 20
3315 30 83 4 36 81 40
3316 41 8 38 85
3317 27 60 55 87 21
3318 53 28
3319 13 59
3320 98 95 32 37 4 56
3321 44 74 3 46 33 19
3322 60 52 53
3323 14 95
3324 91 64 29 48 26
3325 86 9
3326 36 66 93 14 72 59
3327 84 75
3328 30 1 26 33 72
3329 60 16 30 67 86 69
3330 28 60 41 96 74
3331 72 2 23 50 92
3332 2 33 25
3333 26 100 22 71 19 4
3334 17 31 7 4 27
3335 39 6 1 77 9 22
3336 43 95 16 94
3337 61 11 78 50 68 8
3338 10 8 72 50 84
3339 46 76 9 71 36 8
3340 74 5 56
3341 45 53 68
3342 85 38 83 35
3343 34 82 10 98 96 6
3344 53 23 8 59 91
3345 74 51
3346 43 96 73 60
3347 32 91 27 14
3348 10 48 69 3
3349 70 64
3350 30 7 67
3351 80 78 90 9 3 95
3352 54 93
3353 88 35 71 25 27 42
3354 83 83
3355 78 63 92 31 25
3356 82 37 10 51
3357 90 29 94
3358 60 5 14
3359 71 12 1 35
3360 18 101 25 59 88
3361 6 87 43 29 51 11
3362 8 75 5
3363 58 1 29 6
3364 39 82 58 99
3365 55 45 75
3366 44 27 71
3367 24 56 26 60
3368 46 89 59 54
3369 15 90 64 66 22 37
3370 48 42 39 3
3371 10 16
3372 34 67 70
3373 29 12 28 25 77 45
3374 71 35 98
3375 62 16 64
3376 51 76 33
3377 90 64 39
3378 22 69
3379 82 56 36 100 65 32
3380 27 27 40 10 46 73
3381 91 88 63 49
3382 47 97 55 70 82
3383 33 95 14
3384 18 78
3385 92 38 3
3386 74 89 63 13 30
3387 4 88 91 37
3388 30 50 49
3389 50 30 75 59 38
3390 55 68 32 89 36
3391 98 31 56 65 87 7
3392 38 17 100 44 75 27
3393 71 67 93
3394 1 2
3395 89 25 27 23
3396 15 26
3397 70 18 7 90
3398 66 2 37
3399 54 56
3400 40 52 11 57
3401 82 66 98 73
3402 14 12 59 42 90 97
3403 59 85 43 18 59 25
3404 68 51 11 14 80
3405 21 11 87
3406 44 51 63 79 18
3407 40 71
3408 88 40 54
3409 66 20
3410 10 81
3411 90 53 71 3 86 21
3412 98 16
3413 65 40 70 14
3414 85 97 33 86
3415 87 74
3416 47 90
3417 34 30 101 3 8 56
3418 48 56 41 34 25
3419 93 77
3420 56 6 60 74 55
3421 18 52 43 38 5 58
3422 61 74
3423 80 76 37
3424 13 22
3425 28 75 6
3426 22 41 1
3427 21 23 72 55 28
3428 60 44 21 35
3429 91 76 69 58 93 45
3430 37 29 53 20 24 101
3431 4 61 24 16
3432 5 3 92 75
3433 43 45
3434 43 95 88
3435 47 32
3436 48 72 101
3437 90 94
3438 64 90 79 71 37
3439 93 89 69 6 39
3440 59 39 57 79 95
3441 63 77 60 92
3442 79 35 18 71 13 10
3443 75 96 89 22 101
3444 34 17 23 30 64 97
3445 71 19
3446 54 11
3447 79 7 69 85 86 20
3448 36 26 88
3449 44 58
3450 98 17 80
3451 35 33 72 17
3452 43 89
3453 37 25 76 53 29
3454 42 56 77
3455 44 38 62
3456 61 79 18 75 96 4
3457 66 41 47 24
3458 4 71 55 19 39 78
3459 29 99 59
3460 99 58 26 22 81 35
3461 74 54 20
3462 13 101 60 43 82
3463 55 14
3464 33 8
3465 6 40 52
3466 33 18 100 92
3467 87 97 51 76
3468 78 53 3 90 1
3469 96 73 48 26 45 80
3470 73 8 1 16 66
3471 45 88 16
3472 26 101 85
3473 84 41 8 47
3474 25 90 30 21 56 12
3475 42 22 100
3476 15 22 88
3477 18 101 82 11 90 91
3478 36 6 28 23 77
3479 63 51 49 57 15
3480 13 52 4 61 54 27
3481 78 21 39 26 48
3482 94 55 87 17 34
3483 51 62 83 64
3484 57 9 16 60 8 93
3485 76 69 89 67 82
3486 24 55
3487 35 10 21
3488 76 79 41 60
3489 55 92 1
3490 84 56 68 67 92
3491 11 16 49 37
3492 76 62 63
3493 39 83 81
3494 3 93 75
3495 38 35 82 18 33 101
3496 89 80 13 77 56 31
3497 35 6 87 8
3498 49 72 2 1 94
3499 64 100 81
3500 61 82 7 81 101 30
3501 87 15 6
3502 78 36 10 68
3503 37 43 46
3504 69 94 78 75 43 101
3505 71 82
3506 3 54 99 56
3507 15 90 52 27
3508 50 68 38 94 62
3509 89 55 20 28 63
3510 58 18 67
3511 11 100 92 1
3512 27 4 75 42 39
3513 16 41
3514 25 19 96 46 101
3515 67 18 98 89 56 66
3516 53 91 27
3517 93 86 42 60 59
3518 34 24
3519 83 76 79 10 17
3520 43 99
3521 66 1 3 55 84
3522 64 74 55
3523 56 89 45
3524 77 76 27 88
3525 95 97
3526 65 69 51
3527 43 93 61 22 46 47
3528 18 88
3529 69 47 75 39 48 33
3530 48 75
3531 75 35 91
3532 41 43
3533 43 86 6 81 54 10
3534 56 100 94 75 2 4
3535 2 20 36 99 42
3536 24 60 98 63
3537 86 43 32
3538 45 94 96 18 39
3539 48 63 52
3540 74 49 39
3541 30 64 56 57 5
3542 68 64
3543 87 48 52 75 25
3544 13 30 54 64
3545 37 36 82 90 17 48
3546 20 86 25 23
3547 78 95 82 8
3548 1 38
3549 46 85
3550 95 59 87 75
3551 41 76 100
3552 73 70 58 3 49 80
3553 3 78
3554 30 49 4 95 32 55
3555 18 24
3556 54 72 21 74
3557 2 55 53 90
3558 47 89 65 57 90 83
3559 22 40 72 78
3560 44 9 30 98 89
3561 61 8 37 101 7
3562 71 10 53 20 1 96
3563 76 73 16 22 62 21
3564 42 17
3565 25 84 74
3566 99 47 26 46 38
3567 60 52 49 64 42
3568 53 72 91
3569 94 49 77 11 88
3570 83 21 37
3571 72 76 66 87
3572 51 19 96
3573 71 82
3574 37 42 15 11 65 21
3575 32 29 17 34
3576 50 35 49 100 64
3577 4 92 69 45
3578 71 8 63 92 6
3579 31 99
3580 71 98 77 49
3581 67 77 92 25
3582 68 55
3583 27 60 11 31 99 56
3584 54 64
3585 95 83 86 20
3586 40 58 4 83 100
3587 5 91 48
3588 47 64 63 14 47
3589 3 65 53 58 51 90
3590 3 25 93 42 71
3591 83 53 76 20
3592 74 96 17 56
3593 79 17 84 16 74
3594 75 13 93 25 12
3595 73 52
3596 76 41 55
3597 49 92
3598 93 54 13 60 18 31
3599 26 53 99 96
3600 14 1
3601 58 10 48 34 101
3602 25 28 99 101 35 60
3603 1 71 47 101
3604 57 50
3605 44 46 91 17
3606 19 96 27
3607 85 64 40 4
3608 35 75 1 85
3609 66 3 8 11
3610 36 44 67 88
3611 52 36 58 22
3612 47 40 76 1 43 5
3613 45 12 87 11 5 32
3614 33 68 15
3615 99 75 49
3616 56 51 32 36 9 80
3617 66 31 51 100
3618 59 36
3619 70 73 87 26 22
3620 66 20 74
3621 91 99 93
3622 18 51 76 45 19
3623 74 12 33 3
3624 10 80
3625 40 1 8
3626 84 6 46 81
3627 21 34 50 99 49
3628 60 54 10 11 78
3629 46 33
3630 43 76 72 92
3631 11 58 14
3632 68 55 51 97 43 15
3633 26 36
3634 78 46 101 37
3635 97 91 55 27
3636 30 66 13
3637 75 15 38 83
3638 60 61 2
3639 96 6 2
3640 53 84 75
3641 23 92 63
3642 89 47 86 33 31 101
3643 14 73
3644 29 96 26 42
3645 87 43
3646 5 6
3647 54 19 5 97
3648 9 52
3649 5 67
3650 35 28 43 58 11 80
3651 37 4 87 44 72
3652 88 40 65 58 51
3653 64 9 43 61 31 39
3654 93 16
3655 8 6 34 39 90
3656 59 25 26
3657 68 9
3658 7 23 54 14 82 86
3659 53 86 53 20 101
3660 1 39 1 96 93
3661 77 53 37
3662 78 58 35 45 6 50
3663 15 72
3664 38 99 9
3665 97 27 77
3666 26 94 62 98
3667 100 93 33 17 40 101
3668 100 69 50 39 17
3669 52 1 54 19 95
3670 27 70 2 67 80
3671 60 17 38
3672 60 33 88 30
3673 53 83 86 62 42 44
3674 11 87 42 96
3675 11 15 30 40
3676 11 34 89 5 91
3677 88 42 80 65 93
3678 71 51
3679 64 6
3680 58 14
3681 79 42 66 1 35 68
3682 18 64
3683 80 60 29
3684 76 24
3685 22 83
3686 25 87 95 91 66
3687 31 87 36
3688 95 74 35 42
3689 85 93 79 84 55 76
3690 89 84
3691 6 64
3692 1 38 43 13 7
3693 24 62 55 41 82
3694 40 45 78 47
3695 96 56 96 66 71 36
3696 58 2 46 93
3697 27 52 99 27 67
3698 78 38 86
3699 14 95 71 99
3700 62 52 98 99 47 96
3701 3 18 57 74 12
3702 75 79
3703 44 81
3704 23 37 82
3705 60 41 12 82 3
3706 28 82 5
3707 24 71 33
3708 35 2 26
3709 41 24 26 72 51
3710 53 46 34
3711 72 6 14 100 61
3712 81 35 92 75 81 33
3713 13 22
3714 2 64 25 58 39 20
3715 24 25 38
3716 6 101 31 83 53 20
3717 13 46 47 45
3718 73 7 82 87 94 81
3719 55 52 29 46 97 26
3720 66 17 29
3721 80 78 16
3722 80 101
3723 88 55 97 31
3724 5 83 53
3725 71 91
3726 98 54 33
3727 71 31 19 39
3728 49 80 30 58 73 51
3729 63 46 82 26 53 3
3730 10 86 35
3731 10 80 47 10 23 98
3732 25 18 44 39 67 41
3733 25 22 18
3734 6 82 52 57 38
3735 21 37 10
3736 1 5 73 68 36
3737 7 72 3
3738 66 51 100 71 43
3739 88 45 95
3740 80 77 43 98
3741 34 43 86 24
3742 88 97 69 74 18
3743 76 50 42
3744 74 33 11 47
3745 44 43
3746 21 4 48 95 99
3747 23 73
3748 47 13 21 71 67
3749 70 14 77 5
3750 28 66 45 9 99 16
3751 97 19
3752 15 41 1 101
3753 1 87
3754 22 98 92
3755 70 5 20 38 25 22
3756 71 53 29 14 12 97
3757 87 51 57 94 36
3758 45 95 1 66 62 64
3759 82 46
3760 84 58 36 11
3761 32 25
3762 32 55 44
3763 43 21 5
3764 76 39 1
3765 41 16 27 84
3766 7 57 88
3767 6 56 65 43 68 71
3768 25 8 65 100 6 84
3769 10 33 58 84 6 19
3770 12 7
3771 79 88 18 57
3772 18 64 33 26
3773 74 21
3774 83 2
3775 54 6 17 19 29
3776 95 92 16
3777 61 57 76 62 32 17
3778 64 51 93
3779 40 8 95 31 36
3780 19 41 10 20
3781 86 93 65
3782 85 79 71 34 72 94
3783 41 14 100 72 20 98
3784 14 44 42
3785 17 61
3786 51 67 18 49 65 93
3787 69 100 41 35 43
3788 16 83 29 66 41 91
3789 34 96
3790 15 86
3791 85 16
3792 74 35 42 19 20 77
3793 40 93
3794 85 69 32 50
3795 85 26 46 31
3796 32 66 34
3797 72 96
3798 73 38 24 77 73 1
3799 47 72 78
3800 4 29 4
3801 4 55
3802 20 37 60 72
3803 63 24 13 87 82
3804 73 89 76 22 87 72
3805 79 43
3806 55 67 26 25
3807 69 51 20 90 37
3808 63 61
3809 81 90 73 5 24
3810 51 87 48 31 72 68
3811 39 100 44 42 3
3812 1 81 91 78
3813 11 20
3814 68 98 95 27
3815 72 72
3816 55 14 8 52 60
3817 95 80 77 95
3818 4 88 84 67
3819 40 85 35 101 61
3820 9 70
3821 99 20 88
3822 86 5 93 56 24
3823 32 1 97 7 40 48
3824 85 101 77 20 98
3825 75 25 11 66 10 77
3826 69 38 73 56 24
3827 67 74 35 34
3828 80 64 32 84 16 47
3829 97 87 55 33 12
3830 99 19 90 61
3831 4 31 39 51 68 100
3832 40 31 52
3833 70 69 71 73 75 61
3834 54 70
3835 82 63
3836 75 41
3837 30 53 31 62 87 49
3838 28 38 39
3839 46 99
3840 45 11 34 88
3841 11 56 94
3842 68 90
3843 8 19
3844 23 51
3845 57 36 37 3 84 92
3846 78 94 7 62 56 38
3847 89 74
3848 82 81 77
3849 32 54 100 55
3850 21 20 31
3851 4 27 65
3852 36 44 74 6 19 41
3853 5 66 13
3854 7 83 43 36 28 88
3855 72 34 24 8 49 74
3856 85 36 73 60
3857 78 68 12 27 16 77
3858 62 91 72 27
3859 56 21 24
3860 45 8 90 53 81 60
3861 32 77 36 71 69
3862 8 87 39 94 33
3863 30 46 77 11
3864 29 59 2 56
3865 85 71
3866 14 34 96 99 41 74
3867 34 48 63 57
3868 50 90
3869 74 40 5 28
3870 83 12 70 34
3871 17 94 19 91 75
3872 53 69 10 34 94
3873 57 94 62 47 1 73
3874 45 72 46 13 21
3875 37 22 97 57 1 15
3876 55 35 97 77 15
3877 1 21
3878 37 7 15 10 25
3879 32 97 21 83 6 8
3880 80 41 4 63 56 45
3881 50 14 72
3882 24 79
3883 53 43 53
3884 64 93 47 70 36 19
3885 83 45 54
3886 15 31
3887 65 82 31 4 96 8
3888 75 11 44 39 30
3889 15 74
3890 28 37 62 83
3891 12 34 96 4
3892 96 61 72 70 73 26
3893 65 89 73 7 87 10
3894 12 55 19 30 10
3895 32 39 49 19
3896 76 85 84
3897 81 82 37 53 6
3898 53 98 70
3899 42 34 50 56
3900 59 12
3901 34 62 6 60
3902 26 46 43 70 3
3903 81 26 52 16 92
3904 56 47 52 54 44 77
3905 100 23 34 45 48
3906 8 20 2
3907 37 25 37 76
3908 31 49 74 18 24 26
3909 79 39 27 33
3910 23 51 28 6 75 17
3911 60 24 60 99
3912 84 48 72 47
3913 34 25 42 23 63
3914 41 46 39 60 50 29
3915 77 60
3916 3 98 36 86 76 21
3917 75 88 76 63 87 6
3918 99 2 48 67 14 9
3919 80 20 27 49 82
3920 25 83 72
3921 40 30
3922 28 34 91
3923 23 77 95 83 51
3924 100 43 70 51 96
3925 36 45
3926 16 1
3927 7 3 6
3928 19 53 71 11
3929 21 87 46 42 18 63
3930 86 60 90 51
3931 97 84 91
3932 47 66 21 91
3933 30 86 47 32 6 51
3934 27 61 26 12 13
3935 20 51 11
3936 58 96
3937 73 57
3938 62 59 57 47 9 41
3939 12 64
3940 29 60 13 2 21 24
3941 69 96 74 91
3942 49 30
3943 22 41 94 34 33
3944 95 28 13 92 69 75
3945 99 90 30 55 12 84
3946 61 90
3947 98 39 101 84 32 6
3948 80 60 54
3949 52 23 46 67 16
3950 64 35 56 25 28 97
3951 46 22
3952 54 79
3953 50 82 49 60 28 67
3954 54 21 87
3955 45 91 46 10 26
3956 1 35
3957 13 66 12 3 47
3958 56 62 18 28 40
3959 94 68
3960 54 16 64
3961 95 19 11
3962 33 55 23 40 1
3963 22 91
3964 58 86
3965 95 29 63 67
3966 34 32
3967 41 79
3968 69 6 64 48
3969 12 58 3 38 89
3970 25 32 89 20 25 13
3971 75 55 21
3972 47 24 16 65
3973 26 88 68 84 8 77
3974 57 84 53
3975 73 67 27 43
3976 93 100 52
3977 73 100 98
3978 61 47
3979 69 6 36 79 67
3980 31 62
3981 44 13 60 92 5 47
3982 72 81
3983 67 62 26 73
3984 8 44 73 3
3985 30 43
3986 35 78 4 47 44
3987 90 17 84 41
3988 63 9 41
3989 49 12 77
3990 94 93 25
3991 83 72 64 62 74
3992 100 48
3993 90 36 65 59 72 26
3994 13 27 34 7
3995 84 55 33
3996 91 31
3997 51 28 42 2 15 18
3998 1 33 37 36 1 19
3999 91 29 94 37 83
4000 54 41 75 63
4001 87 80
4002 7 35 68 31
4003 27 11
4004 39 25 14
4005 51 36 14
4006 91 66 55 20
4007 71 15 73
4008 94 3 90 95
4009 54 32 27 80 69 38
4010 82 18 41 75
4011 93 6
4012 75 67 42 73 79 48
4013 57 85 67 99 55
4014 30 25 48 62 76 60
4015 40 53 54 43
4016 90 25 84 20 70 40
4017 57 25 94
4018 10 54 100 26
4019 28 29
4020 99 60 19 95 82 65
4021 1 45
4022 48 76 84 69 10 53
4023 48 87 65 37 4 13
4024 17 77
4025 45 58 13
4026 34 85 52 96 23 55
4027 71 40 17 16 84 61
4028 13 24 18
4029 12 28 73
4030 27 6
4031 74 88
4032 39 90
4033 12 64 63 99
4034 70 54 56 19
4035 55 61
4036 10 58 5 45
4037 3 75 1 77
4038 79 53 13 97 101
4039 69 18 34 75 20
4040 32 57 68 74 81
4041 25 69 75
4042 22 5
4043 32 98 78
4044 72 95 57
4045 22 17 66 67 74 71
4046 41 24 35 34
4047 100 97 94 50
4048 25 79 70 62 8
4049 67 15 83 33
4050 91 26 9 97 23 41
4051 15 80 88 86 60
4052 98 82 14 25
4053 72 26 8 63
4054 18 55 87 24
4055 32 99 82 58 31 26
4056 65 67 79 1
4057 20 41 37
4058 40 69 23
4059 70 101 53 95
4060 11 6 53 89 29
4061 64 19 59 3 88 97
4062 34 57 62 86 19
4063 96 89 72 38
4064 5 29 68 42
4065 82 24
4066 20 49 98
4067 95 73 64 23 45 70
4068 48 74 19 89 18 32
4069 4 91 71
4070 48 11
4071 52 99 17 22 31
4072 72 31 35
4073 79 14 51 38
4074 83 78
4075 88 96 72 5
4076 42 13 39 29
4077 33 88 67 76
4078 65 20 46 7 54 70
4079 90 46 69
4080 100 13 75 40 34
4081 28 17 54
4082 97 22
4083 4 19 47 12
4084 91 33 72 16 82 42
4085 17 46 57 53 50 44
4086 1 43 37 23 85
4087 87 21
4088 90 100 70 85 89
4089 96 44 10
4090 98 25 85
4091 42 30 26 15
4092 65 51 54 67 96 57
4093 43 63 27 76 59 84
4094 43 83
4095 65 8
4096 95 52 74 17
4097 35 77 83 47 34 39
4098 96 26 20
4099 13 41
4100 5 27 17 86 44
4101 7 2 68 66 71 6
4102 65 49 71 100 44
4103 2 9
4104 53 83 54 4
4105 6 67 58 93 82
4106 78 8
4107 78 100 72 90 32 11
4108 98 33
4109 98 78
4110 60 50 8 38
4111 52 42 61 48
4112 30 69 8 6
4113 8 100 54 83 35
4114 81 17 63 61
4115 95 22 29 27
4116 86 94 76 18 4
4117 17 91 93 21 29
4118 10 91 51 42 86
4119 2 63 39
4120 47 95 31 59 73 71
4121 1 78 76 32 93 25
4122 19 3
4123 31 35 43 71 52
4124 72 8 73
4125 59 35
4126 34 68 17 101 4
4127 46 48
4128 16 30 68
4129 88 93 36 87 53 55
4130 76 26 66 29
4131 59 65 68 15
4132 59 12 47 46
4133 71 30 31 5 91 20
4134 52 97 53
4135 17 24 76
4136 16 23 3 76
4137 4 7
4138 97 19 83
4139 18 79 56 69
4140 29 31 65 72 43
4141 52 18 79 38
4142 56 25 17
4143 77 43 78 86 87 99
4144 55 63 47 18 42 53
4145 22 40 51 42 33
4146 67 1 25 21 78
4147 44 54
4148 25 98 62 91 6 18
4149 95 81 39 64 25
4150 18 4
4151 21 64 80 32 43
4152 98 40 41 21 3 91
4153 82 33 95 2 17 44
4154 4 100 80
4155 55 91 13 3 10
4156 48 85
4157 16 67 28
4158 59 74 10
4159 57 40 8 5 12 29
4160 67 100 22
4161 42 98 5 80 37
4162 10 18 56
4163 75 45 14
4164 92 70 36
4165 77 50 53
4166 55 101 15 2
4167 43 25 15 85 56 40
4168 66 33 62 69 5
4169 79 30 99 75
4170 23 45 13 35 96 88
4171 62 68 77 56
4172 69 63
4173 87 66 5 78 30 90
4174 62 88 35 68 25
4175 14 49 80 90 28 50
4176 34 89 31 94
4177 98 91 41
4178 42 64 6 67 100 66
4179 94 79
4180 10 38
4181 98 101 12 40 39 26
4182 57 57 74 90 46
4183 58 18 78
4184 20 8
4185 8 79 33 64 78 87
4186 73 32 4
4187 61 62 26 39 34 10
4188 66 18
4189 90 68 82 85 44
4190 80 74 59 10 87 79
4191 8 56
4192 54 46
4193 17 67 44 27 36 59
4194 35 98
4195 26 43
4196 86 18 93 61 8
4197 93 44
4198 37 89 54 3 23
4199 48 88 37
4200 74 58 43
4201 50 64 57 28
4202 38 63 27 30 41 19
4203 77 59 25 90 38
4204 46 89 5 62 22
4205 12 30 68 86
4206 6 98 66 69 39
4207 82 100 75 82 78
4208 68 96 48 41 24
4209 53 45 32
4210 74 67 5 84 79 2
4211 42 6 78 31 17 96
4212 75 35 72 42 87
4213 88 69 4
4214 36 98 66 16 92 100
4215 28 76 66 62 61
4216 4 35 57
4217 59 66 2 77
4218 23 24 12 22
4219 99 18 98 94
4220 27 66 74 23 34 35
4221 4 23 46 16 91
4222 43 73 25 64 48 66
4223 63 28 48 56 1
4224 82 34 30 4
4225 82 27 82
4226 55 30 59 71 66 58
4227 30 37 25 101
4228 92 66 20 24 28 99
4229 42 72 78
4230 73 53 76 11
4231 40 18 39
4232 39 85 50 44 11 94
4233 1 4 26 9
4234 78 97 94 12
4235 28 89 79
4236 59 98 49 14
4237 95 76 58
4238 9 42 66 62
4239 54 71
4240 42 15
4241 89 69 62 76
4242 1 6 25 5
4243 68 32 63
4244 81 79 13 89
4245 79 67 72 45
4246 75 100 17
4247 6 53 64 74 40
4248 39 100 35 78
4249 89 1 14
4250 52 93 75 56
4251 74 79 16 56 2
4252 72 88 49
4253 84 44 68
4254 12 82 14
4255 77 94 49 1 46
4256 39 30 43
4257 52 25 68 49
4258 45 63 1
4259 51 19
4260 38 32
4261 27 81
4262 97 14 91 34 5 33
4263 21 1 76 30
4264 8 59 69 38
4265 14 22 11 23 55
4266 37 75 9 15 11 66
4267 35 16
4268 60 91 35
4269 10 87 56
4270 84 73
4271 75 39 72
4272 82 53 24 50 34
4273 92 87 71 91 57
4274 60 17
4275 25 54
4276 10 53 15
4277 99 11 70 34 3 83
4278 91 95
4279 38 78 18
4280 17 30 73 51 83 94
4281 67 77
4282 71 88 22 31
4283 56 45 8 71 82 24
4284 24 23 90
4285 51 27 65
4286 98 52 51 43 76
4287 17 45
4288 13 18
4289 84 56
4290 42 99 10 22 13
4291 80 63
4292 6 26 72 24 6 65
4293 2 93
4294 13 37 10 95 84 76
4295 39 20 100 91 76
4296 46 32
4297 87 38 15 74 54
4298 14 56 13 86 59
4299 72 79
4300 52 23 26
4301 56 51 97 31 4
4302 48 30 67
4303 42 2 26
4304 63 98 54 90 4 51
4305 59 49 76
4306 55 42 26 83
4307 1 67 55 9 10 41
4308 77 81 2 32
4309 79 5 54 15 86
4310 67 78 4 21
4311 85 32 9 1 95
4312 76 98 90
4313 60 95 1
4314 36 57 47 49
4315 55 40 77 97
4316 47 73
4317 19 39 89 87
4318 8 60 5
4319 92 96 91 93 87 68
4320 88 52 91 8 86
4321 91 11 5 32 30 87
4322 2 45 37 28 16
4323 93 91 55 67
4324 43 26 47 58 37
4325 37 98 31 64 97 77
4326 62 97
4327 54 89
4328 11 60 71 63 26
4329 92 36 33 90 70 101
4330 100 101 47 4
4331 47 18
4332 58 71 98 47 50
4333 13 100 22 9 88 55
4334 88 46 71 22
4335 24 60
4336 56 69 37 34
4337 17 46 42 55 60 5
4338 5 40 2 42 62
4339 3 28 69 25 6
4340 88 66 18
4341 52 62 71 46
4342 95 88 47 90
4343 61 51 88 97 76 57
4344 81 59
4345 57 6 28 36 83
4346 77 33 16 48 85 49
4347 45 39 5 19 85 65
4348 49 27 78 80 72 73
4349 92 33 53 91 4 10
4350 76 4
4351 74 40 67 26 2
4352 12 90 11 57 94
4353 14 56
4354 96 93
4355 64 98
4356 44 37 5 71
4357 3 7 5 54 23 48
4358 15 41 89 72
4359 33 45 36 49 58 70
4360 3 52 11 86 48
4361 66 29 83 73 8 100
4362 13 54 15 37 42
4363 24 85 26 15 9 5
4364 80 81 40 16
4365 84 100 97
4366 7 23 73
4367 73 60 61
4368 48 52 60 13 89
4369 3 63 89 41 32 31
4370 89 78 74 101 56
4371 14 39 26
4372 88 19 38 64 8
4373 83 54 74
4374 42 90 96 36 29 24
4375 98 91
4376 6 79 91 22 51
4377 97 19 12
4378 16 52 4 67
4379 47 101 70 76 18
4380 46 17 82 62 72 25
4381 16 61 39
4382 48 91 72
4383 74 45 67 62 20
4384 4 41 44 47 59
4385 19 42 84 93
4386 24 35 31 51 61
4387 78 48 40
4388 83 30
4389 1 48 43 22
4390 79 13 75 66
4391 43 32 80 87
4392 65 79 88 39 25
4393 80 51 6 52 32
4394 37 44 57 32
4395 27 47 92 73
4396 100 11 71
4397 43 51 12 69 31
4398 45 50
4399 12 30
4400 29 35 49
4401 83 5 8 72
4402 33 37 94 2 63 50
4403 36 77 94
4404 61 18 19 49
4405 17 7
4406 54 96 40
4407 11 79 32 10
4408 21 19 55 73
4409 4 4 39 97 68
4410 77 42
4411 2 64 32 77 100 80
4412 58 71 55 100 77 60
4413 58 10 38 13 9 88
4414 83 56 98 24
4415 64 41
4416 88 32 72 39 56 45
4417 88 95 71 41 93 10
4418 84 58 7
4419 98 11 82 95 62
4420 9 16 58 71 65
4421 11 75
4422 65 83 27
4423 44 75
4424 37 38 11
4425 49 27
4426 62 87 38 91 89
4427 60 84 10 75 90 87
4428 82 8 37 82 27
4429 12 63 22 21 79
4430 66 58
4431 63 41 32 30
4432 22 10 37 71 63
4433 10 1 9
4434 60 52 61 54 71 92
4435 70 70 21 73 61 69
4436 5 61 100 62 63
4437 81 41 33 30 4 28
4438 98 21 100 36 31
4439 52 69 44 97 16 45
4440 94 57 92 49 76 53
4441 82 71
4442 100 14
4443 94 14 5
4444 41 26 11 62
4445 49 17 5 52 6 48
4446 1 87 36
4447 28 4
4448 47 100 75 66 31
4449 70 52 65 39 69
4450 84 33
4451 83 79
4452 55 72 24 74 44 85
4453 76 12 21 84
4454 16 70 15 2 85
4455 35 45 25 63 65 34
4456 5 38 53 27 55 61
4457 90 8 55 96
4458 18 57
4459 43 46
4460 43 78 71 60
4461 8 73 62 54
4462 63 55 7 82 66 5
4463 41 46 47
4464 76 24 38 2 92
4465 25 26 35 73 55 58
4466 66 12 37 60 73
4467 26 56
4468 55 55 93
4469 63 38 30 92 48 87
4470 60 13
4471 13 28 82
4472 48 32
4473 89 20 43 19 39
4474 73 5
4475 19 74 14
4476 38 97 68
4477 56 17
4478 48 38 18 73
4479 97 92
4480 56 3
4481 79 59 91 80 94 54
4482 44 7 49 59
4483 12 63 15 31 13 41
4484 50 40 13 72 12 26
4485 34 41 100
4486 85 5 93 24 1 22
4487 23 96 63 84 57 91
4488 50 1 35 3
4489 35 67
4490 99 34
4491 68 28 50 43 13 84
4492 32 96
4493 99 61 86 2
4494 84 36 54 77
4495 35 47
4496 89 17 93 23
4497 11 13
4498 23 23
4499 27 81 20 88
4500 15 64
4501 24 9 69
4502 6 82 39 96 71
4503 52 4
4504 1 3 68 94 11
4505 97 19 64 9
4506 53 71 78 75 55 32
4507 77 70 74 21
4508 42 24 7 15 32 35
4509 83 42 32 48
4510 73 85 51 25
4511 53 30
4512 99 24 100 57
4513 47 46 13 70 41 58
4514 65 84
4515 25 33 63
4516 45 88 30
4517 11 16
4518 72 16 48 70 59 74
4519 53 13 64 63 21 89
4520 95 2 81
4521 33 65 97 72 93 20
4522 28 89
4523 2 61 28 5
4524 97 7 35
4525 85 93 84 72
4526 93 11 86 6 57
4527 99 76 78
4528 70 65 87
4529 2 17 12
4530 60 12 10 82 100 52
4531 3 92 2 20 42 18
4532 82 99 32 40 15
4533 13 69 25 51
4534 56 35
4535 19 54 47
4536 14 63 15 78 45
4537 2 62
4538 58 74 38 2
4539 32 92 84
4540 65 63
4541 14 14 71 56 2 26
4542 64 5
4543 59 82
4544 29 35 31
4545 49 32 56
4546 35 1 73
4547 67 39
4548 14 101 4 81 57
4549 8 91 98 13 40 82
4550 56 57 28 81
4551 7 18 8 59
4552 1 4 98 84 74
4553 60 56 10 36 55
4554 41 36 68 28
4555 71 93
4556 84 29 70 50 63 27
4557 20 74 66 101 49
4558 8 77 28 38
4559 3 95 52 78
4560 51 47 12 38 79
4561 79 48
4562 39 2
4563 90 20
4564 100 21 46 99
4565 14 58 61
4566 42 36 89
4567 51 22 28
4568 85 30 12 91
4569 57 55 9 54 18
4570 74 16 98 7
4571 43 82 74 97
4572 78 51
4573 24 53 16 28
4574 72 86 6
4575 96 100
4576 23 80 60 96 4
4577 90 35 24 34
4578 82 33 76 100
4579 93 2 40
4580 79 70 95
4581 25 98 86 45 7
4582 2 78 68
4583 94 13 5 6 28 87
4584 1 34
4585 93 17 48
4586 52 99 39 65 14
4587 10 52 53 41 100 70
4588 70 15
4589 60 31 22 69 10
4590 69 55 11
4591 74 61 95 15
4592 72 84
4593 47 17 82 26 28
4594 75 45
4595 15 14 6 29 46
4596 93 87 52
4597 1 47
4598 76 89
4599 30 42 72
4600 2 13 4
4601 14 100 97 90 44
4602 69 68 47 2 72 20
4603 31 22 13 45 95
4604 44 10 69 73 80
4605 41 99 23 10 101
4606 53 73 95 5
4607 23 56 20
4608 16 14 95
4609 90 10 47 15 70 36
4610 11 66 59 50 38 90
4611 66 6 80 22 31 99
4612 68 35
4613 53 32 57 62 35
4614 55 50
4615 19 68 9 36 26 31
4616 89 4 88 46 39 83
4617 26 82 77 61
4618 87 39 77
4619 93 32 14
4620 55 27 100 73
4621 49 25
4622 18 43 71
4623 50 27 54
4624 30 71 39
4625 15 24 35 96 47
4626 79 30
4627 34 75 58 45
4628 1 1 98
4629 8 54 16 26 34
4630 58 80 66 46
4631 54 65 70 7 40
4632 100 30 37 85 54
4633 61 51 40
4634 81 29 86 16 43
4635 6 86 100 35 78 21
4636 61 32
4637 8 25
4638 43 45 10 81 95 57
4639 84 3 83 51 97 69
4640 26 76
4641 78 3 16
4642 81 20 52 75
4643 80 35 19
4644 6 82 53 1 23
4645 98 92 36 64 77
4646 23 80 84
4647 34 98 1 92 36
4648 24 53 64 20 65
4649 61 38 7 5 26 77
4650 10 24 47
4651 5 6 51 8
4652 24 94
4653 60 80 90 21 82
4654 42 44 101 12
4655 33 47 21 32 27
4656 88 93 37 12 77 27
4657 79 47 49
4658 58 43 84 19
4659 53 89 80 60
4660 52 43 101 12 51
4661 8 13 32 84
4662 57 12 83 32 70
4663 7 93 99
4664 79 96 57 83
4665 25 75
4666 63 53 86 14
4667 56 64 93 66 63
4668 18 15 87 2
4669 87 12
4670 8 28 15 43 46
4671 100 54
4672 34 25 61 35 11 85
4673 71 62 101 76 23
4674 20 21 67 35
4675 31 82 15
4676 46 71 65 92
4677 81 25 20
4678 22 80 4 55 98
4679 19 21
4680 91 92 50
4681 86 2 33 83 5
4682 93 83 99
4683 100 94 65 15 10
4684 30 96 27 11 75 89
4685 57 30 86 67
4686 44 89
4687 10 87 59 97 62 24
4688 36 52 51 5 30
4689 58 85 55 100 82 15
4690 24 80 67 36 9 90
4691 74 96 43
4692 19 74
4693 24 38 61 66 80
4694 41 5 13 9 79 35
4695 27 3
4696 26 87 71 48 94
4697 40 21 58 52 29 18
4698 58 54 27 53
4699 2 59 51 81
4700 54 86
4701 85 95
4702 13 52 2 32 40 63
4703 6 9 15
4704 70 87 83 7
4705 56 53 11 47 12
4706 59 17 36 56
4707 98 1 49 54 50 3
4708 83 2
4709 46 26 63
4710 5 24 47 68
4711 4 59 38 35 33 68
4712 67 18 20
4713 76 88 49
4714 7 100 57 70 16 96
4715 65 92 1 29
4716 69 15 67 1
4717 28 98 73 22 76 27
4718 21 43 64 93
4719 99 99 67 58
4720 51 99 95 87 79
4721 50 18 64
4722 36 70
4723 97 53 82 4 10 101
4724 70 47 15 29 93
4725 28 47
4726 36 20 47
4727 1 37 16
4728 9 64 31 11 18 37
4729 33 53 36 2 62 48
4730 93 24 47 70 9
4731 17 49 15
4732 14 28 70 24 95 98
4733 80 83 80 67 63 99
4734 56 24 92 17 33 26
4735 26 32 29
4736 11 13 101
4737 15 85 21 82 2 52
4738 43 56
4739 84 8 34 80 51
4740 87 66
4741 72 65
4742 56 56 29 41 70
4743 77 3
4744 26 9 7
4745 100 68 54 48
4746 57 19 42
4747 83 98 16 5
4748 29 30 96 98 5 63
4749 81 19 44 81 79
4750 63 73
4751 33 96 23 21 62 75
4752 15 11
4753 62 87 101 69 100
4754 74 42 29 101 100
4755 12 33 10
4756 40 24 51 73 63 41
4757 41 36 48
4758 24 31 79
4759 25 49 68 78 76 2
4760 10 101
4761 72 28
4762 47 82 20 98
4763 60 39 25 55
4764 54 52 54
4765 48 94 78 29
4766 2 78 63 88
4767 24 16 69
4768 12 48 82 94
4769 34 6 93 35 101
4770 51 50
4771 50 60 97 99
4772 19 20 64 62
4773 80 61 88
4774 45 92
4775 11 45 25
4776 46 52 25 58
4777 11 56 30 18 34
4778 43 1 59 4 2 3
4779 38 62 29
4780 28 66 53 86 50 22
4781 45 51 93 60 96
4782 82 49 32
4783 95 62 55
4784 40 2 42 25 70 76
4785 96 38
4786 65 50 87 61
4787 29 23 47 35 33
4788 32 86 23
4789 48 29 64 46
4790 17 20 69 35 71
4791 60 25 75
4792 71 83 34 60
4793 97 90 60 81
4794 92 23 97 5 88 95
4795 60 5 89 74 54
4796 79 27 5
4797 39 82 95 4
4798 70 48 80 46
4799 19 32 67 30 97 44
4800 37 7 88 60 49 17
4801 79 91 43 100
4802 39 58 40 15 28
4803 37 29
4804 79 19 26 79
4805 89 17
4806 97 12
4807 27 46 89 21
4808 29 14 47 57
4809 49 59 24
4810 10 48 9 41
4811 97 29 55 37 38
4812 17 6 3 68 33 84
4813 70 3 95 4 22
4814 77 93 29
4815 8 62 26 24 10 101
4816 45 93
4817 49 89 18 30 20 47
4818 30 19
4819 32 43 63 5 20
4820 76 18 62 78
4821 3 58 44
4822 99 88
4823 43 79 99
4824 92 101
4825 39 86 12 29 10
4826 74 41
4827 30 29
4828 26 59 73 48
4829 84 55 7
4830 2 8 2 101
4831 84 71
4832 71 79
4833 30 29 21 4 41 77
4834 82 48 32 93 64 94
4835 7 75 41
4836 80 88 16 35
4837 99 9 81 66 6
4838 81 12 64
4839 69 1 25 38 76
4840 95 64 79 92
4841 12 61 65
4842 88 81 80 59 91 94
4843 17 26
4844 10 39 12 72 38
4845 99 68 6 97
4846 72 45 23 34 43 101
4847 68 58 96 85
4848 11 10 96 45 84 21
4849 92 81 75
4850 28 8 85
4851 39 43 89 25 53
4852 64 96 43 42 46
4853 46 63 97
4854 4 7 98 54 77 60
4855 43 29 89
4856 47 44 19 67
4857 70 88 78 74 82
4858 75 42 14 16 41 30
4859 18 55 61
4860 42 44 18 56
4861 35 8
4862 58 65 46 33
4863 89 61 72 65 14
4864 25 28 88 77 62 40
4865 52 49 100 73
4866 75 70 91 17
4867 29 50
4868 16 20
4869 60 10 38 50 69 53
4870 24 8
4871 58 71 97 99 29
4872 37 18 65 64
4873 63 26
4874 38 74 32
4875 30 50 56
4876 13 38 86 27 12 13
4877 40 7
4878 14 28 47 7
4879 37 36 11 55
4880 50 80
4881 79 3 80 38
4882 15 64 79
4883 23 23 95 30
4884 37 79 61 82
4885 68 14 45
4886 5 1 95 73 62 97
4887 13 10
4888 12 90 7 100 29
4889 34 33
4890 94 1
4891 14 47 51 65 28
4892 80 91 26 38
4893 65 90 7
4894 29 93 98
4895 77 87 88
4896 23 3
4897 76 55 44 1 81 80
4898 87 97 42 14 18 36
4899 23 59 101 47
4900 92 59 15 57 34
4901 34 14
4902 70 38 57 73
4903 52 49 98 53
4904 82 75 1
4905 13 8 49 1 35
4906 85 11 93 92 97 55
4907 3 22 5 11
4908 25 20 68 71 14 27
4909 38 79 2 23 44 21
4910 68 89 26 84 24
4911 54 100 74 22 31
4912 54 94 65 37
4913 61 80 78 58 92
4914 98 95 18 26
4915 29 77 30 53 22
4916 2 30
4917 70 6
4918 92 20 29
4919 33 99 43 16 67
4920 42 86
4921 70 61 42 43
4922 40 33 6 37 97
4923 10 16 88 66
4924 18 21 97 52 10 17
4925 19 94 46 9
4926 55 11 48 34 80 23
4927 13 65 101 62 44
4928 64 96 55
4929 87 68 60 62 29 88
4930 49 96
4931 42 92 8
4932 2 68
4933 79 70 29
4934 18 32 90 86 6
4935 25 1 73 93 9
4936 32 86 39
4937 61 40
4938 29 7 8 16 65 90
4939 58 7 2 54 77 62
4940 62 90 86
4941 26 35 51 62
4942 3 33 44 100 39
4943 38 15 41 75 59 34
4944 15 12 76 31 62
4945 76 57 4
4946 6 16 44
4947 16 45 33 93 52
4948 49 35 18 21 49
4949 81 75 56 68
4950 64 18 54
4951 1 52 24
4952 9 14 21 63
4953 6 13 74 17 51 36
4954 10 59 50 86 89 37
4955 53 33 50 61 71 20
4956 90 82 73 33
4957 1 29 9 38 93 26
4958 53 99
4959 93 38
4960 69 101
4961 76 60 27 11
4962 22 73 46 20 88
4963 82 75 73
4964 33 15 92 37 63 45
4965 82 42 86 9
4966 85 77
4967 83 52 78 6 76 31
4968 72 72 48 12 44
4969 51 53 19 11 43
4970 36 55 13 27
4971 95 40 23 63 82 90
4972 27 58 19
4973 9 18 81 92 24 46
4974 30 92 24 87
4975 64 47 7
4976 84 13
4977 29 12 59 48 70
4978 42 70 46 74 58
4979 51 74 14 63 81
4980 16 25 39
4981 35 3 63 85 62 68
4982 75 87 88 70
4983 72 80 59 85 31
4984 31 51 64
4985 30 10 14 74
4986 18 33 16
4987 85 7 45 34 36 19
4988 23 44
4989 97 73 28 63
4990 75 67 83
4991 69 45 17 39 82
4992 69 38
4993 69 42 34 61
4994 97 6 71 69 76
4995 44 36
4996 72 10 21 29 55 91
4997 20 65 96 83
4998 81 84 91 23 49
4999 36 70 97
5000 68 87
