500 100
1 43 976
2 69 437
3 33 665
4 87 926
5 2 396
6 83 392
7 12 891
8 69 49
9 99 482
10 35 232
11 53 705
12 67 742
13 94 673
14 88 748
15 84 420
16 36 44
17 53 392
18 46 642
19 89 452
20 96 304
21 72 878
22 5 711
23 3 373
24 95 873
25 41 518
26 47 85
27 20 962
28 8 355
29 59 700
30 26 395
31 81 763
32 5 705
33 69 165
34 67 631
35 64 572
36 6 417
37 71 353
38 20 276
39 87 321
40 2 774
41 60 806
42 58 462
43 2 757
44 30 304
45 86 297
46 34 46
47 36 594
48 100 429
49 35 491
50 58 529
51 2 921
52 92 947
53 81 672
54 42 213
55 68 573
56 27 769
57 70 571
58 93 206
59 36 391
60 59 665
61 29 745
62 48 737
63 65 310
64 19 892
65 82 505
66 77 129
67 84 349
68 42 47
69 22 246
70 20 51
71 1 1000
72 30 745
73 32 574
74 88 966
75 78 661
76 17 557
77 56 742
78 67 42
79 24 993
80 49 481
81 89 984
82 55 129
83 55 310
84 16 30
85 23 456
86 78 413
87 42 338
88 16 911
89 42 564
90 18 835
91 94 693
92 93 874
93 8 789
94 28 658
95 48 437
96 17 793
97 32 604
98 90 522
99 22 406
100 95 628
101 47 961
102 30 432
103 5 924
104 20 991
105 1 326
106 21 854
107 52 596
108 46 76
109 89 462
110 33 733
111 69 941
112 61 580
113 7 549
114 21 739
115 83 54
116 91 316
117 25 922
118 53 968
119 75 893
120 47 162
121 87 208
122 18 311
123 2 337
124 41 959
125 1 749
126 13 430
127 94 467
128 25 597
129 100 519
130 18 986
131 35 675
132 39 669
133 51 407
134 33 502
135 32 145
136 1 650
137 10 214
138 52 334
139 91 309
140 1 92
141 27 554
142 36 847
143 86 655
144 43 859
145 81 227
146 67 395
147 67 786
148 62 682
149 34 804
150 12 725
151 94 551
152 1 173
153 30 702
154 24 175
155 31 969
156 1 82
157 71 942
158 65 629
159 81 553
160 51 902
161 1 81
162 89 767
163 55 696
164 97 993
165 59 151
166 48 64
167 68 951
168 60 196
169 79 94
170 74 701
171 67 883
172 9 316
173 79 495
174 25 704
175 33 246
176 15 53
177 68 878
178 1 753
179 81 168
180 60 771
181 12 95
182 76 944
183 94 477
184 4 444
185 30 193
186 21 333
187 18 377
188 74 76
189 74 893
190 70 984
191 75 965
192 50 372
193 100 816
194 24 898
195 13 835
196 92 46
197 27 325
198 92 824
199 72 725
200 37 86
201 80 573
202 35 826
203 52 140
204 93 215
205 98 204
206 70 945
207 12 895
208 51 696
209 55 937
210 37 237
211 2 796
212 6 576
213 17 27
214 30 855
215 7 856
216 88 885
217 94 593
218 88 991
219 85 291
220 61 164
221 100 68
222 85 219
223 15 628
224 100 858
225 96 871
226 58 659
227 86 635
228 65 659
229 13 95
230 63 363
231 100 118
232 61 818
233 8 904
234 55 229
235 93 659
236 64 619
237 54 136
238 26 838
239 33 994
240 7 787
241 54 662
242 15 646
243 46 125
244 95 246
245 48 469
246 84 525
247 77 90
248 39 48
249 6 110
250 74 677
251 86 152
252 77 249
253 47 188
254 93 330
255 4 819
256 80 785
257 76 689
258 43 341
259 13 425
260 15 599
261 64 695
262 64 718
263 1 397
264 86 768
265 21 58
266 6 969
267 31 235
268 13 232
269 65 894
270 11 975
271 25 23
272 27 700
273 35 284
274 29 811
275 20 866
276 22 558
277 84 457
278 82 220
279 9 883
280 45 790
281 24 621
282 9 489
283 9 1000
284 2 930
285 85 492
286 82 971
287 94 641
288 82 326
289 19 536
290 67 600
291 6 370
292 82 362
293 74 238
294 17 373
295 23 819
296 28 956
297 10 80
298 78 382
299 69 617
300 55 495
301 91 967
302 40 381
303 81 823
304 83 837
305 82 693
306 49 543
307 65 331
308 74 431
309 85 605
310 7 954
311 93 679
312 15 857
313 86 884
314 76 851
315 29 886
316 53 988
317 5 934
318 69 465
319 31 832
320 86 713
321 53 557
322 3 316
323 83 580
324 87 656
325 87 358
326 10 952
327 55 575
328 78 667
329 20 212
330 15 336
331 74 950
332 90 92
333 22 979
334 54 576
335 48 974
336 44 497
337 58 163
338 82 450
339 63 413
340 48 765
341 41 849
342 100 718
343 67 499
344 25 729
345 76 69
346 1 393
347 43 932
348 17 926
349 7 570
350 71 665
351 36 506
352 83 470
353 69 92
354 100 78
355 72 136
356 45 959
357 4 774
358 27 951
359 68 177
360 88 740
361 65 541
362 13 837
363 75 19
364 82 249
365 1 949
366 58 12
367 93 338
368 29 488
369 49 179
370 14 68
371 47 735
372 83 822
373 84 319
374 82 248
375 56 527
376 33 557
377 20 366
378 68 523
379 92 384
380 49 88
381 45 263
382 82 868
383 68 348
384 84 507
385 83 511
386 28 797
387 14 79
388 28 483
389 46 62
390 34 784
391 68 361
392 93 76
393 39 327
394 83 516
395 63 905
396 25 701
397 60 622
398 59 435
399 77 862
400 96 395
401 73 597
402 74 457
403 15 295
404 69 55
405 100 190
406 71 203
407 94 659
408 28 96
409 38 323
410 86 305
411 38 820
412 5 353
413 2 356
414 24 922
415 15 290
416 41 919
417 80 872
418 35 725
419 99 829
420 62 251
421 89 751
422 87 836
423 31 38
424 35 43
425 90 519
426 39 445
427 91 448
428 26 276
429 28 804
430 42 607
431 33 57
432 43 278
433 70 524
434 85 817
435 48 505
436 100 458
437 91 239
438 3 263
439 88 262
440 28 252
441 23 606
442 91 726
443 20 971
444 81 741
445 84 727
446 92 328
447 100 202
448 86 728
449 37 423
450 89 795
451 7 313
452 75 372
453 58 947
454 27 802
455 19 567
456 47 671
457 45 744
458 97 56
459 17 663
460 27 294
461 67 314
462 90 116
463 41 422
464 2 478
465 88 907
466 73 673
467 8 961
468 60 292
469 32 778
470 42 253
471 58 463
472 86 714
473 50 203
474 78 62
475 1 516
476 87 157
477 58 577
478 70 145
479 36 362
480 65 809
481 14 336
482 88 420
483 73 315
484 60 12
485 17 134
486 48 733
487 41 347
488 12 165
489 59 258
490 14 226
491 6 851
492 87 876
493 37 461
494 82 547
495 34 873
496 71 390
497 92 908
498 54 99
499 82 856
500 71 553
1 166 63
2 124 10
3 278 45
4 296 41
5 355 83
6 432 33
7 219 70
8 445 59
9 115 74
10 495 28
11 193 26
12 144 55
13 346 69
14 469 87
15 422 58
16 274 76
17 295 84
18 348 70
19 104 97
20 416 48
21 359 46
22 293 79
23 267 70
24 106 41
25 137 78
26 448 12
27 234 65
28 387 82
29 166 39
30 313 67
31 174 76
32 257 43
33 456 66
34 118 31
35 396 20
36 214 97
37 382 12
38 214 38
39 379 56
40 221 100
41 449 71
42 100 59
43 266 90
44 458 83
45 442 87
46 140 92
47 410 77
48 428 65
49 394 56
50 262 32
51 380 18
52 373 62
53 467 45
54 132 54
55 202 81
56 181 73
57 119 18
58 290 31
59 307 35
60 149 43
61 431 85
62 250 32
63 403 46
64 361 89
65 158 87
66 207 98
67 164 79
68 109 83
69 196 85
70 181 59
71 487 83
72 492 19
73 148 31
74 131 33
75 313 25
76 315 61
77 172 50
78 238 20
79 210 86
80 480 30
81 357 56
82 145 16
83 267 96
84 326 71
85 301 24
86 119 48
87 386 22
88 172 34
89 106 64
90 391 24
91 147 82
92 498 80
93 335 51
94 459 91
95 343 10
96 159 47
97 393 50
98 480 51
99 174 11
100 175 16
1 47 256 228 349 231 52
2 33 197
3 27 332
4 89 417 270 53 251
5 33 138 111
6 3 92 62 151 77
7 67 428 201 322 441
8 6 68 129 27
9 4 216 300 319 185 450
10 99 162
11 12 16 380
12 16 218
13 57 164 449
14 97 147
15 4 216 45
16 69 462 464
17 82 187
18 83 43
19 34 108
20 16 361 328 233 158 294
21 87 404 338 18 234
22 63 19 382
23 58 335 64 65 427
24 98 245 401 274 213
25 65 161 60 318
26 22 33 329 297 408 270
27 51 224 355 186
28 97 132 410
29 46 302 111 357 425
30 29 350 30
31 92 63 274
32 46 450 354 291 163
33 79 60
34 21 270 312 209 245 293
35 14 196 438
36 94 183 219
37 88 169 245 220 4 46
38 74 162
39 1 490 134 114 246
40 82 387 483
41 41 44 455 132
42 8 103
43 92 64 370 410
44 24 265 249 25 302
45 44 443 151 133 444 299
46 37 330 157 171 455
47 76 269 13
48 91 329 255 421 388 448
49 59 466
50 4 154 406 55 142 255
51 72 368
52 28 191 444 14 76
53 55 6 450 246 182
54 59 33 262
55 20 78
56 66 385
57 83 113 201
58 97 488
59 81 8 134 354 435
60 97 138
61 37 117 255 172 461 464
62 25 364 222
63 15 363 331
64 87 239 308 487 417 345
65 92 213 241 451 156
66 21 353 275 334
67 54 40 55 498 153
68 52 337 84 86 451
69 95 487 355 238 489
70 51 207 93
71 4 178 491
72 9 184 325 283 301 295
73 78 458 178 494
74 66 230 407 451 41 51
75 36 342 453 409 350 259
76 92 329 39 84
77 65 130 132
78 7 83 50 311 147 211
79 11 450
80 32 230 239
81 12 497 231 96
82 55 277 64
83 36 252 159 86 291
84 15 105
85 57 469 495 35
86 6 445 413 214 42 76
87 75 306
88 70 132 301
89 16 60 145
90 74 395 388 145
91 41 309 41 397
92 29 225 200 199 189
93 8 103 151 279
94 50 96 66 490 163 219
95 5 432 146 313 139
96 5 465 483
97 34 103 148 206 303
98 27 199 448 202
99 41 474
100 61 360 206 272
101 10 448 135 342 353 11
102 99 196 12
103 46 388 500 341 446 382
104 28 63 127 356 18 71
105 96 322 473 393 167 168
106 69 92 479 402
107 18 306 52 447 12
108 96 353 430 139 385
109 52 165 494 257 27 124
110 54 180 200
111 69 430 160
112 36 152 426 235 118
113 79 409
114 62 456 157
115 45 309 357 5 275
116 8 243 75 372 139 497
117 61 15 102 394 307 448
118 6 443 431
119 33 453 34 190 268 412
120 61 273
121 71 230 378 98 366
122 18 339 40 334 65 408
123 79 485 449
124 90 170 354 473
125 59 173 144 478 378
126 44 410
127 70 44 393 11 383
128 83 119 197 371 488
129 45 368 492 259 109
130 50 358 231 128
131 8 11 233 259 213
132 86 358 16 471 3 464
133 42 146 84 265
134 24 109 86 121
135 63 160 99
136 30 171 312 70 5
137 77 281 127 461 455 472
138 90 300 439 405
139 92 135 247 252
140 83 136
141 94 46
142 69 33 272 355 22
143 38 91
144 58 467 82 71
145 3 264 140 403 419
146 67 299 378 32
147 81 176 412 359 461
148 90 175 434 162 470
149 37 155 299 254 117
150 67 235 377 286 27 6
151 84 453 313 380
152 88 109 71
153 62 339 483
154 31 141
155 22 353 372
156 18 359 214 6 168 384
157 13 441 198 187
158 69 73 481
159 59 385
160 75 499
161 78 83 386 401
162 35 323 351
163 80 91 63 390
164 67 424 253 22 84
165 68 144
166 37 49 118 231
167 21 108 465 333
168 100 138
169 76 480 108 40 170 255
170 66 80
171 24 272 372
172 85 46 115 20 366 43
173 82 146 266
174 90 289 275 189 450
175 27 170 491 228 363
176 81 222 476
177 100 87
178 16 470
179 67 36 320 365 429
180 71 243
181 9 162 276 403 404
182 38 230
183 22 272 440
184 43 66 257 376 327 321
185 86 193
186 7 310
187 63 383 286 275 5
188 45 87 251 421 261
189 97 329 359 365 24
190 42 121 424 487
191 58 252 455 100
192 75 253
193 40 350
194 17 281 283 315 124 463
195 94 112
196 3 58 490 188 350
197 33 420 262 349 29 446
198 45 111 497 158 487
199 79 287 208 445
200 19 450
201 83 78 75
202 32 388 269 484 139
203 16 10 72 70 52
204 46 476 186 39 184 417
205 3 12
206 84 192 14 138 11 396
207 71 177
208 78 428
209 64 113 24
210 72 22 274
211 62 178
212 39 36 191 158 294
213 96 399 162 309 401
214 9 255 251 220 69
215 3 134 380
216 50 455 452 46 214
217 92 417 351
218 11 152 401
219 83 333
220 63 28 142 36 347
221 23 276 279 57
222 92 177 180 203 104 183
223 51 1
224 16 384 391 240 352 30
225 9 2
226 38 463 189 106 15
227 18 348 128
228 23 476
229 63 492 429
230 13 286 313 158 337 285
231 77 70 222 192
232 52 457 472 265 382
233 37 252 361
234 100 231 218
235 15 454 456 133 30 122
236 63 125 43 464 150 397
237 95 119
238 16 64
239 80 141 31 7 63
240 12 95 292 13 169 495
241 69 430 37 477 181
242 47 343 70
243 52 362 121 44 100
244 65 353
245 70 183
246 44 309 67 432 71
247 5 483
248 51 126
249 85 331 181 242 365
250 91 335 472 230 405
251 7 313 187 275
252 74 36 35 76
253 15 121 247 38 387 213
254 93 395 272 348
255 19 219 489
256 70 164 207 324 79
257 87 147 234 86
258 65 372 430
259 78 282 9 289 91
260 78 125 167 259 427 156
261 76 397 214 19 466 180
262 79 207 402 381
263 40 14 447 70 296
264 67 190 421 435 268
265 46 153 307 235 263 293
266 20 452 176 348
267 30 456
268 6 60 284 465 110 328
269 31 453
270 47 115 225 262
271 47 280 424 459 305 164
272 22 74 238 42
273 19 55
274 51 104
275 86 158 108 103
276 88 70 483 493
277 39 389 302 353
278 1 476 228 303 374
279 1 335 40 142
280 34 391 420
281 37 38 471 61
282 34 28 460 283
283 100 439 461 237 192
284 33 368 288 455
285 97 45 232 14 163
286 18 482
287 11 61
288 22 214 6 232 266 194
289 97 236 46 293 145
290 44 189 479 56 318
291 44 297 152 158 90 22
292 8 192 35 138
293 23 81
294 44 56 229 26 69 206
295 41 302 138
296 38 234 443 3 297
297 8 413 47 372 199
298 40 377 188 342 419 378
299 99 102
300 9 415 427
301 7 218 322 459 406 65
302 32 48 9 43
303 60 233
304 49 240 43 499
305 5 165
306 57 162 58 301 45 463
307 40 208
308 34 240 320 153
309 77 343 388 94
310 79 352
311 91 236 326
312 35 446 251 388 395
313 55 13 219
314 65 27 308
315 85 54 72 156
316 64 284 99 493 61
317 5 332 300
318 36 136 337 204 248
319 66 207 13 388
320 45 363 60 184 390
321 45 151 356 103
322 65 417 411
323 12 54 376 281
324 72 141 139 349 236
325 84 375 499 7 122 249
326 78 440 112 153
327 35 305 396 37 477
328 76 471
329 50 275 441 337 368
330 23 305 217
331 2 17 240 312 319
332 1 446 127 416 363
333 6 157 189 384 103
334 72 335
335 13 158 320 283
336 30 198
337 37 333 405
338 38 6 462 452
339 6 209 327 41 455 272
340 3 452 99 346
341 26 484 367 187 144 141
342 25 493 26 439 133 265
343 12 235 27 177 172 212
344 48 374 386
345 93 497 272 307 113 354
346 33 420 166 366 325 260
347 17 378 330
348 91 108 93 46
349 81 105 339 194 60
350 75 1
351 15 429 128 231 155 482
352 76 293 378
353 70 100 379 139
354 27 482
355 33 306 293 123
356 15 369 212 129 489
357 95 379
358 83 102 234
359 79 91
360 44 220 188
361 72 107 164 256 432
362 83 95 169
363 41 24
364 34 83 139 3 500
365 85 360 498
366 67 277 262 161 362
367 26 139 346
368 77 61 176 387 21 45
369 9 326 137 392
370 62 174 249 481
371 71 404
372 98 396
373 55 430 290 351
374 69 456 330 425 424 89
375 70 166 8 38
376 55 1 257
377 13 192 416 458 51
378 98 250 95 196 116 344
379 28 243 24
380 41 268 51 389
381 48 31 329
382 100 121 434
383 22 158 19 82
384 71 141
385 50 140
386 58 420 374 144 241
387 19 60
388 22 142
389 72 197 240
390 35 64
391 17 95 43 38 445
392 67 4 39 49 363 20
393 24 81 30 430 447
394 94 223 16 227 208
395 4 244 441 117 340
396 31 86 457 21 116 114
397 7 75 22 275
398 62 352 160 273 34
399 15 258 239 430
400 98 494 385 266 31
401 98 98 312 473 315 225
402 96 21 280 54 188
403 93 52 392 358 444 79
404 64 342
405 87 464 367 224 471
406 94 293 35
407 86 224 115 253 255
408 56 188 109 322 75
409 87 66 262 47
410 49 409 427 260
411 100 419 306 273 188
412 65 391 405 471 160 200
413 97 364 319 479 480 218
414 28 127 378 275
415 17 463 412 208
416 48 286 436 400 234
417 64 114 231 315 225
418 7 87 245 191
419 42 33
420 9 57 247 278
421 69 40
422 77 288 461 112 173
423 50 392 239
424 1 301 127 290 378 38
425 2 147 45 146 198
426 30 216 72 397 269 256
427 34 187 304 203
428 83 101 242 479 92
429 84 218 173 396
430 66 467 367 24
431 43 240 112 310 298
432 25 109 176 442
433 44 415 155 203 121 124
434 26 284 56 306 240 403
435 100 111 92 230 368 280
436 29 163 336 319 312 1
437 99 308 211 377
438 45 44 384
439 81 81 417 49
440 48 206 52 331 208
441 45 115 136
442 34 317 146 276
443 57 86 115 311
444 83 166 320
445 6 248 447 12
446 36 45 13 356 94
447 85 338 207
448 40 303 188 278 391
449 91 201 359 85 412
450 8 11 408
451 44 253
452 58 23
453 16 24
454 86 54
455 69 302 285 5
456 37 457 481 353 161
457 6 93 112 293 432 461
458 68 319
459 35 414
460 47 146
461 14 485 240 75 173
462 76 364 456 394
463 74 260
464 33 452 219 288 473 184
465 90 488 36
466 35 345 412 497
467 80 87 213 130
468 3 347 196 225 300
469 67 3 153
470 67 62 325 242 137
471 67 419 275 483 68
472 50 232
473 45 152 10 290
474 5 9 106 224
475 60 430 456 393 85 155
476 53 85 72 236 477
477 29 205 105 116 324
478 88 180 14 426 444
479 78 199 218 170
480 77 165
481 79 225 61 66 288
482 71 291
483 93 196 107 123 200
484 63 87 448 432 6
485 49 472 43 468
486 28 400 218
487 70 213
488 37 205 456 35 39 270
489 96 203 189 271
490 92 484 364 146 194
491 15 433 467 273
492 59 26 289 257
493 7 381 113 249 255
494 10 24 5 39 470
495 30 131 299 459 431
496 30 267 141 372 5 371
497 30 240 102
498 20 371 119
499 8 452 481 154 399 99
500 6 102
501 14 405
502 41 168 372
503 75 371
504 11 4 447 99 66
505 1 443 371 191
506 70 392 233 370 235 79
507 25 208 242 76 154
508 61 105 144 138 190 26
509 69 434 125 390
510 31 187 201 350 161
511 4 94
512 13 424 271
513 58 141 437 41 77
514 35 149
515 57 356 375
516 59 221
517 67 256 293 74 460 263
518 18 87 366 498 348
519 57 489 180 297 43 252
520 98 332 321 246 99
521 88 3 464 470 23
522 43 260 494 464 490
523 61 317 344
524 87 178 460
525 30 253
526 20 94 60 84 436
527 19 220
528 76 175 324 280 351 147
529 37 476
530 82 194 242 264 123
531 27 77 214
532 86 96 497
533 41 72 104 330 450
534 59 379 327 221 325 31
535 85 371 257 432 282
536 61 288 272 59 9 184
537 51 189 198 80 68
538 46 59
539 74 155 84
540 94 16 172
541 31 42
542 52 26 7 12 5
543 33 187 246 62 245
544 31 315 294 366 192 457
545 84 116 68 395 121 231
546 46 189 329 245 170 205
547 44 132 305 233
548 46 436 296 352 420 400
549 49 467 117 447 245
550 89 67 473
551 61 71 216 102 6 332
552 44 139
553 75 428 154 294 336
554 74 157 211 382 380
555 75 491
556 58 6 276 18
557 14 241 4 304
558 9 159 328 393
559 16 447 344 410 265 491
560 79 199 124 426
561 4 190 181 335 203
562 21 424 172
563 25 379 416 168 131
564 77 245 98 457 237 152
565 97 7 276 10
566 90 12
567 71 477
568 68 425
569 26 411 60 231 68
570 40 469 15 122 36
571 83 262
572 54 95
573 17 154 127 397 455
574 50 225 436 449 149 401
575 90 34 206
576 26 395 422
577 33 440 133 230
578 39 445 49 285 483 394
579 65 15 177 20 488 5
580 23 255 94 267 189 418
581 42 56
582 25 44 159 86 135
583 42 427 86 456 14
584 52 271 368
585 65 419 311
586 3 3 28 355
587 71 121 137
588 87 252 373 300
589 18 376 216 27
590 69 220 119 258 421 103
591 54 385 429 115 117 263
592 11 463
593 78 113
594 30 196 70
595 90 109 378 326 495
596 41 478 139 284 69 286
597 52 347 2 30 237 374
598 40 468 219
599 100 336 197 3
600 79 390 484
601 98 264 349 479 75 39
602 84 71 184 425
603 4 344
604 67 205 249 303 245 151
605 42 357 111 146 84 468
606 76 469
607 28 64 5 221
608 66 117 415
609 6 258 500 153 36
610 87 344 74
611 24 339 420
612 98 314 140
613 67 175 369 185 85 10
614 36 354 164 417 412
615 55 374 35
616 54 424 334 362 59
617 53 139 434
618 52 39
619 31 437
620 65 307 177 488
621 24 214 457 172 433 362
622 85 50 235 282 436
623 83 374 160 149 70
624 4 145 392 428 8
625 43 365 420 235
626 71 87
627 18 491 456 465 267
628 71 65
629 36 486
630 34 323 114 223
631 16 284 197 216 286
632 59 212
633 25 367 88 346
634 80 166 32 115
635 37 87 463 29 36 218
636 87 271 500
637 30 123 94 408 117
638 39 208 23 361
639 75 394
640 68 35 440 121 286 220
641 60 248
642 4 314 352
643 86 84
644 80 202 200
645 32 346
646 80 193 363
647 13 449 108 411 252 193
648 75 215 449
649 29 416 171
650 65 412 200 208 276 361
651 49 350 465
652 80 439 448 349
653 10 152 411 108 452 32
654 99 435 491 40 382 386
655 46 422 244 145
656 12 28 358 395
657 77 279
658 21 221 157 72
659 54 222 419 441
660 1 381 410 127 213 495
661 62 68 469 448
662 24 329 23
663 59 416 231
664 5 458 324 493 104 169
665 79 124 189 66
666 71 111 355 487
667 93 253 126 254 158 454
668 87 495 169 289 363
669 1 336 414 392 64 157
670 62 362
671 18 345 2 143 166 68
672 38 37
673 78 349
674 70 345 42 405 26
675 90 459 247 367 122 10
676 40 423 175
677 64 289 495 141
678 48 179 95 341 133
679 88 347
680 59 202
681 19 78 202
682 28 312 215
683 97 236 200 147 289 85
684 37 119 475 155 73 421
685 16 52 67 488 386
686 11 73 307 115
687 76 306 67 188 218
688 11 236 390
689 94 343 286 433 356
690 58 216 197
691 80 24
692 37 38 393 373 302 200
693 27 87 473
694 24 103 200 149 397
695 73 415 22
696 66 490 275
697 61 498
698 55 293 499
699 10 98 107 188 20
700 64 418 414
701 72 9 468 448 36 390
702 90 30 487 218 39
703 91 90 244 291
704 45 305 393
705 2 373 443 67 367 27
706 48 28
707 69 94
708 65 309 185 26
709 16 300 371 302
710 61 114 443 233
711 78 320 264 347
712 42 173 274 30
713 34 394 259
714 42 228 262 34
715 91 359 268 469
716 72 435 168 357 146 217
717 77 353
718 65 74 386
719 28 287 185 481 477 289
720 98 469 301 445
721 3 255 293
722 73 50
723 18 485 490
724 39 355 233 315 70 5
725 63 119 429 434
726 70 3 392 170
727 50 464
728 87 303 337
729 78 289 422
730 45 477 248 322 161 25
731 12 203 18 62
732 44 421 39 330
733 66 27 181
734 48 188 285 237
735 87 14 315 109 231 8
736 12 136 190 130 256
737 4 266 142 122 350 345
738 95 235 485 294
739 36 499 422 413
740 29 188
741 32 237 254 37 241 118
742 17 242 195 168
743 57 238 477
744 77 253
745 80 307 51 381 45 146
746 61 416 208 473
747 80 63
748 61 229 83
749 45 208 277 5 16
750 98 75 447
751 44 15 57
752 56 320 112
753 63 12 215 479 472
754 72 413
755 34 498 487 22 488
756 69 351
757 19 473 198 490 263
758 76 425 351 256 7 76
759 25 478 403 499 16 441
760 7 63 259 73 6 458
761 100 441 272
762 59 119 84
763 54 184 263 436 119
764 56 328 3 400 132 315
765 48 250 401 296
766 30 389 139 80 148
767 97 332 129
768 75 119 86 486 116 346
769 32 265 264 18 214
770 55 79 188 64
771 100 337 442
772 85 439 223 207 76
773 100 377 247 54 497 363
774 93 328 175
775 16 319 432 431
776 57 5 391 325
777 62 405 265
778 97 489
779 50 428 286 488 496
780 76 80 452
781 22 396 133
782 10 399
783 30 148 325
784 11 412 473
785 19 477 229 48 173
786 53 70 172
787 35 194 420 273 296 329
788 19 18 50
789 44 305 196 249 490 214
790 93 320 306
791 88 450 444 252 18
792 34 407
793 66 469
794 87 385 176
795 16 362
796 95 86 295 332 270
797 36 106 448 249 104 330
798 26 450 383 187 174
799 74 172
800 100 91 21 378 430
801 9 273 310 61 288 334
802 37 177 76 95 179 27
803 2 143 309 338 440
804 70 165 406
805 53 313 470 229
806 93 183 218 384 316
807 38 56 448 102 222 125
808 58 295 331
809 3 407
810 8 18 323 308 127 415
811 20 428
812 54 448 444 40 139
813 37 105 481 335 290 200
814 39 359 470 314 43
815 54 126 485 180 23
816 2 309 278
817 29 54 454 477
818 74 97
819 71 244 177 185 213
820 93 484 84 47 293 50
821 87 436 339 282
822 20 336 280
823 93 41
824 91 45 370 267 465
825 73 117 41 441 250
826 14 344
827 87 391 417
828 81 446 194 251 451
829 4 54 184 390
830 24 1 196 268
831 26 258
832 91 2 411 20 116 415
833 77 323 214 13 46 202
834 58 302 370 194 226
835 68 390 313 416 50
836 13 365
837 79 135
838 73 314 102 179 57 349
839 56 38 37 432 460
840 73 326 180 373 259 445
841 5 451 254 10 18
842 47 279
843 17 272 89 251 77 484
844 16 277 66
845 74 76 101
846 69 264
847 70 355 419 224 286 452
848 91 446 97 325 267 13
849 65 137
850 34 341 330
851 2 387 422 414 74 358
852 86 404 354 113
853 75 51 392
854 60 123 304
855 39 471 481 316 361 458
856 46 14
857 17 330 59 96 282 291
858 51 422 214
859 66 181 213 179
860 12 29 312
861 68 52
862 21 1 192 410
863 55 65 379 40 324 16
864 40 7 269
865 57 266
866 8 332 197 154 163 325
867 65 82 361 419 25 88
868 77 152 230 468 104
869 44 69 127 210 284 192
870 74 480 433
871 48 276
872 68 204 352 3 475
873 61 246 474 377
874 50 324 189
875 27 380 252 379 91
876 21 466 335
877 37 262 415
878 88 172 430
879 79 474 157
880 32 496 305 38 332 255
881 52 384
882 32 6 24
883 86 266 199
884 6 297 416 87
885 7 151 264 379 7 175
886 64 455
887 25 379 478
888 56 395 210
889 29 223 289
890 88 29 92
891 55 130 459 112 336 469
892 18 376 15
893 6 187 45 302
894 63 118
895 8 74 400 423 388 191
896 8 83 10 370 70 424
897 27 73
898 45 459 375 396 449
899 44 297 413
900 7 290
901 65 179 331 107
902 37 362 126
903 72 425 90
904 9 266 253 21 366
905 97 281 273 46 428 166
906 98 314 407
907 89 444
908 12 112 3 44 453
909 11 463 460 268 317 241
910 66 148 432 335 100
911 96 359 165 354 190 195
912 65 321 236 250 41 204
913 13 132 11 412 335
914 69 383 113 137 4
915 33 156 190 35
916 20 204 479 166 383
917 92 264 320 403 8 225
918 93 411 429 392
919 44 138 360 139 22 109
920 90 476 266 365
921 84 205 295 482 494 206
922 95 111 421 441
923 28 440 432 379 201 486
924 31 37 482 59 378
925 17 162 438
926 82 288 326 319
927 4 439 333 303
928 10 131
929 76 397 55 322 277 52
930 84 373 179 355 386
931 79 204 344
932 100 193 232 64 221
933 94 118
934 26 460 465 64 257
935 2 465 189 266 109 291
936 23 221 152 156
937 33 268 47
938 80 228 232 235
939 77 65
940 64 229 154 330 78
941 19 460 35 38
942 7 409 390 259
943 50 242 64 73
944 69 237 418 12 462 214
945 50 250 58 192 400
946 76 351 442 274 438 113
947 12 417 474 361 126
948 73 58 343 395
949 32 149 145 314 413 171
950 37 453 182 462 461 353
951 86 468 321 178
952 77 407 455 333 166
953 41 113 237
954 75 169
955 83 147 446 120
956 97 18 436
957 86 264 117
958 25 156 143 198 490
959 52 195
960 75 486 340 307 311 168
961 83 467 289 79
962 57 63 339
963 76 179 393 281 319
964 17 397 469 490 119
965 77 478 462
966 92 403 236 55 462 220
967 99 243 307 253 149 459
968 35 119 175 236 247
969 73 440 342 358
970 10 28 43
971 51 7 423 17 47 345
972 77 445 389
973 75 176 172 52
974 32 278 45 332 169
975 86 306 435 223 72 19
976 73 239 188 91 193
977 65 94 487
978 89 264 440
979 57 427
980 12 330 93 117 212 424
981 29 54 136 172
982 66 158 254 259
983 61 186 259
984 88 108 90 221 364 295
985 22 69 270 185 214
986 98 489 204 112
987 46 122 137 309
988 68 351 399 201
989 31 368 52 4 215
990 18 397 148 108
991 89 357 98 475 364 57
992 25 336
993 19 366
994 30 184 362 77 340
995 27 207 238 5 491
996 79 42 112 277 11 440
997 2 249 82 426
998 60 399 46
999 36 435 346 250
1000 85 394 183 97
