101 2
1 2 438
2 1 419
3 1 465
4 1 318
5 1 591
6 2 781
7 1 772
8 2 950
9 1 135
10 2 739
11 2 451
12 1 566
13 1 461
14 1 140
15 2 680
16 1 303
17 2 592
18 1 178
19 2 632
20 2 911
21 2 764
22 2 87
23 1 693
24 2 524
25 1 903
26 2 95
27 2 603
28 1 119
29 1 690
30 2 605
31 2 488
32 1 214
33 2 495
34 1 606
35 1 321
36 2 581
37 1 111
38 2 589
39 2 330
40 1 847
41 1 354
42 1 835
43 1 508
44 1 19
45 1 247
46 1 663
47 2 18
48 2 385
49 1 112
50 2 235
51 2 454
52 1 91
53 2 295
54 2 34
55 2 704
56 1 484
57 1 767
58 1 22
59 1 343
60 1 331
61 1 91
62 1 461
63 2 327
64 2 377
65 2 581
66 1 435
67 2 612
68 1 678
69 1 159
70 2 916
71 1 782
72 1 881
73 1 279
74 1 480
75 2 111
76 1 984
77 1 346
78 2 54
79 2 35
80 2 525
81 2 254
82 2 544
83 2 253
84 1 260
85 2 168
86 1 172
87 1 502
88 2 122
89 2 636
90 2 813
91 2 262
92 1 394
93 1 101
94 1 458
95 2 715
96 2 897
97 2 414
98 2 376
99 1 71
100 2 975
101 1 770
1 457 12
2 411 86
1 2 62 95 54
2 2 37
3 2 33 2 68
4 2 83 23
5 1 51 8
6 2 93
7 1 59 7 83 98
8 2 63 21 87 28
9 1 20
10 1 22
11 2 10
12 1 22 98
13 1 40 15 22
14 2 83 93 100 76 17
15 1 91
16 1 38 12 53
17 1 70 101 31
18 2 9 49
19 1 18
20 1 1
21 1 9 51 17
22 1 14 83
23 1 91 42 64 15
24 2 5 32
25 1 85
26 1 89
27 2 21 98 82 47
28 2 97 83
29 2 92 87 28 40 12
30 1 91 76 86 13
31 2 8 65
32 2 78 40
33 1 68 25 31
34 1 85
35 1 97
36 2 56
37 1 96 93
38 1 78 14
39 2 88 80
40 1 1 68 53
41 2 14
42 1 14 77
43 1 53 8
44 1 86 7 37 24 59
45 1 48 71
46 2 53 57 26 25
47 1 47 31 35 66
48 2 50
49 1 44
50 2 101 64
51 1 1 16
52 2 40
53 1 11
54 1 69 87 58 74 88
55 2 89 75 31
56 1 37 26
57 2 79 56 28
58 2 33 49 64 65
59 1 34
60 1 8
61 1 77 56
62 2 22
63 1 64
64 2 48 38 24 47 46
65 1 14
66 2 54 27
67 2 45 40 43
68 2 94 78 23 37
69 2 77 101 30
70 1 100 17 89 85
71 1 96 97 11 65
72 1 13 72
73 1 68 54 24 93
74 1 3 44 82
75 2 10 87
76 2 86 62
77 2 43 27 18 57
78 2 12 21 44 82 34
79 2 72 98
80 1 15 28 79
81 1 72 10 36 77 47
82 2 59 30 16 92 80
83 2 43 23 33
84 1 12 34 45
85 2 85
86 2 57 22 35 72
87 2 88
88 1 18
89 2 61 27
90 1 36 95
91 1 40
92 2 54 47
93 2 101 88 24 66 81
94 1 63 46 54 62 74
95 1 37 96 29 92
96 2 75 69
97 2 1
98 1 59 70
99 2 96 40 80
100 1 37 22 11 70
101 2 65 94 35 99 83
102 2 49
103 1 29 79 44 30 24
104 2 77 60 28
105 2 21 92
106 2 29 49 15
107 2 34 58 71
108 2 69
109 2 98 90 49
110 1 4 73
111 1 53 37 62
112 2 26 57 95 35
113 2 2 10 49 31
114 1 62
115 2 92 5 73
116 2 100
117 2 47
118 2 64 83 54 94 46
119 2 31 13
120 1 62 6 8 11 66
121 1 40 19
122 2 33 93
123 1 94 55 70 93
124 1 27
125 1 65 35 39 75 30
126 2 18 86 58 13 23
127 2 18 63 39 95
128 1 10 96 93 36
129 1 66 23
130 1 49 58
131 1 54 62 67 4 22
132 1 54
133 2 42 31
134 1 65 70 17 92 20
135 1 63
136 1 39 90 57 45 68
137 1 66 57 67 32 10
138 2 4 25 65
139 1 56 97 13
140 1 64 80 38
141 1 76 35 75
142 1 1 44 42 41
143 2 22 82 76 16 69
144 2 75 15
145 1 40 47 100 31 14
146 1 7
147 1 1 54 57 93 21
148 2 82 6
149 2 39 71 16 49 20
150 1 42 76 48 86
151 2 33 54 5
152 2 30 87
153 2 46 5 60 42
154 1 35 51
155 2 48 37
156 1 54 44 18
157 1 96 52 90 36
158 1 28 81 17
159 2 48 17 40 8
160 2 34 39 76 13
161 2 19
162 1 1 99 27
163 2 56 36
164 1 73 19 55 37
165 2 44
166 2 49 43 39
167 1 60 81 91
168 2 71
169 2 29 68 70 79
170 2 65 5
171 2 70
172 1 28
173 2 5 76 17 12
174 1 40 52 84
175 2 47 10
176 2 59 101 2
177 2 63
178 2 33 60 2
179 2 28 48 41 68 11
180 1 7 42 45
181 1 51 54 11 44
182 1 45 27
183 1 8 74 44
184 1 49 13 56 73
185 2 7
186 1 2 31 54 65
187 1 100 96 68 7 35
188 2 54 56 93 21 10
189 2 25 13 4
190 2 4
191 1 42 31 80 82
192 2 60 30 100
193 2 42 8 6 99
194 1 1 3 84
195 2 49 17 5
196 2 22 55 54 95
197 1 73 21
198 1 63
199 2 79 58 75 94 50
200 2 65
201 1 53
202 1 14 77 88 21 96
203 1 100 88 31 37 9
204 1 22 56 93 79
205 1 7
206 1 33 16 95
207 2 94 93
208 1 46 20 57
209 2 77 101 28
210 2 25
211 2 70 19 43 33 49
212 2 7
213 2 60 23
214 1 1 29 2 99
215 1 62 79 8 3
216 2 15 14
217 2 91 85 58
218 1 25 26 13
219 1 90 100 78 25
220 1 98 68
221 1 50 6 49
222 2 68 41 80 74
223 2 17 97 13 11
224 2 27 9 97 14
225 2 48 77
226 1 81 43 10 35 47
227 1 90 84 7
228 1 29 77
229 1 70 96
230 2 99 70
231 2 98 5
232 2 77 27
233 1 23 99 58 44 62
234 2 82 91
235 2 43 92 62 85
236 1 98
237 1 15
238 2 3 90 19
239 2 9 73 4 26 91
240 1 18 73 32 65
241 2 12 96 77 66
242 2 78 92
243 2 89
244 1 94 72 31 77
245 2 95 18
246 1 95 62 65
247 2 66
248 1 44 62 67
249 2 72 74 73 89 44
250 1 62 101 50 93 97
251 2 31
252 1 88
253 2 77 50 76
254 1 6 61
255 1 10
256 2 54
257 1 86 69 18 27
258 1 23 11 59 40 28
259 2 21 91
260 2 100 16 87
261 1 32 40 72 63 27
262 2 87
263 1 40 5 93 17 23
264 1 69 4 3 27
265 2 6
266 1 63
267 1 73 6
268 2 58 57 40 61 73
269 2 45 58 3 22 69
270 1 60 91 9 19 43
271 1 28 22 86 61 95
272 1 66 53 80 20 18
273 1 71
274 1 18 50
275 1 92 61
276 2 88
277 1 86 19 27 41
278 1 27 72 71
279 2 6 47 53 94
280 2 9
281 1 84 62 52 53 58
282 2 77 7 74
283 2 78 6 26 37 80
284 1 47 11 24 6 75
285 1 29 20
286 2 36 101
287 2 78
288 2 17 48 80 75 94
289 2 86 71 13 66 58
290 1 29 48 75
291 1 60
292 2 42 33 91
293 1 54 18 24
294 2 98 97 10 50
295 2 18 37 10 66 15
296 2 71 97 78
297 1 69 34 48 89
298 1 66 52 18
299 2 39 23 41 81
300 1 92 69 95 47 83
301 2 55 85
302 1 97 35 7 32 88
303 1 65
304 1 49 92
305 2 8 31 67 20
306 1 54
307 2 49
308 2 35 88 73 90 16
309 1 23 79 76 75 20
310 2 36 41 81 5
311 2 66 46 48 42 17
312 1 47 88 21
313 1 38 79
314 2 27 44 68
315 2 95
316 2 9 19 13
317 1 36 70 22
318 1 68 61 76
319 2 55 22 40 83 81
320 2 86
321 1 28 54 76 70 72
322 2 60
323 1 11 89 101 43
324 2 9 4 82 83 30
325 2 77 75
326 1 69 75 14
327 2 43 10 52 71 38
328 2 13 34 82
329 1 6
330 1 90
331 1 26 78 70
332 2 19 13
333 1 34 42 77 16
334 2 56 51
335 1 92
336 2 91 37 40
337 1 17 45 6
338 1 15
339 1 87 47 37
340 2 52 97 91 40
341 2 65 31 90 4 26
342 2 38 100 7
343 2 26
344 1 7 78
345 2 4 2 36 63
346 2 9
347 2 14 91
348 1 28 50 1 70 32
349 2 23
350 2 12 15
351 1 32 81
352 2 88 10 33 80 9
353 2 45
354 2 46 28 42 49
355 1 21 41 15 67
356 2 23 41 60
357 2 26 95 18
358 1 71 41 55
359 2 38 17 32
360 2 78
361 1 17
362 1 100 79
363 2 28 11 4 64
364 1 33 86
365 2 92 87 30 75 89
366 1 57 11
367 2 9 11 53 29 18
368 1 16 81 86 47
369 1 52 35
370 2 83 12 46
371 1 47 90 36 19 43
372 2 33 51 82 87 25
373 2 64 91
374 1 58 75
375 1 78 1 20 97 67
376 2 75 96 49
377 2 49
378 2 30
379 1 36 29 75
380 1 74 55 57 62 92
381 1 71 68 29 86 12
382 2 41 74
383 2 53 22 27 6 90
384 1 59 43 7
385 1 76 51
386 2 39 88
387 2 44
388 1 5
389 2 36 4 50 51 87
390 2 25 7 52 59
391 2 16 45 74 98
392 2 88 42 81
393 1 83 52 2
394 1 92 101 95
395 1 47 74
396 1 24 13 82 19 81
397 2 68 27
398 1 76 46 91
399 1 55 41
400 1 71 18
401 1 21 13 59 19
402 1 23 94
403 1 90 82 42
404 2 69 71 33 44 28
405 1 72 1 84
406 2 55 56 40 61 67
407 1 23 68 63 77
408 2 58 70 86 12 24
409 1 90
410 2 45 91
411 1 10 51
412 1 79
413 1 98 78
414 1 97
415 2 85 89 97
416 1 15 70 89 90
417 2 74 70
418 1 96 10 69 88 35
419 2 95 51 29
420 2 52 49 48 31 84
421 1 86 16 67 5
422 1 18 41 45
423 2 84
424 2 54 17 57 45 85
425 2 7 91 64 21
426 1 42 57 65
427 1 95 68 21
428 1 36 59 27 61
429 1 38 15 73
430 1 67 76
431 1 9 4
432 1 33 50 91 67
433 2 80 37 77
434 2 56 83 71 91 11
435 2 4 79 10 83
436 1 52 20 74 38
437 2 53 17
438 1 21 13 96
439 1 31 72 48 25
440 2 31 82 45
441 2 100 60 20 70
442 2 95 54 61 38 93
443 2 96 99 57
444 1 76 98 47
445 2 14
446 1 86 20
447 1 14 4 38
448 2 3 66
449 1 22 53
450 2 70 5 72
451 1 78
452 2 26
453 2 17 32 68
454 1 30 45 25
455 1 33
456 2 94 21 87 75 72
457 2 36 77 97
458 1 95 29 93 79 94
459 1 40 31 93 6 48
460 2 31 64 12 76
461 1 89 20 7
462 2 91 101 59
463 1 43 30 96 79
464 2 52
465 1 64 100 70 26
466 1 64 6 15 53
467 2 40 51 79
468 1 25 37
469 1 23 42 55
470 2 13 14 49
471 1 55 67
472 1 75 11 2
473 1 18 77 72
474 2 24 78 101
475 1 19
476 1 86
477 1 44 95 83 42 21
478 1 87 70 92
479 2 43 3 33
480 1 95
481 1 83 15
482 2 99
483 1 99 65 78 95
484 1 46 21 11
485 1 52 19 22 73
486 2 82 53
487 1 16 23 9
488 1 21 46
489 1 66 63 62 73 56
490 1 77 16 67
491 2 85 47 43
492 1 66
493 1 16 6 12 88
494 2 80
495 2 82 75 27 45 50
496 1 95
497 1 17 80 12
498 1 3
499 2 89 1 41 22
500 1 58
501 2 39 64 28
502 2 74 76
503 2 1 96 83 67 87
504 2 100
505 2 26 15 39 25 59
506 2 31 59 90 54 55
507 2 43 100 28 45 29
508 1 83
509 2 74 7 48
510 2 22 46 88
511 2 10
512 2 96
513 1 30
514 2 12 14
515 2 62
516 2 87
517 2 87 47
518 1 66 41
519 2 62
520 1 50
521 2 53 92
522 2 6
523 1 92
524 2 95 28 77 49 61
525 1 85 84 4 94 21
526 2 33 44 35
527 1 72 91
528 2 6 58 33 99 68
529 2 64 67
530 2 67 76
531 1 12 98
532 1 79 2 70
533 1 43
534 2 56 26 84 35 73
535 2 86
536 2 91 85 58 31
537 2 41 12 89 67 21
538 2 58 67 86
539 1 37 48 34 80
540 1 30 58 13 11
541 1 80 89 62 36
542 1 66 34 87 94 62
543 2 94 97 52
544 2 79 24 35 4
545 1 81 47 83
546 2 52
547 1 72 94
548 2 46 43 99 63 31
549 2 95 51
550 1 23 98
551 1 27 62 80
552 2 18 37 86
553 1 29 43 25 62
554 1 48 67 21 54 100
555 1 35 4 24 39
556 1 26 86 79 78
557 2 1 86 49 91 28
558 2 76 49
559 2 1
560 1 6 60 18 87 79
561 1 88 64 83 58 4
562 1 61 48 74 16 10
563 2 37 52
564 1 13 83 31 70 72
565 2 7 22
566 2 60 66 31 52 57
567 2 18 86 78 2 72
568 2 70 101
569 1 31
570 1 86 67 24 59 64
571 2 84 96 47
572 2 27 98 7
573 1 73
574 1 91 17 58 63
575 2 29 28 99
576 2 53 93 12
577 2 51 4
578 2 95 37 30 88
579 2 28
580 2 12
581 1 55 30
582 2 4 45 57
583 1 74 90
584 2 75 68
585 2 45 76
586 1 45 11 79 16
587 1 78 89 84
588 1 20 25 58 19 17
589 1 4 37 48 86
590 1 33 54
591 1 16 79
592 2 9 89 74 24
593 1 79
594 2 16 54 41
595 1 54 25 21 76
596 2 1 5 32 80 67
597 2 7
598 2 36 9 3 77 53
599 2 1 5 91 51 35
600 2 44
601 1 94 99 4 75
602 2 89 20
603 2 86
604 1 36 9 53 68
605 1 12
606 2 42 90 13 101 10
607 2 25 2
608 2 21 38
609 2 53 26 97 12
610 2 101 96 22 3 86
611 2 8 32 28 23 12
612 1 17 100
613 1 8
614 1 55
615 2 27
616 2 41 3
617 1 26 31
618 1 68 6 59 67 8
619 2 32 23
620 2 74 49 64 93 12
621 1 20 14
622 2 9 11 71
623 2 44 72
624 2 68 20 8 66
625 2 19
626 2 70
627 2 93 96 20 31 63
628 1 63 6 52 31
629 2 27 36 93 49 11
630 2 53 37 43 39
631 1 49 78 96 64
632 1 20 69 29 80 12
633 2 34
634 2 18 36 90 77 7
635 2 76 8 74 59
636 2 99 40
637 1 20 79 2 1 82
638 2 49 71 47
639 1 14 22 12 11
640 1 54 57 85
641 1 34 44
642 1 73 95 6 25
643 2 57 97 60 91 73
644 1 14 96 42 50 98
645 2 44 22 100 39
646 1 3 40 39 96
647 2 72 18 100 85
648 2 92 99 49
649 2 50 64 95 9
650 1 87
651 2 35 30 61 6 31
652 1 87 66 88
653 1 64 29 46
654 1 28
655 1 76
656 1 22 69
657 1 99
658 1 59
659 2 16 5
660 1 7 60 62 91
661 2 68
662 1 33
663 2 39 4 74 82 92
664 2 83 34 53 52 1
665 1 28 16 94 21
666 2 5
667 2 82
668 2 54 9 43
669 1 27 35 98 24 46
670 2 77 58
671 1 54
672 1 29 18 37 26 74
673 1 44
674 1 52 19 95 91
675 2 85 33 63 47
676 2 42 60 55
677 1 40 49 47 1
678 1 15 96 12
679 1 16 43 75 33 7
680 1 26 1 31
681 2 94 95 19 58
682 2 100 89 14
683 1 91 59 81
684 1 22 42
685 1 15 98 1 65
686 2 47 97 44 85 84
687 1 10 76 52
688 2 25
689 2 99 89
690 2 66 99 88 81 56
691 1 52 12
692 1 77 55 53
693 2 22 26 23
694 2 8 36
695 2 15
696 2 76 13 88 42 68
697 2 1 18 55
698 1 46 68 69 13 38
699 2 35 62
700 1 1
701 2 26 89 76 32 84
702 2 2 99 85
703 2 55 38
704 1 10
705 1 61 84 15
706 2 50 99 42 69 80
707 1 53 44 79 16 85
708 2 14 28
709 2 31 30
710 1 41 45 62
711 2 71 19 83 93 26
712 1 54 43 91 18
713 2 98
714 2 36 97 82 71 62
715 1 3 54 61 14 2
716 2 54 101 1
717 2 53 31 35
718 1 53 4 65 21
719 2 32 96
720 1 45 26 59
721 2 14 48 8 92
722 1 92 81 27
723 2 3 96 9 30
724 1 10 63 94 21
725 1 89 93 96 80
726 1 59
727 2 60 48 94
728 2 29
729 1 67
730 1 47
731 1 7 11 19 20 85
732 2 24
733 1 12 76 25
734 1 11 5
735 2 23 31 30
736 2 47 66 46 72
737 1 47
738 2 90 25 28
739 1 30 33 74 18 48
740 2 52 38 57 71 4
741 1 14 99 13 8 6
742 1 23 56 3 85
743 1 46 86 31
744 1 46 79 63 54 12
745 1 28 16 82 33 40
746 2 45
747 2 70 20 6 16
748 1 99 57
749 2 87
750 1 72 91 6
751 1 30
752 2 84 99 5 59
753 1 71 43 85 49
754 2 69 51 86 73 94
755 2 42 15 29
756 1 13 11
757 2 17 100 81 68 24
758 1 75
759 1 88 14 59 79 33
760 2 86
761 1 23 47 24 30 8
762 1 73 59
763 2 25 26 36 96
764 1 98 41 19 22
765 2 28 72 24
766 2 98
767 1 81
768 1 31 90
769 2 65 55 71 82 66
770 2 11 76
771 2 94 31 51
772 1 13
773 2 67 4 60 98
774 1 80 15 53 17 7
775 2 14 97 15
776 1 61 43 48 94
777 1 20 54
778 2 35 39 95 25
779 2 12 6 21 29
780 2 38
781 2 40 9 85
782 1 91 24
783 1 34 69
784 2 59 23 34 2
785 2 16
786 2 85 83 60
787 1 47 89 93 15 86
788 1 85 72
789 2 74 33 58
790 1 21 92 7 15
791 1 79
792 1 48 64
793 1 5 76 63 58 46
794 1 92 40
795 2 64 21 95
796 1 3
797 2 97 62
798 1 20 7
799 1 97 80 66 83 84
800 2 57 59 81 29 66
801 2 61 16
802 2 101 11 84 75 37
803 2 6 24 74 70
804 1 16 40 8
805 1 20 90 79
806 1 25 49
807 2 52 42 7 29 86
808 2 94
809 2 18 58 74 7
810 1 53
811 2 47 30 19 91 57
812 2 64 4
813 2 14 77
814 1 79 14
815 2 84
816 2 68 5 71 60 96
817 1 94 7
818 1 64 68 31 96
819 1 17
820 1 87 52 42 25 34
821 1 28 37 59
822 1 85 91
823 2 5 69
824 2 25 11 5 74 54
825 2 51 99
826 2 100
827 2 4 59 88 14 86
828 1 61 95
829 2 51 10 68 6 4
830 1 93 39 90 70 33
831 2 60
832 1 64 37 35 25 24
833 1 55 69
834 2 80
835 2 96
836 1 30 95
837 1 37 8 49 85 77
838 1 15 81 23
839 1 10 67
840 1 14 26 74 11
841 1 42
842 1 25 51
843 1 42 67
844 2 41 22 40 14 7
845 2 68 11 90 100
846 1 27
847 2 81 38 12
848 1 3 12 14
849 1 75 42 38 46
850 2 64 32 1 50 56
851 1 100
852 1 62
853 1 58 43
854 2 21 9 47 84
855 2 45
856 2 86 56 65 25 51
857 1 101 56 18 16 39
858 1 69 101 31 94
859 1 5
860 2 50 34 11 64
861 1 9 83 49 84
862 2 87 55 95
863 2 94 66 98 64
864 1 70 77 95 8
865 1 62 87 12
866 2 42 24 86 20
867 1 55 11 39 31
868 2 17 84 63 88
869 2 50 92
870 2 37
871 1 63 100 49
872 1 27 14 58 86 98
873 1 73
874 2 84 71 53 3
875 2 81 3 83
876 1 94
877 1 32 76 67 39
878 2 96 84
879 1 43 75 48
880 2 15 66
881 1 98 58 34 15 82
882 1 20 100 88 101 61
883 2 33
884 1 57 43
885 1 40
886 2 78 25 73 22 61
887 1 89
888 1 40 62 98 20 2
889 2 72 79 84
890 2 80 51 28 16 92
891 2 35
892 1 50 98 69 55 70
893 2 47
894 1 72
895 1 18 26 35 95
896 2 87
897 1 13
898 1 69 14
899 1 64
900 1 78 41 2 22
901 1 24 35
902 2 84 39
903 1 46 74 96
904 2 82 78
905 1 101
906 2 24 37 31 13 50
907 2 26
908 2 60 7
909 1 100 22 8 5
910 1 83
911 2 58 1 73 34 25
912 1 32 26
913 2 63
914 2 80 82
915 2 44 80 20
916 1 83 52 37
917 2 58 87 55 34
918 2 61 34 96 53 64
919 1 68
920 1 12 99 7 96
921 1 84
922 1 73 18 94
923 2 17 101 10 57
924 1 31 88 80
925 1 70 55 6 44
926 2 43 78
927 2 70 73
928 1 61 101 80 63
929 2 32 3 20 15 93
930 1 74
931 1 57 2 6
932 1 46 55 97
933 1 35 59
934 2 18 61 66 3
935 2 22 52
936 2 78 45 56 54
937 2 59 12 11 23 66
938 1 91 37 12
939 2 82 32 91
940 1 50 62 34 26
941 1 37
942 1 64 72 13 60 46
943 2 24 75 43 85 48
944 1 21 61 94
945 1 84 52
946 2 46 76 100 30 10
947 2 41
948 1 4
949 2 61 50
950 2 44
951 1 21 38 71
952 2 48 42
953 1 16 98 86
954 2 92 48 90 73 5
955 2 72 52 14 15
956 2 37 7
957 1 100 78 15 95 45
958 1 74 100 57 13 97
959 1 34 2
960 1 92 38 66 56
961 2 82
962 2 64 67 61 44 77
963 2 39 27 13
964 2 65 75 77
965 1 81
966 1 50 69
967 2 9 88 73 80
968 2 32 57
969 2 41 83 86
970 1 19 39 47
971 2 45 93 6 78
972 1 99 49 80 1 58
973 1 4 58 50 52 26
974 2 32 69 41 7 34
975 1 83 28 12 34
976 1 42 85 74 23 40
977 1 85 56 46 41 27
978 2 95 85
979 2 39
980 2 84
981 2 8 1 25 3 83
982 1 88
983 2 47 101 23 33
984 2 42
985 1 56 30 81 37 79
986 2 35 75
987 2 58 32
988 1 36 59 81 63
989 2 70 81 19
990 2 47 21 14 13 2
991 2 55 89 61
992 1 10 24 20
993 1 38 30 89
994 1 96 29 18 16 34
995 1 45 33
996 1 59 93
997 2 93 88 89 55
998 2 94 99 86 73
999 1 21 34 48
1000 1 12 34
1001 1 33
1002 2 36
1003 1 70 32 50 45
1004 1 15 3
1005 2 22 85 65 29 100
1006 1 39 12
1007 2 25 10 15
1008 2 95 18
1009 2 69 36 70 34 92
1010 1 34 25
1011 2 70 12 18 28
1012 1 62 98 48 60 3
1013 1 26 22
1014 2 26 70 66 38 48
1015 2 25 101 98 6 41
1016 1 43 89 99 92
1017 2 18 27
1018 2 8
1019 1 56 49 83
1020 2 33 80
1021 2 91 101
1022 2 95 75 21 2 72
1023 1 16 6 70 60
1024 1 50
1025 1 83 21 23 75
1026 1 44
1027 2 59 63
1028 2 100 95
1029 1 53 9
1030 1 16 76
1031 2 66 98 100 88 86
1032 2 17 42 28 8
1033 2 83 72 13 56
1034 2 46 40 34
1035 2 65 33 35 6
1036 2 72
1037 2 17 100
1038 1 7 64 43 1 94
1039 2 17 8 79 35 48
1040 2 40 11
1041 2 57 82 52
1042 1 86 23 47 29 27
1043 2 29 3 16 4 6
1044 1 77 81
1045 2 65
1046 2 24 73
1047 2 96 61 81
1048 1 29 24
1049 2 42 2 36 35 68
1050 2 70 82 3 76
1051 2 76 18 79 54 2
1052 1 12
1053 1 12
1054 1 56 81
1055 2 72 41 48
1056 1 95 76 8 12
1057 2 84
1058 2 18 47
1059 1 73 80 16
1060 1 48 21 78 13
1061 1 52
1062 2 78 10 89 91
1063 1 63 55
1064 2 101 34
1065 2 96 62
1066 1 21 6 34 22
1067 2 51 5 87
1068 2 46 19 77 74 42
1069 1 75
1070 1 39 16 70 96
1071 2 96 97 54 90
1072 1 74 76 13 9 64
1073 1 37 38
1074 2 85 45 26 57
1075 1 34 15 35 42
1076 1 73 16
1077 1 93 29
1078 1 50
1079 2 59 76
1080 1 85 25 16
1081 1 35
1082 1 85 59 55 75
1083 2 19 83 81 2 77
1084 1 38 3 43
1085 2 74 40 62 50
1086 2 59 63 48 95 89
1087 2 67 85 39 75 65
1088 1 94 45 35 97 64
1089 1 94 92
1090 1 43
1091 2 50
1092 2 93 70 66 37
1093 2 66
1094 1 98 27
1095 2 57
1096 1 36 47 96
1097 1 20 55 44 17
1098 2 79
1099 1 18 85 38 57
1100 1 49 18
1101 1 20 39 63 41 38
1102 1 71 62
1103 1 73 71
1104 2 63 65 50
1105 1 60 99 38 80
1106 1 65 58 19
1107 2 54 51 61 39
1108 2 45 62 49
1109 1 29 22
1110 1 63
1111 2 68 30 38 85
1112 2 13 80 50 14 90
1113 1 81
1114 2 16 30
1115 2 13 97 83 74 72
1116 1 46 51 27
1117 2 93 4
1118 1 24 34 59 72
1119 1 45
1120 1 54 74 53 30 24
1121 1 13
1122 1 49
1123 1 74 73 13 84 38
1124 2 25 40 68
1125 1 95 52 57 44
1126 2 14 77 47
1127 1 12 52 38 96
1128 1 70
1129 2 63 44 64 2
1130 1 75 36
1131 1 50 46
1132 2 36 17 83
1133 2 2 50 23 73 51
1134 1 28 32
1135 2 58 7
1136 2 24 65 20
1137 1 51 12 15
1138 2 100 86 79 94 80
1139 2 7 29
1140 2 8 33 99 20 23
1141 2 85
1142 2 56 60 19 51
1143 2 2 53
1144 2 70 56
1145 1 47 50 59 93 52
1146 2 37
1147 1 80
1148 2 92 62 7 61 26
1149 1 1 32 10
1150 1 14 7
1151 1 38 93 34
1152 2 99 36 88 45 61
1153 1 13 71 39 49 100
1154 1 40 4 47 15 29
1155 2 101 88
1156 1 38 8 18 39 63
1157 1 1 48
1158 2 77 17 7
1159 2 4 89
1160 2 22
1161 1 70 92
1162 2 70 4 21 16 57
1163 2 35 14 27
1164 1 53 22 60 11 45
1165 1 47 63 29 33 57
1166 1 3 99
1167 2 45
1168 1 13 99
1169 2 17
1170 2 97 66
1171 1 78
1172 1 49 53 43 80
1173 2 82
1174 2 59 99 50 13
1175 1 11 75 68 49
1176 2 73 59
1177 2 14
1178 1 50 74 82 2
1179 1 87 81 83 16
1180 2 62
1181 1 19 15
1182 2 47 91
1183 2 90 51 12
1184 2 5 24 11 31 79
1185 1 73
1186 1 36
1187 2 55 69 19
1188 2 52 55 4 2 78
1189 1 81 100
1190 1 64 31 5 10 88
1191 1 7
1192 2 91 1 90 94
1193 1 56 43
1194 1 67 84 85 92 4
1195 1 48 98
1196 1 45 4 88 38 8
1197 2 97 100 44 8
1198 2 93 3 56
1199 1 43 23 12 91
1200 1 85 73
1201 2 13 53 41 6
1202 2 90 83 46 8
1203 2 30
1204 2 12 11 51 90 33
1205 2 34 101 1 83
1206 2 83 71 86 64
1207 2 56
1208 2 88 80 83 22 73
1209 2 44 64 55
1210 1 55 82 72 89 63
1211 2 40
1212 1 45 43 75
1213 1 63 77
1214 1 21 90
1215 2 74 3
1216 1 38 95 66
1217 2 1 38 30 55 63
1218 2 25 86 92 64 24
1219 1 3 31
1220 2 64 42 23
1221 2 14
1222 2 83 40 70 81 75
1223 1 54 27 92
1224 1 64 86 49
1225 1 94
1226 2 81
1227 2 43 84 81
1228 1 70 68 25
1229 1 28
1230 1 34 89 28
1231 1 10 95 33 13
1232 1 62 97 79 80
1233 2 63 11 28
1234 1 89 85
1235 2 32 73
1236 2 82
1237 2 91
1238 1 100 78 45 2 87
1239 2 9 83 3 34
1240 2 15 71
1241 1 70 74 37 36 9
1242 1 75 14
1243 1 44 89 34 42
1244 1 60 13 62 4
1245 2 97 61 4
1246 2 61
1247 1 75 47 86 37
1248 1 4 59 27
1249 2 39
1250 1 54 98 72
1251 2 19
1252 1 12
1253 1 56 41 51
1254 2 48 64 62 25 83
1255 2 22 9 95
1256 1 97 52
1257 1 39 41 42 70 44
1258 1 15 66 31 64
1259 2 57 96
1260 1 82 94 85 91
1261 2 91 92 22
1262 1 51 36 25 19
1263 1 1 73 4 31 57
1264 2 19 93 77 49
1265 1 62 64
1266 2 50 67 11
1267 2 42 35 61 47 2
1268 1 79
1269 2 95 48 74 23 45
1270 1 41 94 52 68
1271 1 95 73
1272 2 90 97 88 58 49
1273 1 72 49 14 99
1274 2 32 53 35 12
1275 2 58 71 1 13 23
1276 1 97 95
1277 2 6 4 77 40
1278 2 99 49 26 6
1279 2 43 39 56 8
1280 1 70 28 42 7
1281 2 50 10 72
1282 2 71 14 27
1283 2 17 79 10 85
1284 1 75 66 38 2
1285 2 6 35 72
1286 2 37 31 51 14 43
1287 2 85 2 14 15
1288 2 3 70
1289 1 21 12 66
1290 1 89 77
1291 1 45 5
1292 2 43 14 51
1293 2 26
1294 1 4 39 77 27 92
1295 1 38 39 6
1296 1 15 79
1297 2 91 58
1298 2 56 87 47
1299 2 8 36 101
1300 1 76 95 41
1301 2 78
1302 2 26 29 7
1303 2 25 35 67 20
1304 2 62 93 101
1305 1 60 74 90 3
1306 1 49
1307 2 42 6
1308 2 55 10 88
1309 2 8 16 14
1310 1 62 39 51 75 36
1311 1 29 72 93
1312 1 34 63 67 73 75
1313 2 13 65 9 23
1314 1 71
1315 1 4 50 27
1316 1 78
1317 1 38
1318 2 9 65 10 13
1319 1 81 101 53 67
1320 1 72
1321 2 34 70
1322 2 58 26 70 25 29
1323 2 57 38 76 99
1324 2 53 33 11 91 24
1325 1 28 89
1326 2 91 33
1327 1 61 31 89
1328 2 29 15
1329 2 77 51 26
1330 2 79 61 26 54
1331 1 32 90 23
1332 2 69
1333 1 69 67 71
1334 2 5 60 50 7 39
1335 1 56 7 92
1336 2 79
1337 2 55 35 13
1338 2 46
1339 1 29 2 24
1340 1 1 34 65
1341 2 32 8 44
1342 1 85 24
1343 2 42
1344 2 35 57 93 28 74
1345 1 46 74 26
1346 2 50
1347 2 80
1348 1 66 32 78
1349 2 17 86 51 12
1350 1 59 88 54 84
1351 1 20
1352 2 14 93 10
1353 1 19 8 3 93 34
1354 1 8 32 78 100 95
1355 2 82 39 97
1356 1 100 25 49
1357 2 57 23 91
1358 2 68 8
1359 1 73 16 31 94
1360 1 88 51 99
1361 1 39 11
1362 2 46
1363 2 22 53 46 41
1364 2 57 94 45 44 72
1365 1 56 21 87
1366 2 87 56
1367 1 78 101 6 34
1368 2 29 71 88 64
1369 2 34 70 83 61 75
1370 1 72 46 10 21 98
1371 1 22 89
1372 1 13 87 84 23
1373 2 69 68
1374 1 87 8 17 60
1375 1 48
1376 2 66 39
1377 2 22 101 81
1378 1 46 16
1379 2 76 55
1380 1 25
1381 1 62 17
1382 2 53 14 47
1383 2 48 24 92
1384 2 6
1385 1 78 30 20
1386 2 43
1387 2 73 68 5 59 92
1388 2 18 100 1 23 75
1389 1 48
1390 2 32 41 87 51 50
1391 2 37
1392 1 19 67
1393 1 12 66 82
1394 2 38 64 26
1395 2 14 2 25
1396 2 28 71 88 33
1397 1 60
1398 1 4 40 63
1399 2 52 24
1400 1 27 28 91 51 58
1401 1 16
1402 2 21 88 92
1403 2 78
1404 1 75 95 62
1405 2 95
1406 2 91 24 47 86 12
1407 1 29 35 49 36
1408 1 5 101
1409 1 44 51
1410 1 17 22 18 15
1411 1 78 18
1412 1 101 91 53 29
1413 2 100 5 6 45
1414 2 7 14 50
1415 2 8
1416 1 81 14 89 47 25
1417 1 53 46 27 39
1418 2 90 71 40 59
1419 1 25 89 36 68
1420 1 78 70
1421 1 57 66 20 96 25
1422 2 11 33 97 36 3
1423 2 6 73 52
1424 1 43 5 13
1425 2 18
1426 2 75 70 9
1427 2 93 28 62 1
1428 2 61 31 98 6
1429 2 38 21 56 37
1430 1 8 53 1 60 80
1431 2 52 86 91 85
1432 2 29 14 46
1433 2 88
1434 1 50 75 51
1435 2 61 24 10
1436 2 76 32 54 17 64
1437 2 2 24 93 32
1438 1 88 49
1439 2 47 64
1440 1 50 95 24 52
1441 2 93 42 86
1442 1 49 70 31
1443 1 101 52
1444 1 8 14 27
1445 1 64 94 14 54 40
1446 2 3 75 60 51
1447 2 55 98 41 19
1448 2 5 6
1449 1 45 99 54
1450 1 35 89
1451 2 26 74 97
1452 1 4 71 37
1453 2 27 60 45 77
1454 2 38 9
1455 1 86 76
1456 1 79 47 9
1457 2 30
1458 2 15 83 56 63
1459 2 90
1460 1 24
1461 2 20 84 33
1462 1 56
1463 1 69 92 17 28 42
1464 1 77 76
1465 2 51
1466 1 72
1467 2 60 101 66
1468 1 36
1469 1 50 2 14 13 29
1470 2 23 40 19
1471 1 26 97 88
1472 2 47 51
1473 2 1 17 58
1474 2 2 74 23 91
1475 1 77 40 54
1476 1 27
1477 2 47 21
1478 1 96 60 43 33
1479 1 69 63 20 25
1480 2 44 49 53 40
1481 1 31 28
1482 2 3 54 30 23 1
1483 2 53
1484 2 39
1485 1 34 84
1486 1 31 83 38 15 26
1487 1 78 90 28
1488 2 27 62 40 31
1489 1 83 57 34 59 40
1490 2 92 80
1491 1 96 56 4 52 37
1492 2 40 60 12
1493 2 14 99 85 84
1494 2 73 16 69 70 61
1495 2 44 99 2
1496 2 90 88 9 62 13
1497 1 83 46 26 2
1498 2 53 88
1499 1 73 77
1500 2 73 44 4 33
1501 2 19
1502 1 42
1503 1 44 16 60
1504 2 8
1505 1 36 29
1506 1 93 5 68
1507 1 41 52 60 32
1508 2 72 97 71 81 10
1509 2 87 67 47 91
1510 1 96
1511 2 34 100 82
1512 1 2
1513 2 49 52
1514 2 30 80 3
1515 1 2 76 80
1516 2 93
1517 1 62
1518 2 19 9 69 34
1519 2 68 67 53 94
1520 2 35 45
1521 1 97 84 41 99 20
1522 2 82
1523 2 98 21 64 75
1524 1 17 81 75 39 63
1525 2 56
1526 2 90 73
1527 1 60 92
1528 1 2
1529 1 94 80 41 79
1530 2 18
1531 2 75 50 61
1532 1 81 85
1533 2 79 84
1534 1 51 77 6 98 100
1535 1 50 28 84
1536 2 32
1537 2 3 50
1538 1 26
1539 2 86 57 29 22
1540 1 65 5 76
1541 2 56 30
1542 1 98 88 61
1543 1 38 23
1544 2 81 12 41 2
1545 1 60 51 17 75 46
1546 2 71 79 98 25 54
1547 2 18 26 22
1548 2 15 24 22 52
1549 2 51 79
1550 2 52 78 33 39
1551 2 65 8 81 9 59
1552 2 42 73 85 53 24
1553 2 49
1554 2 4
1555 1 24 84 17 14
1556 1 29 81 73
1557 2 11 64 93 33 40
1558 1 7 31 43 87
1559 2 78
1560 2 64 25
1561 2 72
1562 2 73
1563 2 26 38
1564 2 95 26 38 54
1565 1 55 51 16 9
1566 1 71
1567 1 47 59 97 46 38
1568 2 6
1569 1 40
1570 2 51
1571 1 60 22 52 88 29
1572 1 21 22 41
1573 2 46 9 13
1574 1 67 19 52 72 3
1575 2 78 34
1576 1 9 52 67 18
1577 2 63 71 19 16
1578 1 38 29
1579 2 41 75 62
1580 2 33
1581 1 21
1582 2 5
1583 2 43 15 24 61
1584 1 3
1585 2 29 79 9 92 77
1586 2 94 53 79 35
1587 1 57
1588 2 42 17 45 71 100
1589 1 67 6
1590 1 10 58 20 36
1591 2 43 99 88 65 34
1592 1 32 80 85 15 49
1593 1 69
1594 2 6 25 32 97 14
1595 1 92
1596 2 36 28
1597 2 24 51
1598 2 43 18 26 34 57
1599 2 2
1600 2 65 53 27 81 41
1601 1 36 73
1602 2 59 20
1603 2 37 39
1604 2 32
1605 1 62 21 40 72 80
1606 1 47 101 4
1607 1 26
1608 1 65 56 71 66 2
1609 1 53 101 55 39 82
1610 2 94 85 18
1611 1 5 24 6
1612 1 70 47 63
1613 2 46 38 12 26
1614 2 48 63
1615 1 97 67 89 17 55
1616 1 92 40 61
1617 1 47 67 70 98 14
1618 2 53 86 19 4
1619 1 76 77
1620 2 4 65 25 9
1621 2 59 56 92
1622 1 66 19 16 42
1623 2 95 101 6
1624 2 82 68 39
1625 1 78 65 89 63 83
1626 2 85 73 49
1627 1 7 68 19 39
1628 1 69 98 67 78
1629 1 74 93 40 67 47
1630 1 38 29
1631 2 99 32 22 72
1632 2 36 37 52 42
1633 1 16 52 44
1634 2 72 75 55
1635 1 26 83 13
1636 2 8 3
1637 1 29
1638 2 14 21
1639 2 21 41 87 48
1640 2 35 95 68 100 42
1641 2 43
1642 1 62 45 67
1643 1 71 60 33
1644 1 11 82 15 75 25
1645 2 15 19 20
1646 1 88
1647 1 39
1648 2 83 91 78 71
1649 2 68
1650 1 77 63 7 99
1651 1 76 10 84 37
1652 2 30
1653 1 22 68
1654 2 83 90 100 10 66
1655 2 3 6
1656 1 30 31 59
1657 2 56
1658 2 55 45
1659 1 22 59
1660 1 34 26
1661 2 11 25 23 87 37
1662 1 28 26
1663 1 68
1664 2 81
1665 2 41
1666 2 25 34 79 10 59
1667 2 69
1668 1 88
1669 2 22
1670 2 33
1671 2 69
1672 2 36 24 40 25 86
1673 1 28
1674 2 75 60 66 44 37
1675 1 73 48 99 98
1676 1 5
1677 1 34 101 68 25 80
1678 1 42
1679 2 37 85 49 15
1680 1 31
1681 2 68 58 74 72
1682 1 15 69 60
1683 2 86
1684 1 12 33 64 55
1685 2 45 36 49 46 21
1686 1 9 82 55 30
1687 1 60 61 96
1688 2 94 85 49
1689 1 23 87
1690 2 92 57 50
1691 2 8 22 58
1692 1 29 24
1693 1 6 26 59
1694 2 36
1695 2 82 98 51 63 33
1696 2 25 59 17 39
1697 1 5
1698 2 62
1699 2 43 22 30
1700 2 50 91 87 35 9
1701 1 5 21
1702 1 99 19 32 15
1703 1 67 81 22 94 74
1704 2 7 49
1705 1 84 46 50 80
1706 2 89 24 11 101 69
1707 1 30 39 33 69 92
1708 1 36 85
1709 2 71 24 88
1710 1 93 37 39 84 75
1711 1 87 38 73 31 33
1712 1 91 6 81 35
1713 2 57 38
1714 2 44 101
1715 1 88 24 52
1716 1 18 49 7 62
1717 1 98 55 75 14 56
1718 2 46 79 21 76 20
1719 1 93
1720 2 11 14
1721 2 70
1722 1 23 21 36
1723 1 67 31 12 86 95
1724 1 67 61
1725 2 15 85 50
1726 2 63 9
1727 1 90 81 93
1728 2 44 58 45
1729 1 66 93 4 65 77
1730 2 13 88 15
1731 2 67 71 13 94 55
1732 2 19 55 59 86
1733 2 4
1734 2 35 97 1
1735 1 91 29 17 2
1736 2 12 96 101 26
1737 1 49
1738 2 73 93 31 42
1739 2 10 64 93 50 9
1740 2 25
1741 1 89 74 79
1742 1 44 80 4 12
1743 1 12 97 88
1744 1 52 37 56
1745 1 52
1746 1 69 34 13 54
1747 2 85 58
1748 1 37
1749 2 86 20 4 93
1750 1 78 37 88
1751 1 60 16 84
1752 1 72 23
1753 1 69 49 40 28
1754 1 94 93 67 62 24
1755 1 25 15
1756 2 21 82
1757 2 13 24 39 92
1758 2 28 74
1759 2 67 18 16 99 28
1760 1 45 24 31 98
1761 2 54
1762 2 42 41 70 16
1763 2 17 80 49
1764 2 89
1765 2 84 71 42 70
1766 1 87 72 5
1767 1 88 71 92
1768 1 62 70 84
1769 2 42 8 85
1770 2 51
1771 1 5 59
1772 2 84
1773 2 25 78
1774 2 74 100 48 22 41
1775 2 40 69 11 51
1776 2 4 96
1777 2 84
1778 1 25 101
1779 1 79 61
1780 1 63 69 79 48 87
1781 1 25
1782 1 40 38 88 11
1783 1 87
1784 1 17 63 67
1785 1 84 90 76 83
1786 1 79
1787 1 38 72 15
1788 1 60 58 41 94 33
1789 2 36 97 51 44
1790 1 79 21 41 17 73
1791 1 38 30
1792 1 37 50
1793 2 22 23 65 7 52
1794 1 20 13 86
1795 2 71 51 4 23
1796 2 3 42 51 100
1797 2 76 99 95 58 84
1798 1 17 18 58 9
1799 2 6 64 92 86
1800 2 55 51 41 36
1801 2 75 19 12 59
1802 2 94 90
1803 2 94 20 68
1804 1 19 3 62 77 45
1805 1 15
1806 1 52 82 48 24 77
1807 2 80 91 61 30
1808 2 61 90 18 92 38
1809 2 55 93 77 5
1810 1 58 78
1811 2 10 55 50 7
1812 1 93 14 46
1813 1 12 11 51 46 15
1814 2 67 39 94 83
1815 2 61 83 11
1816 2 71
1817 2 76
1818 1 96 56 64 14
1819 1 89
1820 1 75 29 36
1821 2 27 90
1822 2 18 1 51 3 65
1823 2 46 21
1824 2 10
1825 1 11 36
1826 1 5 6 17 75
1827 1 97
1828 1 10 6 64 16 77
1829 1 46 73 48
1830 1 83 71 90
1831 1 53 89
1832 1 82
1833 1 72 86 21
1834 1 95 92 94 78
1835 2 53 19 63 35
1836 1 66 40 4 9 6
1837 2 62 65 19 38
1838 2 56
1839 1 77 5 49 35
1840 1 62 93 40 44 28
1841 1 69
1842 2 23 29
1843 1 54
1844 2 63 67 94 78
1845 1 35
1846 1 70 92 27 19
1847 1 36 30
1848 1 61
1849 2 8 85 44 90 101
1850 1 47 3
1851 1 60 33 30
1852 1 39 95 70 101
1853 2 68 96 77 5 6
1854 1 84 21
1855 1 36
1856 2 55 98 38 45
1857 1 75
1858 2 75 41 89 66
1859 1 81 85 31
1860 1 64
1861 1 28 37 24 50 15
1862 1 49 87 35 30
1863 1 44 91 40 16
1864 1 70 44 53 7
1865 1 35 100
1866 1 66 26 92
1867 2 101 27
1868 1 3 7 45 82 83
1869 2 41 46 19 31 93
1870 2 28 31 70 94 80
1871 1 12
1872 2 80 9 10 88 62
1873 2 54 23
1874 2 21 6 41 40 55
1875 2 87 26 97
1876 2 60 76 68 47 32
1877 1 3 26 69 40 100
1878 1 96 55 33 4 97
1879 2 64 101 13
1880 1 98 26
1881 1 3 60 52 78 33
1882 2 54 63 60 79
1883 2 38 88 32 35
1884 2 33
1885 1 41 100
1886 1 75 94 18 63 55
1887 2 32 45 53
1888 2 46 35 21 95 94
1889 1 79 84
1890 2 77 34 68 83
1891 1 17 18 5
1892 1 58 94 96
1893 2 55
1894 2 92 37 6 57 61
1895 1 15 39 12 51 31
1896 2 11
1897 1 74 25 23
1898 1 64 5 40 34 60
1899 2 97 58
1900 1 96 99
1901 2 36 28 94 72
1902 1 17 80 95
1903 1 18 81 95 69
1904 1 32
1905 2 57
1906 2 34 93 11 28
1907 1 3 8
1908 2 98 38 20 31 22
1909 2 26 31
1910 2 98 47 10 1
1911 2 7 78
1912 1 58
1913 2 47 15
1914 2 71 10 66
1915 2 49
1916 2 29
1917 1 5 84 38 81
1918 1 85 19
1919 2 81 68 62 84
1920 1 68 72
1921 1 80
1922 2 17 78
1923 1 41 14
1924 1 41 9 7 53 72
1925 2 29 25 86
1926 1 20 70 66
1927 1 54 83 2
1928 1 35 58 7 91
1929 2 47 77 83 2
1930 2 63 44
1931 2 1 2 61 48
1932 1 23
1933 1 76
1934 2 44 99
1935 1 63 73 68 32
1936 2 71
1937 1 59
1938 2 26 75
1939 1 52 99 82 49 44
1940 2 76 23
1941 1 25 44 58 80 79
1942 2 94 52 83 22 38
1943 2 71 61 16
1944 1 85 5 27 55 46
1945 2 17
1946 2 82 13 16
1947 2 68 39 33 28 49
1948 2 81 57 11 26 37
1949 2 8 88 76 35 74
1950 2 77 97 58 94
1951 1 21 18
1952 1 44 53 66 5
1953 1 20 2 71
1954 1 8 12 30
1955 2 30 58 73 86 76
1956 2 88 47 7
1957 1 15 1
1958 2 8
1959 1 32 35 3
1960 2 86 36
1961 1 23
1962 1 41 38 77 27
1963 2 27 37 98
1964 2 2 96 29 41 68
1965 2 42
1966 2 17 66 34
1967 1 35 10 74 49 20
1968 1 82 19
1969 2 94
1970 2 78 19 71 17
1971 1 80
1972 2 96 39 61 75
1973 2 51 48 14
1974 1 51 81 12 4
1975 2 40 53
1976 2 57 29 50 36
1977 1 25
1978 1 90 38
1979 1 56 4 78 35 7
1980 2 46 14
1981 1 11 39
1982 2 31 22
1983 2 79 14 99
1984 1 42 46
1985 2 32 95 55 43
1986 2 54 28
1987 1 59 14 63 88
1988 2 18 72 16 25 39
1989 1 93 62 80 14
1990 2 52 44
1991 2 5 89 87 57
1992 1 37 31 4
1993 1 7 22 68
1994 2 70
1995 1 65
1996 1 54 86
1997 2 20 34
1998 2 85 32 39 64 69
1999 2 59
2000 2 12 20 13 73 66
2001 2 14 64 8
2002 2 5
2003 2 99
2004 1 19 4 5
2005 2 58 23 5
2006 1 83 88 73 27 96
2007 2 47 27
2008 1 90 55
2009 2 21
2010 1 71 44 51 88
2011 2 85 90 42
2012 1 49 67
2013 1 24 45
2014 2 76 90
2015 1 36 28 17
2016 1 38
2017 1 90 62 1
2018 2 52 20 46
2019 1 54
2020 2 87 11 84 96
2021 1 8 75
2022 1 26 48 92 20 41
2023 2 49 82 36 28 68
2024 1 40 42 45 47 84
2025 1 29 95 71 17
2026 2 70 61
2027 1 91 95 89 8 97
2028 2 95
2029 2 44
2030 2 45 85
2031 2 67 60 13 78
2032 1 38 5
2033 1 63
2034 2 101 97 77 65
2035 1 53 67
2036 1 7 100 44 69
2037 1 8
2038 1 28 65 80 1
2039 1 51 19 101 52 72
2040 1 79 10
2041 1 85 26
2042 1 94 36
2043 2 48 50
2044 2 76
2045 1 60 65 3
2046 2 50 34
2047 2 18 26 55 99
2048 2 94 100 34 11 90
2049 2 7
2050 2 90 8 75
2051 2 33 20 101
2052 1 93 76
2053 1 21 36 83
2054 1 1 40
2055 1 9 16
2056 2 85
2057 1 30 101 98
2058 1 32 76
2059 2 17
2060 2 74
2061 2 30 38 69 24
2062 2 84
2063 2 23 99 29 83
2064 1 8 20 93
2065 2 24 48 21 43 86
2066 1 56 34
2067 1 99 31
2068 1 85 35 60
2069 2 64 17 59
2070 2 76 45 12 80 44
2071 1 9 32 8 46 16
2072 2 94 75
2073 1 11 52 42
2074 1 100 45 7
2075 2 7 53 60 2
2076 1 10 94
2077 2 36 18
2078 1 77
2079 2 5 44 92
2080 2 12
2081 1 53 56
2082 2 68 89
2083 2 100
2084 2 11
2085 2 100 15 4
2086 1 40 75
2087 2 92 43 65
2088 2 93 87
2089 1 45 99 82
2090 2 15
2091 2 78
2092 2 16 86 15 64
2093 1 92
2094 1 23 11 67 44
2095 1 76 79 77 78 90
2096 1 37 99 84
2097 2 31 4 79
2098 2 97 38
2099 2 11
2100 2 20 27 83 47
2101 2 38 65 44 86
2102 2 83
2103 2 101 69 23 72
2104 1 57 66 88
2105 1 71 29
2106 2 26 40
2107 2 58 1 98
2108 2 6 35 19
2109 2 59 65
2110 2 63 64 29 14 46
2111 2 93 39 97 34
2112 1 39 49 29 32 42
2113 2 6 72 77 98
2114 2 98 5 42
2115 1 33 90
2116 2 33 80
2117 2 98 85 6 36 73
2118 2 77 68
2119 2 47 73
2120 2 10
2121 2 83 43 70 84 18
2122 2 36 60 54
2123 1 70 48
2124 1 18 23 98 51 19
2125 2 25
2126 2 19 85
2127 1 8 11
2128 2 35 92 27
2129 2 10 72 26 88
2130 2 12 81 63 2
2131 2 12 99 91 56
2132 2 69 95 14 97
2133 2 3 66 82
2134 2 13 50 82 12
2135 1 21 87 38 86
2136 2 56 52 48 99
2137 2 36
2138 1 13 9 87
2139 2 6 84 46 32 7
2140 1 39 21
2141 2 74
2142 2 68 15 49 37 88
2143 2 50 101 86 26
2144 1 60 7
2145 1 52 32 78 94
2146 1 96 18 5 27 65
2147 1 25 19 26 8 21
2148 2 33 87 85 20
2149 1 92
2150 2 95
2151 1 86
2152 1 19 98 30 2 43
2153 1 67 16 43 38
2154 2 54 81
2155 2 89 78
2156 1 53 71 101
2157 2 50 95 12
2158 1 12
2159 2 6 24 57
2160 2 72 19
2161 2 92 97 70
2162 1 54 56 70 32 50
2163 2 17
2164 2 4 75
2165 1 73
2166 2 46 69 51 50
2167 1 85 65 63
2168 1 74 19 31 28 62
2169 2 20 101 89 6 63
2170 2 13 34 55 27 97
2171 1 41 65
2172 1 71 62 29 33 69
2173 1 16 30 4 29 100
2174 1 31 40 6
2175 1 91
2176 2 101
2177 1 51 93 57 101
2178 2 86 39
2179 1 42 92 39 2
2180 2 51 41
2181 1 69 72
2182 1 99 97 25
2183 1 96 10 45
2184 2 18 94 40 37 79
2185 2 67
2186 2 33 98
2187 2 37 28 1
2188 2 7 88 69 95 93
2189 2 87 81 55 5 6
2190 2 96 42 19 84
2191 2 24 81 52
2192 2 67 72 19 64
2193 2 78 13 32 69
2194 1 19 38 63 83
2195 2 85 93
2196 2 75 48
2197 2 1 46
2198 1 36 68
2199 1 80
2200 2 19 13 7
2201 2 55 73 6 52 24
2202 1 99 18 38 8
2203 2 3 39 59 50
2204 2 3
2205 1 92 21 37 46
2206 1 99 55
2207 1 71 91 57 1 43
2208 2 81 93 82 94 53
2209 1 98 39 5 48
2210 1 78 1
2211 1 8 24 6 92 78
2212 2 56 17 57 84
2213 1 46
2214 1 71 43 7
2215 1 60 30 8
2216 1 42
2217 2 93 39 78 65
2218 2 61 60 87 83 18
2219 1 80
2220 2 76 14
2221 1 99 80 69
2222 2 66 29 58 26 21
2223 2 49 27 48 89
2224 2 96 23 60 80 63
2225 2 27 1 5 14
2226 1 86 34 41
2227 1 12 26 54 40
2228 1 15
2229 1 4 83 101
2230 1 73
2231 1 43 53 42 67 74
2232 1 7
2233 2 91 8
2234 1 65
2235 2 41 37 51 62 65
2236 2 61 2 50 1
2237 1 80
2238 2 42 5
2239 2 40 41
2240 2 81
2241 2 90 5
2242 1 32 33 17
2243 1 29 42
2244 2 37
2245 2 79 53
2246 2 19
2247 1 29
2248 2 10 59 55 81 92
2249 2 20 59 55 72 44
2250 1 98
2251 1 63
2252 2 36 14 23
2253 2 43 28 23 88 29
2254 2 73
2255 2 33 31 38 2
2256 2 97 78 87 101 89
2257 1 57 8 85 38
2258 2 8 93 9 68
2259 2 30 35 96
2260 1 42
2261 2 15 50 7
2262 2 73
2263 2 18 71 7
2264 1 91
2265 2 46 83
2266 2 48 17 59 71
2267 2 72 61 56 7 12
2268 2 38 9 67 99 61
2269 1 10 101 37 27 54
2270 1 46 69 9 24
2271 1 47 9 38
2272 2 79 53 21 32
2273 1 93 74 73
2274 2 79 58 13 14
2275 1 41 100
2276 1 95 50 1 97 96
2277 2 17 74 52 66
2278 2 63 79 46 19
2279 1 61 2 3 24
2280 1 6 2 87 64
2281 1 81 98 85 54
2282 1 27 19 77 50
2283 2 9
2284 1 8 23 4 100 2
2285 1 18
2286 1 23 35 5
2287 2 58
2288 1 33
2289 1 100 34 49 83 67
2290 1 53 55 14 2
2291 2 56 27 60
2292 2 34 80 77
2293 1 38 17
2294 1 47 83
2295 2 43 100 32
2296 1 8 25 83 60
2297 2 93 42 63
2298 1 5 59
2299 2 23 41
2300 2 38 32 45 43
2301 1 92
2302 2 39 44 75 57 31
2303 1 20
2304 1 19 32
2305 2 6 29 64
2306 1 7 79
2307 2 58 85
2308 2 54 30 72 52 16
2309 1 76 91 84 33 53
2310 2 45 31 36 76
2311 2 85 39 42 78 46
2312 1 52 49 1
2313 2 92 16 51 67 47
2314 2 55
2315 1 10 82 16 67 37
2316 1 3
2317 2 95 100 90
2318 1 68 69
2319 2 53
2320 2 76 61
2321 1 41
2322 1 46 19 33 55 88
2323 2 76 41
2324 1 7 10
2325 1 28
2326 1 52 26 23 71 31
2327 1 39 92 41
2328 2 27 89 13
2329 2 84
2330 2 26 10 60
2331 1 81 92 22 2 89
2332 1 44 64
2333 2 99 20 64
2334 2 18 80 100 96 30
2335 1 19 82 65 78 76
2336 2 13 49 38
2337 2 5 23 59 30 88
2338 2 85 100 8 28 77
2339 2 1 50 35
2340 2 50 54 27 53 16
2341 2 10 46 25 79
2342 2 4 9 38 74
2343 1 98 82 68
2344 1 19
2345 1 68 47 32
2346 1 25
2347 1 2 6 24 91
2348 2 40
2349 2 54 56 35 37
2350 2 81 80
2351 1 91 66 77
2352 1 52
2353 1 77
2354 1 61 54 66 69
2355 2 68 100
2356 1 8
2357 2 60 90
2358 2 98
2359 1 91 89 47 58
2360 2 52 88
2361 2 50 94 3 71 1
2362 1 83
2363 1 1 60 82 58 49
2364 2 32 28 68 86
2365 2 15
2366 2 18 12 38 19 88
2367 1 48
2368 2 55
2369 2 43 13 90 70 67
2370 1 79 89 34 22
2371 1 53 90 63 93 29
2372 2 39 14 85 99
2373 1 13 49 48 59 27
2374 1 78 16 30 55 27
2375 2 100
2376 2 57
2377 1 92
2378 2 78 40 77 75
2379 1 70
2380 1 87 24 96 14 27
2381 2 77 11 87 82
2382 1 24
2383 1 6 13
2384 1 17 16 78 84 28
2385 2 99 34 48
2386 1 88 77 5 35
2387 1 92 5 48 66
2388 1 80 101 36 33
2389 2 81 42
2390 1 20 16 52
2391 1 86 83 9
2392 2 66 82 85 75 37
2393 1 100
2394 1 76 20 66 29
2395 1 86 45 59 2
2396 2 88 78 1
2397 1 83 46 66 4
2398 2 11 44 77
2399 1 16 30
2400 2 5 35 4 51
2401 1 3
2402 1 40 95 71
2403 1 85 12 97 38
2404 2 29 20 74 81
2405 1 6 68
2406 1 88 38 97 59
2407 1 10 58 99
2408 1 58 59 92
2409 2 12 26
2410 1 42 56 78
2411 1 68 22 79 48
2412 2 12 72 45
2413 1 66 45 100 59
2414 1 75
2415 2 95 66 19
2416 2 9 76 38 34
2417 2 53 34
2418 1 43 45 70 89
2419 2 88 77
2420 2 17
2421 1 48 5 71 37 99
2422 2 37 51 26 87
2423 2 100 17 19 87 95
2424 1 72 6 39 25 55
2425 2 73 37
2426 1 9 56
2427 2 49 59
2428 1 41 5 13 37 92
2429 1 45
2430 2 97 37 43
2431 2 59 63 38 42
2432 1 66 31 56
2433 2 38 31 65 81
2434 1 71 31 37 15 63
2435 1 57 78
2436 2 76 50 70 82
2437 2 75 45 97 80
2438 1 36 57 35
2439 1 80
2440 2 45
2441 1 33 46 26 52
2442 2 40 23 83 99 93
2443 1 18 22
2444 2 43 63
2445 1 30 71
2446 2 5 36 70 19
2447 1 85 27 39
2448 1 27 75 65 92
2449 1 70
2450 2 34 16 91
2451 2 8 51
2452 1 12
2453 2 43
2454 2 48 5
2455 1 39 91 26
2456 1 51 81
2457 1 56
2458 2 46 94
2459 1 18 100 93 43 88
2460 2 25 12 13
2461 1 5
2462 1 101 48 12 71
2463 2 71 53 58
2464 1 77 52 92 37
2465 1 24
2466 1 41 92 34
2467 2 48
2468 2 20 22 59 12
2469 1 13 91 89
2470 1 98 53
2471 2 49 89 15 34 90
2472 2 98 59 89 66 24
2473 1 35
2474 1 3 97 73
2475 1 55 1
2476 2 1
2477 1 44 81 30 32
2478 2 77 4 35 89 46
2479 2 79 77
2480 1 95 54 74
2481 1 86 24 50 51 28
2482 2 79 2 73 3
2483 1 82 81
2484 2 24 14 37
2485 1 9
2486 1 20 77 71
2487 2 73
2488 1 68 74 34 51
2489 1 3 47 51
2490 1 85 19 47 32
2491 1 44 76 21 87
2492 2 89
2493 2 51 47
2494 1 100 5 4 64 7
2495 2 55
2496 2 18 13 38
2497 2 49 53
2498 1 99 68 78
2499 2 68 64
2500 2 91 25 55 77 9
2501 2 100
2502 1 25
2503 2 53 72 49 75
2504 1 50
2505 2 11 95 31 6
2506 2 29
2507 1 29
2508 1 87
2509 2 42 100 18
2510 2 85 44
2511 1 42 9 71 88
2512 2 1 56 91 6 78
2513 1 20 2 56
2514 2 73 37 69
2515 1 30 53 36
2516 2 101 33
2517 2 16 81 52 25
2518 1 16 30 17 63
2519 1 44 40 94 65
2520 1 32 51 26
2521 1 58 98 88
2522 2 36 5 77 90
2523 2 50
2524 2 51 44 101
2525 1 70 76 36
2526 2 74 64 66 1
2527 1 82 6 8 47 33
2528 2 39 65 85
2529 1 21 98 44 78
2530 2 70
2531 1 17 52 8 18
2532 1 1 37 16 38 79
2533 2 48 45
2534 1 94 8 42
2535 2 15 32
2536 1 7 67 18 101
2537 1 22 27
2538 1 42 9
2539 1 60
2540 2 72 43 71 85
2541 1 29 59 79
2542 2 2
2543 2 51 63 18
2544 2 58
2545 1 9 4 47
2546 1 22 31 33 98
2547 2 72
2548 1 64 10 69
2549 1 61 15
2550 1 77 52 65 34 33
2551 1 85 45 8 100
2552 1 45 11 9 18 80
2553 2 68 66 83 96
2554 2 48 71 89 9
2555 2 45 26
2556 2 92 15 96
2557 1 90 6
2558 2 26 6 19
2559 2 64
2560 2 15 87 47 88
2561 2 76 101 23 92
2562 1 91 66 4 97 12
2563 1 49
2564 1 62 43 14
2565 1 39 14 88
2566 2 22 92
2567 2 70 90 21
2568 2 50 74 30 87 79
2569 1 100 78 88 2 81
2570 2 38 7 64 15
2571 2 6 22 95 49 42
2572 2 73 39 63 37 4
2573 2 4 54 88
2574 2 2 32
2575 1 61 72 93 65 3
2576 2 38 95
2577 1 37 87 72
2578 2 68 87 79 38
2579 1 45 20
2580 2 53 89 26
2581 1 73 78 31 94 65
2582 1 45 4 75 95 27
2583 1 5 84 45 20
2584 2 101 39
2585 1 19 50 60
2586 1 30 43 57
2587 1 11 70
2588 2 80 84
2589 1 17 57 59 101
2590 1 34 80 52
2591 2 13
2592 2 47 66
2593 2 4 14
2594 2 58 44
2595 1 70 56
2596 1 40 51
2597 2 6 50 22 19 93
2598 1 71 85 26
2599 2 32 54 77 55
2600 2 19 10 100
2601 1 2 99
2602 1 28
2603 1 97 9 13
2604 2 37 92
2605 2 80 20 6 58
2606 1 15 78 39 59
2607 1 63 67
2608 1 97
2609 2 90
2610 1 12 26 42 16
2611 2 96 19
2612 2 74
2613 2 44 54
2614 2 3 95
2615 1 69 97 27
2616 1 56
2617 2 13 72 62 79 17
2618 1 30 55 97 60 73
2619 1 9
2620 1 85
2621 1 48 55
2622 2 3 101 95
2623 2 13 69 52 47 67
2624 1 88 73 45 48
2625 1 27 85
2626 1 81 49
2627 2 94 75 7 97 11
2628 2 70 66 4
2629 2 41 95 62 17
2630 2 49 75 48
2631 1 22 94 34
2632 2 83 89 52
2633 1 99 13 56 55
2634 1 14 88 96 44 50
2635 1 63 23 26
2636 1 25 42
2637 2 77 100 76 18
2638 1 29 100 72 13 61
2639 2 1 99 7
2640 2 29 44 14
2641 2 24 83
2642 2 67 56 58 54
2643 2 34 98
2644 1 71 66 85 90
2645 2 3 80
2646 2 37 70
2647 2 56 4 29
2648 1 51 12 20 82 34
2649 1 48 4 75
2650 1 40 93 22
2651 1 78
2652 1 75 77
2653 1 85 58
2654 1 39
2655 2 8 29 91 63
2656 1 63 50
2657 2 69
2658 2 49 61 85
2659 1 56 75
2660 1 48 14 79 58
2661 1 57 1 6
2662 2 32 87 3 44
2663 1 61 11 17
2664 1 64 91 11 45 93
2665 1 49 66 23 70 3
2666 2 84
2667 2 58 2 28 92 32
2668 1 76 71 77
2669 1 17 95 59 56 80
2670 2 40 68 12 51
2671 1 34 14
2672 1 95 84 17
2673 1 60 13 93 23
2674 1 41 95 31 81
2675 2 43 33 75
2676 2 89 16 64 58
2677 2 75 23 36 74
2678 1 27 93 42 19 57
2679 2 11
2680 2 85 75
2681 2 74
2682 1 65
2683 2 74 2 24 58
2684 2 55 31 14 88
2685 1 48 41 80
2686 2 40 44 79 98 28
2687 2 56 89 75 46 52
2688 1 52
2689 1 64 3
2690 1 79 38 30
2691 2 37 8 53
2692 2 95 82 46 20
2693 2 38 11
2694 2 100 30
2695 1 63
2696 1 48 91 64 40
2697 1 35
2698 2 5 12 31
2699 2 82 19 29
2700 2 80
2701 1 101 34
2702 1 64
2703 2 22 7 83 77
2704 1 7 9 36 63 27
2705 1 7 15 33 64 61
2706 1 33 93
2707 1 13 86 99 74 49
2708 1 49 65 33 98 30
2709 2 84 14 87
2710 1 63 93 3
2711 2 57 31
2712 2 15 20
2713 2 68 64 100 16
2714 2 86 29 34 85 62
2715 1 42 16 92
2716 1 66 47 70
2717 1 74
2718 1 40
2719 2 70 25 39 91 45
2720 2 32
2721 1 42
2722 2 39 22
2723 1 98 76 54 28
2724 2 38 16 84 57
2725 2 14 74
2726 1 93 3 97 63
2727 1 59 90 19 52 1
2728 1 58 83 9 6
2729 1 92 74 35
2730 2 74 31 92
2731 2 78 49 26 1
2732 2 44
2733 1 6
2734 2 29
2735 1 2
2736 1 58 99 32 19 13
2737 1 35
2738 1 30 33 84 18 94
2739 2 59 23 27
2740 2 36
2741 1 8 3 39 6 18
2742 2 69 73 66 7 53
2743 1 36 61 3 78
2744 2 63 71 40
2745 2 29 53 6 9
2746 2 34 90 22 23
2747 1 37 1 72
2748 2 83 80 69
2749 1 38 34 100 54
2750 1 66 73 80 69 45
2751 1 24 27 51
2752 2 60
2753 1 6 36
2754 2 83 92 5 31 82
2755 2 23 4
2756 1 19 91 69 34
2757 2 6 82
2758 2 7 16 40 61 10
2759 1 51 16 3 37
2760 2 71 67 28
2761 1 8 1 72
2762 2 50 85 31 67
2763 2 3 72 25
2764 2 10
2765 2 67 71 29
2766 2 2 36 95 84
2767 2 98 51 28 42 37
2768 2 61 38
2769 1 24 1 23
2770 1 43
2771 2 17
2772 2 21 18 5
2773 1 69
2774 2 62 47 86 24 45
2775 1 21 40 49 55
2776 2 45 37 68 71 66
2777 1 11 41 98 10 89
2778 2 3 4 101 78
2779 2 83 93
2780 1 52 28 86 40 70
2781 1 29 89 34
2782 1 91 87 18
2783 1 76
2784 2 81 56 44
2785 2 32 55 88 64 71
2786 2 18 89 55
2787 2 78 44
2788 1 29 94 100 61
2789 2 19 93
2790 2 3 46
2791 1 36 52 96
2792 1 100
2793 2 54
2794 1 31 4 13 44
2795 1 55 91 66 30
2796 1 31 36
2797 2 54 44
2798 2 44 94 3 53
2799 1 9
2800 2 42 49 21 39
2801 1 60 15 48 4 38
2802 2 55
2803 2 76 8 84 99 65
2804 1 50 100 80 41
2805 2 90
2806 1 78 29 46 76
2807 2 53 76
2808 1 44
2809 2 4 67
2810 1 22 59 63 89
2811 1 39 12 81 99
2812 2 20 22
2813 1 57 93
2814 2 12
2815 1 91
2816 1 83
2817 1 14 21
2818 1 28 22 47
2819 2 79
2820 1 39 32 49 22 36
2821 2 43 75 53 65 86
2822 1 23
2823 1 51
2824 2 26 73 70
2825 2 1 36 45 6
2826 2 20 80 69 89 95
2827 2 43 59 29
2828 2 49 45 77 29 89
2829 2 82 90 10
2830 2 57 54 12
2831 1 37
2832 2 23 91 88 75
2833 1 11 98 2
2834 1 53 100 69 61
2835 1 22 35 46 67 15
2836 2 21
2837 2 72 52 34 54 78
2838 2 72 84 26
2839 2 2 13 31 15
2840 2 43 52 65
2841 2 85 4 38 46 98
2842 1 51
2843 2 68 20
2844 2 49 72 91 52 59
2845 2 77
2846 1 31
2847 2 3 78 93 6 58
2848 1 28 42 39 56
2849 1 38
2850 2 96 29 100 28 81
2851 1 22 99 75
2852 2 67 22 64
2853 2 83
2854 1 13 25 56 79
2855 1 85 14 84
2856 2 101 68 58
2857 1 36 15
2858 1 11 65 42
2859 2 59 82 3 92 81
2860 2 95
2861 1 59 99 71 19 23
2862 1 13
2863 2 53 11 34 48 76
2864 1 74 80 6
2865 1 8 81 44
2866 1 96 27 5 50
2867 2 52 96 16 11
2868 2 18 6
2869 1 72 1 21
2870 2 64 58 53 56
2871 1 32 23 11 73
2872 2 12 78 14 60 99
2873 2 97 19 92 49
2874 1 3 51
2875 1 33 37 74
2876 2 41 52 68 48
2877 1 43
2878 2 84 15
2879 1 81 10 2
2880 2 97 77 84 98 41
2881 1 71 16 44
2882 2 42 85 17 54
2883 1 66
2884 2 97 89 12
2885 1 10 68 81 86 23
2886 1 49 98 16 79
2887 2 26 89 72
2888 1 34
2889 2 92 79 39 95
2890 2 100 50 26
2891 1 49 5 101
2892 2 101 94 51
2893 1 80 19
2894 2 51 15 1 54
2895 1 7 9 100
2896 2 86 59 53 87 12
2897 1 95 101 65 5
2898 1 68 38 9 59 25
2899 1 62 92 91 5
2900 2 36 60 7 1 44
2901 1 42 60 36 55 84
2902 1 53 23 9 66
2903 2 67 85 75 88 29
2904 2 5 92 28 99 55
2905 2 80 68 59 4
2906 1 18 56
2907 2 7 65
2908 1 90 39 37 30
2909 1 83 61 40
2910 1 60
2911 2 39 4 79 77 24
2912 1 13 71 36 79 2
2913 1 36 65
2914 1 89
2915 2 82 42 45 27 14
2916 2 37 98 31 83 39
2917 2 87 75 1 21
2918 1 78 16 37 67
2919 1 66
2920 1 85 56 90 22
2921 2 28 20
2922 1 95 16 32 96
2923 2 73 11
2924 2 79 69
2925 2 101 31 91 92 53
2926 2 71 93 80 50
2927 2 61 30
2928 2 18 68 76
2929 2 27 94 8
2930 1 90 66 14
2931 2 37 57
2932 1 79 8 9
2933 2 77 38 72
2934 2 13 39
2935 2 29 97 3 78 56
2936 2 62 40
2937 2 30 82
2938 1 88 11 36 90 100
2939 1 51 66 26 68 10
2940 1 47
2941 1 47 72 7 22 14
2942 2 57 78 95
2943 1 12 63 28 13 79
2944 1 73 61 40
2945 2 2 78 36 97 68
2946 1 86 62
2947 2 8 74
2948 2 27 53
2949 2 25 64 56
2950 1 84 21
2951 1 80 76
2952 1 96 29
2953 2 49 43 25
2954 1 101
2955 2 91
2956 2 65 20 13 95
2957 2 87 11
2958 1 44 55 96 61
2959 2 87 15
2960 1 78 67 23
2961 2 34
2962 1 4 95 1
2963 2 97
2964 2 69 63 46 87
2965 2 66 62
2966 1 51 22 21 9 97
2967 1 100 54 26 87 76
2968 1 32 11 28 2
2969 1 12
2970 1 85 34 19 40
2971 1 14 29 68
2972 2 57 93 56
2973 2 2
2974 1 100
2975 1 26 79 23
2976 1 1 43 10
2977 1 83 42 56 53
2978 1 3 101 35 89 14
2979 1 6
2980 2 36 34 68
2981 1 55 4 85 59 68
2982 2 83
2983 1 15 53 36 73 68
2984 1 25 93 7 50
2985 1 64 74 7
2986 1 35 17 65 92 93
2987 2 74 6 39 23
2988 2 63 20 3
2989 2 11 97
2990 2 52 67 93 20 86
2991 2 10
2992 2 80 38
2993 1 89 91 77 4 49
2994 2 59
2995 1 42
2996 1 56 23 68
2997 2 1
2998 2 16 23
2999 1 6 55
3000 1 76 78 2 80 62
3001 1 18 60 24 2
3002 1 12
3003 1 4 87 100
3004 2 47 4 65 79
3005 1 66 41
3006 1 2
3007 2 38 44
3008 2 5 86 101 49 65
3009 2 60 95 20
3010 2 3
3011 2 72 16 56
3012 2 16 37 5 76
3013 2 3 36 27 84 22
3014 2 68
3015 1 87 92 15 34
3016 1 45 44 84 87
3017 1 49 25 45 63 35
3018 1 48 84
3019 2 84 48 77 79
3020 2 90 99
3021 2 86
3022 1 69 14 96 81 93
3023 2 3 33 42 12 21
3024 1 62
3025 1 27 61 18 2 79
3026 1 93 7 3 50
3027 1 75 31 90 29
3028 2 94 2 25 33 97
3029 2 19 32
3030 1 17 79
3031 1 96 29
3032 2 16 45 40 34
3033 2 64 13 91 21
3034 2 65 8 97 85
3035 2 47 58 12
3036 1 34 85 71 24 73
3037 1 14 61 37 24
3038 1 2 96 50
3039 1 35
3040 2 4 99 39 87 90
3041 2 96 4 43 91 88
3042 1 88 4 52
3043 1 63
3044 1 55 82
3045 2 38 26 59 61 16
3046 2 2 70 77 93
3047 2 21 3 68
3048 2 84
3049 2 96
3050 2 15 45
3051 2 33 11
3052 2 31 5 56 91
3053 2 18 36 57
3054 2 25 9 94 39
3055 2 89 37 59 62 16
3056 2 23 101 56
3057 2 8 98 63 90
3058 2 78 27 12 37 46
3059 2 89 65 83 56
3060 1 28 31 47 89
3061 1 20 82 85
3062 1 28 58 30 35
3063 1 61 100
3064 2 1 37
3065 1 49 50 73 66
3066 2 38 4 87 60
3067 2 96 45
3068 1 77 86
3069 1 79
3070 1 73 48 32
3071 1 67 52 44 47 59
3072 1 64 57 11
3073 1 50 81 73 44 46
3074 1 69 61
3075 2 60 17 40
3076 1 24 42 35
3077 1 14 7 21
3078 1 75 59 4
3079 2 22 56 9 30
3080 1 86
3081 2 56 76 80 100
3082 2 96 47
3083 1 39 27 93 61
3084 1 31
3085 2 17 38 27 56 40
3086 1 55
3087 2 10 86 92 77
3088 1 21 35 44 26
3089 1 43 50
3090 1 1 12 98
3091 2 28
3092 1 28 54 66 75 84
3093 2 14 59 42
3094 1 43 46
3095 1 41 60 25 21
3096 1 77 4
3097 1 83 77 38 51 56
3098 2 8 63 32 6
3099 1 88 61 90
3100 2 87 23 76 94
3101 2 95 82 52
3102 1 6 54
3103 1 33
3104 2 24 100 47
3105 2 53 52 40 2 42
3106 1 94
3107 1 62 32 11 20 74
3108 1 70 74 16 64
3109 2 45 33 43 96 51
3110 2 71
3111 1 23 37 66 53
3112 1 79 72
3113 2 10 22 91 16 55
3114 2 36 90 79 59 65
3115 2 98 101
3116 1 47 6 15
3117 2 73 40
3118 2 81 29 35 13
3119 1 13 44 76
3120 1 76 17 92
3121 2 58 12 86
3122 2 73 84 30 20 1
3123 1 86 27
3124 1 10 73 51 50 14
3125 2 75 65 77 46
3126 2 89 75 78 22 81
3127 2 82 15 100
3128 2 60
3129 1 81
3130 2 83 2 13 38 40
3131 2 15
3132 1 38 44 99
3133 1 22 93 72
3134 2 71 16 39
3135 2 53 96 22 100
3136 1 37 75
3137 1 96
3138 1 85
3139 2 30 69
3140 2 75 73 16 60
3141 2 62 39
3142 2 101 63 34 56
3143 1 24 44
3144 1 29 63 27 66 70
3145 1 18 38 17 56
3146 2 63
3147 1 58 11
3148 2 30 73
3149 2 93
3150 1 56 10 59 96
3151 2 84 40 75 3
3152 1 36 43
3153 2 30 45 60 72
3154 2 71
3155 1 30 58 42
3156 2 1 40 5 75
3157 2 76 48
3158 2 73 95
3159 1 55 28 75
3160 1 4
3161 2 80
3162 2 49
3163 2 25 2 46 48 88
3164 1 20 19 39 66
3165 2 100 66 75
3166 2 57 14 44
3167 2 83 36
3168 2 78 31 60 21
3169 2 26 72 73 67
3170 2 15
3171 2 29 90 61 26
3172 1 79
3173 1 15 101
3174 2 6 58
3175 1 21 23 92 97
3176 2 91 49 14 24 70
3177 1 14 100
3178 2 39 1 73 28
3179 1 6 76
3180 1 22 72 99 61 69
3181 2 17
3182 2 53 77 44 9
3183 1 60 7 83 63
3184 2 48 78 20
3185 1 88
3186 2 23
3187 2 28 17 53 86 83
3188 2 54 45
3189 1 78 95 100 37 89
3190 1 5 46 1 81
3191 1 87 34
3192 2 16 41 68
3193 2 64 1
3194 1 53
3195 2 16
3196 1 94 11 49 73 48
3197 1 18 3 97 36
3198 1 10 75 14 85 65
3199 2 68 26 63
3200 2 53 58 57 46
3201 2 19 65 7
3202 2 41
3203 1 57 93 15 79 27
3204 2 94 35 71 16 88
3205 1 18 26 14 69 1
3206 1 43 63 88 4
3207 2 89 94 40
3208 2 17 71 97
3209 2 45
3210 1 77 86 84 97 6
3211 2 16 99 15 67 30
3212 1 43 29 86 54 16
3213 1 59 96
3214 2 75 5 26 36 96
3215 2 52 33 19
3216 2 77 7 101 16 68
3217 2 46 89
3218 2 54 74 72
3219 2 17 48 42
3220 1 3 42 30 39 82
3221 2 69 99 22 94 71
3222 2 85
3223 1 88 76
3224 2 28 79 10 3 61
3225 1 25 81
3226 2 74 82 36
3227 1 44 64 41 76 25
3228 1 13 45 76 60 35
3229 1 62 4 66
3230 1 92 37
3231 2 10 94
3232 2 13 81 27 41 48
3233 1 44 91 49 24 30
3234 1 96 30
3235 1 39
3236 1 19 30 76
3237 1 87
3238 1 38 28
3239 2 43
3240 1 59 48 74 73 2
3241 1 78
3242 1 7 19
3243 2 48 95 44 55 5
3244 2 10 55 71 34 52
3245 1 33
3246 2 41 100 57 26
3247 1 25 49 60
3248 1 2 63 73 31
3249 1 34 13 77 21 1
3250 2 14 24 30 11
3251 1 38 95
3252 2 99 53 16 76
3253 1 86
3254 1 11 4 35 14
3255 1 36 94
3256 1 6 95 32
3257 2 89 10
3258 1 97
3259 1 48 49 34
3260 2 25 87 29 11
3261 1 64 88 96
3262 2 36 13 85 87 49
3263 2 8 86 32 64 23
3264 1 64
3265 1 61 87 38 96 11
3266 1 74 87
3267 2 17 52 48 60 93
3268 2 27
3269 1 17 50
3270 1 50 39 5 67 41
3271 2 55 48 79 3
3272 2 42 2 46 96 74
3273 2 17 85 70 33
3274 1 48 93 62 36 63
3275 2 76 62
3276 2 51 5 2 98 84
3277 1 2 51 4 34 46
3278 1 78 18 47
3279 1 23
3280 1 96 101 10
3281 2 94 100 72
3282 1 52 15 14 60
3283 1 22 8 94 32 37
3284 2 72 6 52 14
3285 1 4 45 57 74 52
3286 2 99 33 2 38
3287 2 31 59 25 26 19
3288 2 20 55 34
3289 1 42
3290 2 91 19 98
3291 1 30 23 92 37 65
3292 1 40
3293 2 80 22 85 26 40
3294 1 94 46 8 81 41
3295 1 30 3
3296 2 91 34 94 55
3297 1 22
3298 1 83 22 50 86 47
3299 2 88
3300 1 79 71
3301 1 7 86 24
3302 2 81
3303 2 55 8 52
3304 2 60
3305 1 54 50 36 70
3306 1 33 92 15 70
3307 1 20 57 44 81 8
3308 1 75 9 69 50 35
3309 1 46 63 85 94 67
3310 2 86 59 68 42
3311 1 46 94 58 43
3312 1 69 3 37
3313 2 82
3314 1 69
3315 1 58 2 49 18 11
3316 1 96
3317 1 57
3318 2 94 1
3319 1 45 44 61
3320 1 65 99 69
3321 2 11 53 66 82 4
3322 1 52 51 44 30
3323 2 28
3324 2 3 10
3325 2 33 2 85 5
3326 1 5
3327 1 100
3328 1 52
3329 2 96 54
3330 2 47 100 72 84 54
3331 1 36 79
3332 1 61 32
3333 2 37
3334 2 80
3335 1 77 70
3336 1 50 80 32
3337 2 9
3338 2 37 5
3339 2 41 25 97 56
3340 2 47 18 36 45
3341 1 70 11 16 2 66
3342 1 4 37
3343 1 94 34 88 16 66
3344 2 4 11 17
3345 1 3 23 68 30 70
3346 1 92 33 9 93
3347 2 81
3348 2 56 29 98 62
3349 2 80
3350 2 8
3351 1 78 26 5 1 11
3352 1 28 12 48 83
3353 2 31 6 37 38
3354 1 83 101 40 6
3355 1 28
3356 1 73 101
3357 1 3 53 12 11 36
3358 2 76 22
3359 1 94 23
3360 2 6 21 66
3361 1 35
3362 1 59 85
3363 1 17 19 23
3364 1 49
3365 1 66 28 69
3366 2 66 28 22 6
3367 1 67
3368 2 100
3369 2 8 58 65 40 86
3370 2 38 43
3371 1 52
3372 2 17 37 90 99 77
3373 1 22 70 82
3374 2 21 8
3375 2 28
3376 2 72 44 45
3377 2 10 50 87
3378 2 23 68
3379 1 41 29 60 97
3380 2 15 16 30
3381 2 89 64 74 15 42
3382 2 16 8
3383 2 18
3384 1 37
3385 2 58 18 47
3386 2 37 49
3387 1 46 99 13
3388 1 84 23 17 54
3389 1 80 34 60
3390 1 97
3391 1 42 65 61
3392 1 28 48
3393 1 44 66
3394 1 62
3395 1 81 5 47 45
3396 2 25 45 74 65 48
3397 1 59 67
3398 1 57 74
3399 1 30 46 67 5
3400 2 93 98 44 29 92
3401 1 44 91 80 68 2
3402 2 85
3403 2 52 94 53 96 69
3404 2 39 41 95 85
3405 2 6 18 32 83 72
3406 1 26 66 86 40
3407 1 53 58 67 44
3408 2 49 24
3409 2 58 40
3410 2 15 12
3411 2 65 69 82
3412 2 65
3413 1 29
3414 2 53 9 81
3415 1 49
3416 2 77
3417 1 63 60 2
3418 1 100 21 26
3419 2 38 82 15
3420 1 74 95 67 42 75
3421 2 29 59 63
3422 2 22 46 68 9
3423 1 4 76 75 48
3424 2 46 33
3425 1 48 29 80 20 12
3426 1 100
3427 1 22 56 3 95
3428 2 42 71 76 88 30
3429 2 99 28
3430 1 14 36 79 48
3431 1 57 63 44 79 11
3432 1 60 4 6
3433 2 64
3434 1 20 58
3435 2 83 77 82 95
3436 2 46 15 39 70
3437 2 87 39 28 27 20
3438 1 26
3439 2 94
3440 1 84 76
3441 2 24 40 41 53 9
3442 1 29
3443 1 35 76
3444 2 94
3445 2 35
3446 1 4 72 28 77 91
3447 1 32 73 2
3448 1 75 42
3449 2 50 14 35
3450 2 59 1 30
3451 1 88 44
3452 1 45
3453 1 98 94
3454 2 56 41 61 19 64
3455 2 101 32 36 50
3456 1 7 61 25 88
3457 1 34 56
3458 2 41 64
3459 1 90 34
3460 2 67 16 23 81
3461 2 34
3462 2 56
3463 1 41 6 66
3464 1 24 10
3465 2 35 2 36 27 80
3466 2 49 51 65
3467 2 6 41 94 15 46
3468 1 86
3469 1 81 99 93
3470 2 9 43 71 93 16
3471 1 100
3472 1 19 42 51 18
3473 2 2 35 79 68
3474 1 67
3475 1 12
3476 1 62
3477 1 31 94 50 20 23
3478 2 73 5 32 41 13
3479 1 96 16 35 90 74
3480 1 89
3481 2 48 5 32 58
3482 2 35 10 8
3483 2 42 37
3484 2 95 27 89 48 53
3485 1 84 61 3 19
3486 2 80 86 5
3487 2 39
3488 1 101 85 98 21 74
3489 2 15 4 54
3490 2 19 56
3491 2 14 87 71
3492 2 1 100
3493 1 16 89 37 84
3494 2 80
3495 1 2 85 9
3496 1 5 39 96 87 30
3497 1 89 55
3498 2 14 37 91
3499 1 53
3500 1 26 67
3501 1 83
3502 1 84 40
3503 1 8 100 53
3504 2 38 86 67 31 87
3505 2 91 95 33
3506 1 28 72 93 88
3507 1 49 97 53 38
3508 1 97 87 85 12
3509 2 56 72 30
3510 1 35 63 20
3511 2 43 76
3512 2 101 29 18
3513 1 98 77 50 41
3514 2 81 53
3515 1 5 7
3516 2 50 56
3517 1 6 31 13 33
3518 2 84 47 75 91 13
3519 1 100 67 89 32
3520 2 62 28
3521 1 71
3522 2 99 13
3523 2 20 76 10
3524 2 30
3525 2 93
3526 2 89 73 10
3527 2 25 64 44
3528 2 81 45
3529 2 13 45
3530 1 85
3531 1 84 9 54 61 20
3532 1 87 94
3533 1 31 65
3534 2 85 52 72
3535 2 27 36 10
3536 2 84
3537 1 23 41 48 56 77
3538 2 31 98 74 69 70
3539 1 26 16 70 80 96
3540 1 13
3541 2 66
3542 1 68
3543 2 68 2 76 27
3544 2 14
3545 1 13 94 89 18 59
3546 1 36 47 9 73 56
3547 1 57 47 18 95 82
3548 1 66 74 27
3549 1 44 51 53 76 85
3550 1 63 31 21 91
3551 2 71 29 64 8 26
3552 1 61 83 34 17
3553 2 24
3554 1 14 4 54
3555 2 50 67 12
3556 1 96 60 72 56
3557 2 57 63 3 58
3558 2 49 85
3559 2 32 53 80 22 98
3560 2 97
3561 2 58 78 19
3562 2 16 82 19
3563 1 49 54 95 30
3564 1 65 52 76 74
3565 1 37 46 67
3566 1 16 87
3567 1 85 79 67 20
3568 1 91 36 42 6 3
3569 2 66 53 73
3570 2 20 30 81
3571 1 49 38
3572 2 40 27 30 51
3573 2 37
3574 2 47 1 16 71
3575 1 38
3576 2 89 13
3577 1 78 35 34 100
3578 2 95 86 55
3579 1 70 49 97 10
3580 1 76
3581 2 36
3582 2 30 85 45 40 61
3583 1 67
3584 1 19 99 46 47 26
3585 1 99
3586 1 100 99
3587 2 91 97 5
3588 2 78 49 99 24
3589 1 80 45 99
3590 2 65 94 38
3591 2 56 26
3592 1 74 40 59 8 101
3593 1 29 59 1 81 33
3594 2 53 1 58
3595 2 26 52 2 95
3596 2 4 6 51 85
3597 2 97 47 66
3598 1 87 25 85 15
3599 2 66 57 76 44
3600 1 42 17 67
3601 1 64 45 52 71
3602 2 48 96 71 56
3603 1 99
3604 1 20 43 56 70
3605 2 88
3606 2 99 72 88 71
3607 2 75 94 101 44 42
3608 1 5 48 44
3609 1 60
3610 1 98 52
3611 1 26 65
3612 1 5 42 56
3613 2 93 51 74 14 65
3614 1 66 34
3615 2 52 3 93 31 50
3616 2 73 97 16 60 86
3617 2 79 17 23 33
3618 1 89 92 42 43
3619 2 26 79 96
3620 1 6 31 10 53
3621 1 31
3622 2 69 20
3623 1 60
3624 2 69
3625 2 27 85 101
3626 2 73 17
3627 2 101 70 68 19
3628 1 94
3629 1 18 72 8 60
3630 1 14 25
3631 2 57 25 55 22 75
3632 1 44 50
3633 2 6 98
3634 1 19 70 1 33 64
3635 1 87 84
3636 2 39 16 96 63 15
3637 1 79 33 87 8
3638 2 79 76 28
3639 1 101 61
3640 2 56 18
3641 2 27 70 85
3642 2 18
3643 2 35 33 84 95 8
3644 2 86 92 97 66 14
3645 2 47 91 46 68 19
3646 1 64 41 71 15 30
3647 1 74
3648 2 95 80 61 58 34
3649 1 8 31 66 17
3650 1 79 1
3651 1 101 15 75
3652 2 6 54 28 29 96
3653 2 14 61 89 16
3654 2 50 31 70 17 88
3655 2 9 52 82 70
3656 2 19 55
3657 2 47 12 39 75 100
3658 2 79 7 43
3659 1 41 83
3660 2 11 34 16 52
3661 1 52 94 55
3662 1 23 28 12
3663 2 88
3664 2 8 54 9 29
3665 2 81 18 47 86 33
3666 2 7 31 71 3
3667 1 41
3668 2 73 20 60 57 81
3669 1 88
3670 1 98 78 42 43
3671 2 72 83 47 20
3672 2 95 72 32
3673 1 17
3674 2 50 66
3675 1 33 27 70 1 63
3676 1 94 2 62
3677 1 47 75 38
3678 2 46
3679 2 69 44 95
3680 1 28
3681 1 81 86 77
3682 1 46 19 5 1
3683 2 77 36
3684 2 75 77 97 2 57
3685 1 100
3686 1 22 25 47 91
3687 2 79 98 92 38 40
3688 2 93 8 14 50 10
3689 2 81 1
3690 2 40 86 78 89 69
3691 1 53 41 16
3692 1 90
3693 1 15 39 58
3694 2 4 49
3695 2 53 25 51 2 72
3696 1 92
3697 2 3
3698 2 59
3699 2 7 88
3700 1 40 38 48 54 84
3701 2 15 29 51 73
3702 1 22 43 80 31
3703 2 27 86 52 65 83
3704 2 88 70 46 66 83
3705 1 40
3706 1 74 23 50 4
3707 2 30
3708 2 94 100 14 47
3709 2 91 77 55 72 56
3710 2 99 52
3711 1 86 5 33 37 19
3712 2 35 63 60 57 46
3713 2 14 10 4 45 42
3714 2 34 56 13
3715 1 11
3716 1 93
3717 2 91 63
3718 1 44 85
3719 2 81 26 77 22 36
3720 2 37 24 86 56
3721 1 63 79 89 32
3722 2 44
3723 2 82 65 16
3724 2 14
3725 2 76 100 92
3726 2 101 94 4 30
3727 2 11 50
3728 2 3 73 19 48 90
3729 2 35 15 50 31
3730 2 84 75 6
3731 1 3 15 26 8
3732 1 35 55 65 80 20
3733 1 16 87 45 7
3734 2 24 30
3735 1 77 5 48 22
3736 1 12 18 8 20
3737 2 51 45
3738 1 35 38
3739 1 39 78 95 17
3740 2 72 83 68 32
3741 2 8 97 94 55
3742 2 52
3743 2 86 31
3744 2 58 47 94
3745 2 97
3746 2 19 49 23
3747 1 33 80 83 88
3748 2 83 38 43 5 52
3749 1 90
3750 1 85
3751 1 91 95
3752 2 11 1 35 39
3753 2 5
3754 2 90 88 32 7
3755 2 17 40 94 13
3756 2 30
3757 2 43 37 9 60 84
3758 1 58 75 31
3759 1 79
3760 1 70
3761 2 84 50 101 98 63
3762 1 56 68 62 76
3763 1 100 101 6 78
3764 2 27 3
3765 1 78 4 95
3766 2 4 69 10 77 16
3767 1 56 57
3768 1 39
3769 2 80 11
3770 2 26 44 7 54
3771 1 56
3772 2 79
3773 2 29 41
3774 2 17 6
3775 2 84 7
3776 2 41 20 27 101 39
3777 1 78 42 83
3778 2 90
3779 2 37 85
3780 1 94 18 47 91 45
3781 2 75 84 57 25
3782 2 1 92 37
3783 2 91 3 1
3784 1 16 59 50 29 73
3785 2 61 28
3786 2 47 87 93 100
3787 1 11 28 62
3788 2 25 15 94
3789 1 76
3790 1 58 44 101 80
3791 1 39 82 13 20
3792 2 11
3793 1 69 2 77 90
3794 1 75 91
3795 2 43 77
3796 2 38 29 5
3797 2 33 45 87 93 82
3798 1 86 24 89
3799 2 50
3800 1 41 39
3801 1 39 66 40
3802 1 17
3803 2 7 71
3804 2 16 71 46
3805 2 83 92 74
3806 1 44 77 26
3807 1 17 97 53 77 5
3808 2 62 52 59 50
3809 2 88 40
3810 1 11
3811 2 42 41 43 88
3812 1 18 62
3813 1 88 37 98
3814 1 8 57
3815 2 81 61
3816 1 49 27 66
3817 1 73 25 81 64
3818 2 76
3819 1 99 27 59 57
3820 2 41 86 10
3821 2 36 53 51 72
3822 2 26 83
3823 2 101 47
3824 1 3 85 8 57 89
3825 1 26 81 22
3826 1 31 49 6 68 10
3827 1 18 74 88 58 63
3828 1 55
3829 1 16
3830 1 37
3831 2 52 27 43 83 79
3832 1 77 74 70 84
3833 2 54 99 86
3834 2 38
3835 1 75
3836 2 5 61 24 100 47
3837 2 6 48 43 82 76
3838 1 20 11 76
3839 2 58 44 57 19
3840 1 67 23
3841 1 79
3842 1 78
3843 2 50 29
3844 2 16 88 9 73 82
3845 2 15 66
3846 1 98 89 71 72 54
3847 2 39
3848 1 100 97
3849 1 53 36
3850 2 94
3851 1 59 30 54
3852 1 28 42 76 6 13
3853 2 63 58 57 3
3854 1 32
3855 2 31 75 62 69 81
3856 2 48
3857 2 99 47 10 93 19
3858 2 23 59 41 35 51
3859 2 47 13
3860 1 28 47
3861 2 36 92 96
3862 1 59 43
3863 2 52 15 72 66
3864 1 85 53
3865 2 86 23
3866 1 99 59 44 6
3867 1 75 32 95
3868 1 48 47 45 58 34
3869 1 37 59 15
3870 1 84
3871 2 2 3
3872 1 57 42 47
3873 2 30 53 6 3 13
3874 1 79
3875 1 86
3876 1 1 55 101 91 85
3877 1 57
3878 2 35 2
3879 1 92 64 2 95
3880 1 97 83
3881 1 33 94
3882 1 19 43 9 8
3883 2 14 22
3884 2 71 9
3885 2 90 1 69
3886 1 69
3887 1 32 64 78
3888 1 77 95 70 85
3889 2 47 27 76 42 60
3890 1 35 85
3891 1 22 34
3892 1 41 73
3893 1 95 70
3894 2 68 99 30 11
3895 2 88 74 37
3896 1 17 23 94 42 6
3897 2 52 40
3898 2 88 60 58 36 1
3899 1 64 40 75 60 85
3900 1 76 75 66 35
3901 2 24
3902 2 44 39 59 49 55
3903 2 57
3904 2 99 35 74 67 20
3905 1 39 48 98
3906 1 45
3907 1 2
3908 2 70 63 58 50
3909 2 70
3910 2 38 72 12 65
3911 2 4 12
3912 2 86 16
3913 1 98 94 54
3914 1 34 56 76 12 36
3915 1 53 44 25 87
3916 1 86 32 60 10
3917 1 79 97 92 85 47
3918 1 64 63 87 3
3919 1 64 35
3920 2 75 48 23 12 100
3921 2 38
3922 1 4 82 42 16 5
3923 1 22 100 48 78
3924 1 19 68 2 62 77
3925 2 77
3926 1 84
3927 1 94 31 48 40
3928 1 99 23 76
3929 2 63 54 91
3930 2 23 40 47 62
3931 1 100
3932 1 62 72 53 28
3933 2 16 89
3934 2 7 46
3935 1 38 20 50 80 28
3936 1 15 57 16
3937 2 54 100 91 15
3938 2 80 69
3939 1 52 31 15
3940 2 23
3941 2 63 89 77 21 100
3942 1 75 53 38 74 12
3943 2 59 56 45 51 84
3944 2 52 64
3945 2 22 8 19
3946 1 82 92 27 23 51
3947 1 8 92 31 29 10
3948 2 73 46 55 87
3949 1 35
3950 1 22 24 93 69
3951 2 60
3952 1 56 31
3953 2 96 63 86
3954 1 48
3955 1 2 31 44
3956 2 64 61 88 30 57
3957 2 18 27 97 6 78
3958 1 30 66 20
3959 2 79 41 16 73 10
3960 1 8 87 58
3961 1 81 14
3962 1 26 28 7 60
3963 1 99
3964 2 44 9 17
3965 1 26 66 10
3966 2 49 77 32 9
3967 2 40
3968 1 92 42 60 40
3969 2 42 37
3970 2 57 11 26 41 48
3971 2 63 57
3972 1 16 101 63 18
3973 1 57 18 58
3974 2 56 44 90 22
3975 1 49 3 83 32 40
3976 2 9
3977 2 75 85 78
3978 1 4 93 34 81
3979 2 44 58 16 19 61
3980 2 101 31 82 12
3981 1 24
3982 2 64 76 62 52 83
3983 2 55
3984 1 16 94 83
3985 1 31 88 74 47
3986 1 82 43 80
3987 2 78 49 31 73
3988 2 85 94
3989 2 84 71 95 18
3990 2 16 64 100 25
3991 1 77 87
3992 1 52 22 58
3993 2 22 74 87 23 89
3994 1 83
3995 2 86
3996 2 90 45 11 92 100
3997 2 19 69 77
3998 2 34
3999 2 17 47 70
4000 1 15
4001 1 62 66 2
4002 2 87 4 40 44
4003 1 16
4004 1 23 73
4005 1 93 33 31 43 89
4006 1 97 39
4007 2 73 86 58
4008 2 61 41 26 38 1
4009 2 73
4010 2 49 13 67 54 85
4011 1 27 37 20 78 67
4012 1 40 54 62 97
4013 1 13 22 84 24
4014 1 88
4015 2 69 79 4 68 43
4016 2 59 82 67
4017 2 80 52 81 3 12
4018 1 17 47 52 41 16
4019 2 86 101 71 78 99
4020 2 63 10 32 13
4021 1 93 38
4022 2 59 23
4023 2 27
4024 2 50 94 100
4025 2 86 35 89
4026 1 7 3 6
4027 2 14 64 57 24
4028 2 79 87 63 37 23
4029 1 30 88
4030 2 53 64 36
4031 2 101 74
4032 2 69 81 87
4033 1 11 78 73 1 80
4034 1 26 9 87
4035 1 16 12 90 98
4036 1 51
4037 2 74 73
4038 2 68 8 72 6 55
4039 2 38 35 16 98
4040 1 6 80 48 81
4041 1 95 77
4042 1 46 47
4043 1 32 68 31
4044 1 18 49
4045 2 17 42
4046 2 28 71 21
4047 1 64 5 14 20 29
4048 2 23 79 33
4049 2 34
4050 2 93 80 89
4051 2 71 68 8
4052 1 27 51
4053 2 54 14
4054 1 19 28 64 74
4055 2 72 6 89 44
4056 1 52 87 95 33 1
4057 2 46
4058 2 27 82 90
4059 1 47 101 90 8 12
4060 2 79 48 13
4061 1 72
4062 2 100 41 40 55
4063 1 36 70
4064 1 85 41
4065 1 43 95 39
4066 2 16
4067 1 78 74 10 91 14
4068 1 49 32 28 58 54
4069 2 11 2 75 62
4070 1 44 36 33
4071 1 72 61 21 10
4072 2 56 31 46 88 48
4073 1 48 17 67
4074 2 81 69
4075 2 6 68
4076 1 33 55
4077 1 21 73 60
4078 2 25 78 26
4079 1 21 71 4
4080 1 91 96
4081 2 51 85 6 44 25
4082 2 71 69 46 12 51
4083 2 81 29 30 84
4084 2 2
4085 2 75
4086 1 3 7 41 47 58
4087 1 1 21 83 85 23
4088 1 45 92 18 77 13
4089 2 66
4090 2 42 66
4091 2 65
4092 1 49 37 48 3 72
4093 2 69 28 11 60
4094 1 65 91 62 22
4095 1 83
4096 1 14 48
4097 2 94 47 29 7 63
4098 2 47 14 26 76
4099 1 49 43 69 48
4100 1 64 15 73 63 26
4101 1 57 33
4102 2 94 69
4103 2 62 54 42
4104 1 47
4105 1 47 17 93 44 16
4106 1 77 101 19 32 83
4107 1 68
4108 1 52 71 98 82 74
4109 1 70 40 37
4110 1 62
4111 2 43
4112 1 50 75 31 82
4113 1 87 83 99
4114 1 90
4115 2 59
4116 2 62 59 98
4117 2 18 2
4118 1 11 89 59 12 79
4119 1 101 33 82 40 89
4120 1 89 60 19 85 28
4121 2 51
4122 1 93 39 20 95 4
4123 1 87 48 1
4124 2 78 45 53
4125 1 33 36
4126 1 80 28 82 17
4127 2 101 81 26
4128 2 34 28
4129 1 73
4130 2 58 9 90
4131 1 34 81
4132 1 21 23 8 100
4133 1 32
4134 1 34 78 61
4135 1 36 39
4136 1 35 73 2
4137 2 20 68 3 25
4138 1 3 59 73 15
4139 2 25 84 81 26
4140 2 13 17
4141 1 33
4142 2 1 18 78
4143 2 68 40 58
4144 1 2 91 59
4145 2 44 73 13 70 12
4146 2 15
4147 2 32 19 40
4148 2 55
4149 2 75 17
4150 2 22 57
4151 2 87 78 84 94
4152 2 72 27 13 1
4153 2 68 101 44 37
4154 1 58 41 18 17 98
4155 2 24
4156 1 54 60 32 36 43
4157 1 5 83 89 43 33
4158 2 45 67 41
4159 2 21 20 45
4160 2 32 77 99 9
4161 1 35 48 21
4162 1 55
4163 2 10 99
4164 2 4 69 26
4165 2 99 95 101 41 68
4166 1 13 28
4167 2 18 89 34 79 63
4168 1 67 29 51 82
4169 2 15 94 64 52
4170 2 97 43 98 9
4171 1 13 96 73 77 49
4172 1 81 62 24 66
4173 1 69
4174 1 23 38 59 33 50
4175 2 80
4176 2 70 87 100 18 46
4177 2 74 92 77 62
4178 1 20 25
4179 2 96 7 89
4180 2 74 77 47
4181 2 100 98
4182 1 95 66 22 34
4183 2 87 51 22 31
4184 2 46 66 84 25 68
4185 1 17
4186 2 31 43
4187 1 70 64 66 23 48
4188 2 9 6 86 49 50
4189 2 48 61 64 20
4190 2 15 41 90
4191 2 65 87 20 49
4192 2 44 62
4193 2 47
4194 2 52 71 53 41 57
4195 2 90 36 9 82
4196 2 98
4197 1 88 90
4198 2 12 84 10 21
4199 1 13 99 78
4200 2 76
4201 2 45 88 84
4202 2 55 52 45 18 46
4203 1 3
4204 2 96 1 13
4205 1 89 21 53 51 90
4206 1 77
4207 1 24 9 26
4208 2 80 90 89 31 83
4209 1 60 85 23
4210 2 40
4211 1 48 98 6
4212 2 9 47 88
4213 1 14 53 35 94
4214 2 93 79 92 91 96
4215 2 1 83
4216 2 20 91 40 14
4217 1 55 19 65 31 35
4218 2 58 84
4219 1 44 49 69 91 37
4220 1 86 17 75
4221 2 56 26
4222 1 77 38 33
4223 2 66 20
4224 1 28 76
4225 2 11 21 22 46
4226 1 86
4227 2 66 54 31 45
4228 2 18 72 11
4229 1 72 44 59 69
4230 2 38 70
4231 2 24 84 48 97
4232 2 48 76
4233 2 79 14 44 37 78
4234 1 76
4235 1 56 55
4236 2 95 96 23
4237 1 5 76 95 80 93
4238 1 11 10 98
4239 1 32 77 31 59
4240 2 24 45 48 91 4
4241 1 99 32 16 77 23
4242 2 26 97 83 13 41
4243 2 97 10 16
4244 1 76
4245 1 87 89 46
4246 2 66
4247 2 69 82
4248 2 42 101 9 8 6
4249 2 52
4250 2 35 26 1 53 81
4251 2 28 71 67 11
4252 1 30 67 55 70
4253 1 101 32 4 53 42
4254 2 38
4255 2 55 43 22 6 1
4256 2 68 16
4257 2 69 43 66
4258 1 92 59 55 84
4259 1 50
4260 2 30
4261 2 39 54 97 90
4262 2 61 14 59
4263 2 95 6
4264 1 75 52
4265 2 18
4266 1 30 72 27
4267 1 63 79 25 14 69
4268 1 47 90 50 7
4269 2 18 48 13
4270 1 12 19 27 49 17
4271 1 1 62 34 5
4272 2 67
4273 2 12
4274 2 59
4275 1 35 40 78 85 75
4276 2 30 28 2 61
4277 2 89 58 78 81 65
4278 2 7 90 22 74 75
4279 2 7 5 27 10 41
4280 2 63 17 82 58
4281 1 100 11
4282 1 58
4283 2 81 71 33 3 10
4284 2 9 43 86
4285 1 59
4286 1 68 31 40
4287 1 95 98 2
4288 2 29 54 4 91 73
4289 2 91 64
4290 2 63
4291 1 91 64 73
4292 1 82
4293 1 11 21 60
4294 2 91 85 26 2
4295 2 91
4296 1 98 14 7 37 47
4297 1 99 37 73 38 41
4298 1 15 86 52 50 73
4299 1 47 54 52 95
4300 1 9 92
4301 2 83 3 99 26
4302 2 15 27
4303 1 58
4304 2 19
4305 1 55 31 68
4306 1 1 77 50 70
4307 2 15 63
4308 2 15 95 77
4309 1 75 84 22 21
4310 2 51 96 81 92 86
4311 2 85 16
4312 1 2 24 83 48
4313 2 101 72 69
4314 2 59
4315 2 37
4316 1 29 83 31 81
4317 1 24 34
4318 1 17 78 24 90
4319 1 16
4320 2 38 77 44 56
4321 2 24
4322 1 72 15 92 73
4323 1 21 79 38 40 63
4324 2 35 26 9 94 99
4325 2 17 65 43 31 24
4326 1 21 41
4327 2 53 94 12 68 72
4328 1 41 71 79 72 54
4329 2 26 10 43 34
4330 1 80 5 51 63 37
4331 1 24 26 13
4332 2 43 38 100
4333 2 62 95 39 88 36
4334 2 92
4335 1 33 25 8
4336 1 100 4 60
4337 2 97 19 80 74 84
4338 1 19 44 80 48
4339 2 94 49 61 46
4340 2 28
4341 2 65 85 55 1 76
4342 1 25 62 86 34 88
4343 2 34 17
4344 1 88
4345 2 99 76 80 27
4346 1 68 74 58 36
4347 2 17
4348 1 71 48
4349 2 36 28 25
4350 2 76 37
4351 2 70 86 69 95
4352 2 97 24
4353 1 6 76 31 85 19
4354 1 59 3
4355 2 32 98 12 62
4356 2 43
4357 1 98 81 77 3 9
4358 2 28 78 31 94
4359 2 101 98 69
4360 2 12
4361 2 91 19 93
4362 2 16 57 99 95
4363 2 8
4364 1 49 1 5
4365 1 75 36 9 73 22
4366 2 11 58 96 7
4367 1 92
4368 2 49 69 93 34 63
4369 2 27 85 70
4370 1 50
4371 2 97 4 58 78
4372 1 92 83 10 40 44
4373 2 68 14 67 101 23
4374 2 43 24 32
4375 1 36 82 83 28 64
4376 1 60 31 49 62
4377 2 10 81
4378 2 83
4379 1 6 69 31 52 38
4380 2 34
4381 2 86 60 28
4382 2 49 59 84 93 4
4383 1 87 65 54 93 101
4384 2 8 89 21 2 1
4385 2 75
4386 1 52 19 5
4387 1 100 44 64 42 68
4388 2 47 17 80 19
4389 2 18 48
4390 1 53 76 66 75 29
4391 2 68 65 90
4392 1 38
4393 1 63 25
4394 2 82
4395 2 7 40
4396 2 24 37 54
4397 2 13 87 20 69 56
4398 2 7
4399 2 98 37 51 1
4400 1 43
4401 1 12 96
4402 1 9 42 95
4403 2 54 14 59 36 72
4404 2 47 85 19 14
4405 1 87 94
4406 1 56 77 82
4407 2 9 23 30
4408 2 23
4409 2 93 69 19 44 72
4410 1 2 60 42 84 20
4411 1 57 5 1
4412 2 40 1 3 17
4413 1 98 23 77 70 61
4414 1 67 22 83
4415 2 42 66 72
4416 2 90
4417 1 43
4418 1 54 79 28 60 72
4419 2 63 77 78 48
4420 1 38 57 46
4421 2 25 20 77 26
4422 2 10 45 85 47
4423 1 91 50 85 17 31
4424 2 19
4425 2 67 64
4426 1 96 79 74
4427 1 6 9 84 25 57
4428 2 94 60 6 83 32
4429 1 75 71 34 76 91
4430 1 71
4431 1 25 69 24 75
4432 1 44 95
4433 1 6 88 100 71 43
4434 1 58 30 27 64
4435 2 15 45
4436 2 71
4437 2 65 63 19
4438 2 40
4439 1 13 6
4440 1 14 24 68
4441 1 56 17
4442 2 37
4443 1 19 22
4444 2 11 49 84 91 86
4445 1 69 98 21 47
4446 1 64 40
4447 1 27 51
4448 1 73 35 44
4449 1 67 28 77 54 3
4450 2 84 58 2 6
4451 2 101
4452 1 100 38
4453 1 36 20 21
4454 1 83 38 46 76
4455 1 50 34 27 40 56
4456 2 86 44 49 66 95
4457 1 23 58 19 27
4458 2 26 46 13 60
4459 2 18 61
4460 2 52 56 80
4461 2 46 84 7 60
4462 1 62
4463 1 44 73
4464 1 61
4465 2 58 82 64
4466 1 57 27
4467 2 27 91
4468 2 21 24 100 54
4469 1 13 84 61
4470 2 65 45 3
4471 2 101 86 35
4472 2 96 101 3
4473 1 48
4474 2 65 14
4475 1 41 81 53 26
4476 2 15 81
4477 2 45 32
4478 1 66 96 31 20
4479 2 16 25
4480 2 29 15 80 13
4481 1 84 67
4482 1 42 33 64 20
4483 2 12 30 90 77 81
4484 2 64 46 48
4485 2 59 94
4486 1 12
4487 1 23 44 19 63
4488 2 30 5 62 87 59
4489 2 28 23 33 64
4490 2 81
4491 1 59 34
4492 1 87 67 53
4493 1 88 16 99 14
4494 2 29 96 75
4495 2 23 52
4496 1 42 88 53
4497 2 29 68
4498 2 92
4499 2 46 84 100
4500 2 22 64 50
4501 2 65 32
4502 1 48 93
4503 1 80 48
4504 1 97 47 41 83 68
4505 1 3 32 91 8 6
4506 2 3
4507 1 51 74 17 2 14
4508 2 54
4509 2 98 63
4510 1 65
4511 1 81
4512 2 85 80 65
4513 2 99 41
4514 1 12
4515 1 24 91 76
4516 1 67 42
4517 2 30 89
4518 1 21 26 31 48 90
4519 2 84 51 94
4520 2 45 100 80
4521 2 42 85
4522 2 26 39 45 23 28
4523 1 19 44 42 41 28
4524 2 82
4525 1 57 79 89 44 26
4526 2 16
4527 1 28 94 45 98
4528 2 57 95
4529 2 7 88 9 96 56
4530 1 82
4531 1 89 35 100 41
4532 2 17 52 56 3 89
4533 2 47 101 68 29
4534 1 43 28 7 37 98
4535 2 67
4536 1 40 59 62
4537 1 1
4538 1 86 56 12 26 77
4539 1 34 55 2 97 81
4540 2 31 78 87 83
4541 1 8 86
4542 2 83 59 58 92
4543 1 77 47 48 98
4544 2 84
4545 1 2 17 95
4546 1 28
4547 2 69 64 33 13
4548 2 22 26 42 21 76
4549 2 65 40 72 42
4550 2 40
4551 1 86
4552 1 9 42 59
4553 1 81 45 2
4554 2 5 21 75
4555 2 100 63 99 92 71
4556 2 29 81
4557 1 21
4558 2 11 86 6 1 87
4559 1 70
4560 2 76
4561 1 8 43 34
4562 2 59
4563 1 60
4564 2 98 35 10 54 15
4565 1 16 12 95 46
4566 2 82 25
4567 2 56 2 27 64
4568 2 5 97 28 81
4569 1 16 42
4570 2 47
4571 2 42
4572 2 68 79 45
4573 2 40 86 61 69
4574 2 52 57 91
4575 2 36 57
4576 2 90 56 16
4577 1 49 6 50 35 48
4578 1 22 66 93 61
4579 2 36 96
4580 1 24 73 98
4581 2 86 44 90 66 51
4582 2 41 20 1
4583 1 101 1 53
4584 1 42
4585 2 59
4586 1 33 63 62 69
4587 1 42 82 13 2
4588 1 64 71 79 28
4589 1 95
4590 2 78 84 55
4591 1 23
4592 2 78
4593 1 16 46 6
4594 2 21
4595 2 61
4596 2 94 48 34 65
4597 1 26
4598 2 5 18 2 48 65
4599 1 26 29 68 65
4600 2 15
4601 1 24
4602 1 16 72
4603 2 76 86
4604 2 80
4605 2 25
4606 2 30
4607 1 17 88 52 34
4608 1 71 7 2
4609 1 45 72 41 96
4610 2 85
4611 1 100 7 13 73 29
4612 2 91
4613 1 90 96 9 57
4614 2 15 7 97 100 96
4615 2 84 98 70 95 94
4616 1 64 53 18
4617 2 23 39
4618 1 97 26
4619 1 44
4620 2 69
4621 2 88 75 18
4622 2 2 18 26 45
4623 1 6
4624 1 74 98 49 11
4625 2 87 45 40 69 61
4626 2 92 48 4
4627 2 85 67 38 13 49
4628 2 44 89 81 16
4629 2 19 23
4630 1 31 56 7
4631 1 4 71 76
4632 2 13 54
4633 2 3 9 87 57
4634 1 69 1 64
4635 1 34 8 12 11
4636 1 55 52 41 64
4637 2 2 27 7 13
4638 2 24 53 17
4639 2 56 83 4 91
4640 2 20 34
4641 2 24 34 3 86
4642 1 51 96 38 26 35
4643 1 52 18 8 3 99
4644 2 10 54
4645 1 4 65 45 49
4646 1 96 101
4647 2 3 76 8
4648 1 74 71 3 59
4649 2 58 7 32
4650 1 34
4651 1 9 28 82 8
4652 2 24 26 82
4653 1 29 27 77 2 7
4654 2 14 62 91 83 46
4655 2 70
4656 1 53 4
4657 2 90 63 64 45 40
4658 2 53
4659 2 21 50 97 96 18
4660 2 2 56 92 12
4661 2 27 2 40
4662 1 11
4663 1 34 17 42 5 85
4664 1 13 96 56 87
4665 2 63 19 2 80 7
4666 2 61 13 24 66
4667 1 60 101 82
4668 2 78 6
4669 2 21 8 41
4670 1 37 17 10 6
4671 2 37 31 82
4672 2 66 6 16 10
4673 2 70 14 15
4674 1 98
4675 2 68 40
4676 2 4 34
4677 2 91 30
4678 2 90
4679 1 83 45 46 22
4680 1 69 96 43
4681 2 44 51 59 68
4682 1 9 1 3 46
4683 1 99 43 46
4684 2 80 91
4685 2 5 71
4686 1 93 27 56 94 36
4687 1 73 19 6 20 2
4688 1 74 11 82
4689 2 58 94 2 67 77
4690 1 15
4691 2 95
4692 1 70 45 89 16 85
4693 2 45 53 46 2
4694 2 34 89 23
4695 1 41 65 80
4696 2 32 38 35 44 96
4697 2 61 99 6 40
4698 1 66 58 9
4699 1 63 31 75
4700 1 91
4701 2 28 70 60
4702 1 63 24 54 65
4703 1 67 95
4704 2 94 65 100
4705 2 101 26
4706 2 75 74 36 57 82
4707 1 81
4708 1 51 95 84 17 14
4709 1 68 77 25
4710 1 11
4711 1 21 84
4712 2 34 23 57
4713 1 73 69 47 46
4714 1 5 50 32 78 85
4715 2 9 91 27 18 58
4716 2 95 70 56
4717 2 90 68
4718 2 2 44 61 76
4719 2 100 17
4720 1 97 79 95
4721 2 94 72
4722 1 61 11 25 8 82
4723 1 97
4724 2 16 25 51 65 87
4725 2 94
4726 1 18 95 20 57
4727 2 10
4728 1 86 93 87 69
4729 2 73 47 61
4730 1 56 27
4731 1 21 83 56 73 70
4732 1 90 59 71 5
4733 1 64 27 42 84 16
4734 1 95 56 44
4735 2 17 10 89 92
4736 1 90 7 70 22
4737 1 73 54 21 93 32
4738 2 45 54 41
4739 2 8 38 22 39
4740 1 100 6 81 5
4741 2 69 13 89 93
4742 1 44 53 72 77
4743 2 30
4744 2 59
4745 1 18
4746 2 55 89 59
4747 2 33 28 78 69 60
4748 1 99 44 10 93 43
4749 2 57
4750 1 22 25 18 24
4751 1 94
4752 1 34 22 31
4753 1 36 71 2
4754 1 86 14 36 68
4755 1 8 73 96
4756 2 100
4757 2 5 23 36 64 44
4758 1 42 31
4759 2 85 44 80 97 84
4760 2 81 92
4761 1 67 97 47 30
4762 1 35
4763 1 77
4764 2 51 99 90 79 22
4765 1 64 99 95 82
4766 1 87 37 28 83 58
4767 1 63 60 91 43
4768 2 47
4769 1 2 33 15 55 41
4770 2 64 94
4771 1 34
4772 1 57 14 11
4773 1 89
4774 2 67
4775 2 21 19
4776 1 54 19 65 73 58
4777 2 71 75 9 97
4778 2 80 98 22 61 36
4779 2 41 63 96 48 43
4780 1 30 35 90 99 39
4781 2 12
4782 2 28 97 38 42 69
4783 2 55
4784 1 40
4785 2 42
4786 1 14 29 5
4787 2 81 90 17 70 8
4788 1 15 9 69 34
4789 1 92
4790 1 47 40 99
4791 1 47 68
4792 2 88 10
4793 1 17 76 10 23 84
4794 2 25
4795 1 26 20
4796 1 93 27 21 48 2
4797 1 39 83 95 29 74
4798 2 72 48 4 63
4799 2 50
4800 1 82 29 77
4801 2 29 23 1 28 25
4802 1 16 13 92 26
4803 2 66
4804 1 82
4805 1 75 60 58
4806 1 29
4807 2 75 46 86 93 47
4808 2 63 43 45
4809 2 51 93 61
4810 2 6 78 2 95
4811 2 18 50 101 41 54
4812 1 17 82
4813 1 90 86 22 55 24
4814 2 86 6 19
4815 1 9 83
4816 1 65 4 24 2 87
4817 2 19 92 38
4818 1 30 65 70 12 8
4819 1 12
4820 2 96 11 42
4821 2 42 20
4822 1 5 66
4823 2 43 47 24
4824 2 92 40 31 68
4825 2 89 51 28
4826 1 97 43
4827 1 101
4828 2 85
4829 1 93 86 50 12
4830 2 80 52 34 39
4831 1 65 72 17 88 26
4832 1 71 3 51 93
4833 2 12 4 77 76
4834 2 97 21 31 19 39
4835 1 72 68 30 77 101
4836 2 13 73 2 58
4837 1 94 55 34 24
4838 1 1 76 94 44 27
4839 2 5 62 69
4840 1 74 38 56
4841 1 89 86 30 60
4842 2 35 66 41 101
4843 1 100
4844 1 5 17 82
4845 1 36 54 1 14 29
4846 1 37
4847 1 55 10 21 7
4848 2 93 10 84
4849 2 22 10 85 89
4850 1 64
4851 1 56
4852 1 40 83 33 79 37
4853 1 13 25 88 82
4854 1 74
4855 2 64 58 29 50
4856 2 13 4
4857 2 65 80
4858 1 98 8
4859 1 65
4860 1 60 43 87 3
4861 1 24
4862 1 61
4863 1 29 12 41 73 39
4864 2 20 77 22 69 73
4865 1 96
4866 2 17 2
4867 2 39 26 70 28 60
4868 2 47 31 87 75
4869 2 41 3
4870 1 85 48 47 49
4871 1 62
4872 1 11 86 40 45 46
4873 2 24 79
4874 2 17 3 45 96 46
4875 1 62 58 55 9
4876 1 13 93 29 96 46
4877 1 11
4878 1 90 80 79
4879 2 77
4880 1 50 46 94
4881 1 37 25 46
4882 2 53
4883 2 72 84 75 62
4884 2 87 44 18 31
4885 2 73 20 23 10
4886 2 50 55 59 77
4887 2 29 54
4888 2 56 34
4889 1 43
4890 1 95 71 17 2
4891 2 12 86 48
4892 2 25 89
4893 1 55 6 69
4894 1 30 56 62 79
4895 2 91 5 67 39
4896 2 99 10 90
4897 1 26 74 29
4898 1 91 82
4899 1 70 53 16 97 46
4900 2 63 37 64 18 85
4901 1 77 47 91 73 36
4902 2 40 47 91 70
4903 1 29 85 65 74
4904 1 13 97
4905 1 10 29 92 18 87
4906 1 37 34 88
4907 2 11
4908 2 85 58
4909 1 44 3 41 89 51
4910 2 60 82 92 7 2
4911 1 100
4912 1 58 78
4913 1 23
4914 2 53 100 24 66
4915 1 4
4916 2 91 46 29
4917 1 64 23
4918 1 83 8 12 66
4919 1 21 99 53 54 30
4920 2 2 72 41 37
4921 2 59 96 80
4922 1 1 51
4923 2 30
4924 2 96 20 5
4925 2 85 7
4926 1 32 99 9
4927 2 45
4928 1 90 67
4929 1 64 29 10 46 89
4930 2 34 29
4931 2 4
4932 1 97 92 52 16
4933 1 83 76 97 100
4934 2 90
4935 1 64 57
4936 2 10 88 46 13 34
4937 2 39 3 79 33 22
4938 2 50 61 78 1 30
4939 2 52 89 1 30 49
4940 2 1
4941 1 71 64 99 53 8
4942 1 4
4943 1 17
4944 1 53 46 67
4945 2 16 77 2 9
4946 2 92 67 79 37 30
4947 2 93 1 97
4948 1 99
4949 2 99 67 19
4950 1 2 25 28
4951 1 9 14 87 65 76
4952 2 68 18 32
4953 2 69 63 55 86
4954 2 2 63 67 42 61
4955 2 56 58
4956 2 87 30 69
4957 2 22 90 78
4958 2 21 3 98 26
4959 1 21 100 74
4960 1 28 34 21 11
4961 1 77
4962 1 56 96 92 100 60
4963 2 62 45
4964 2 97 49 83
4965 2 49
4966 2 71 33 69 37
4967 2 50 78 101 62
4968 1 46 17
4969 2 57 54 66
4970 1 69 16 32 82
4971 1 48 81 39
4972 2 35
4973 2 43
4974 1 5
4975 1 40
4976 1 9 12 3
4977 1 48 32 16 26
4978 1 19 29 35 60 3
4979 2 29 4
4980 2 39
4981 1 60 37 15 61 96
4982 1 68 4 64 43
4983 1 31 43 61 10 87
4984 2 7
4985 2 32 56 71 36 45
4986 1 60 39
4987 1 17 13 75 92 21
4988 1 96 3
4989 1 57 51 52 83 19
4990 2 39 62
4991 2 72 47 44 6
4992 1 26 52 94 59
4993 1 77 88
4994 1 22 97 70
4995 2 100 93
4996 1 43 71
4997 1 99 59 68
4998 1 51
4999 2 65 88 33 90 80
5000 1 2
