101 50
1 38 120
2 31 760
3 3 174
4 42 244
5 34 537
6 23 532
7 14 564
8 27 89
9 27 554
10 7 820
11 26 783
12 50 127
13 48 960
14 36 412
15 41 973
16 48 865
17 44 356
18 10 908
19 17 179
20 16 513
21 42 591
22 3 552
23 2 303
24 36 503
25 13 700
26 29 65
27 44 434
28 48 341
29 50 282
30 24 436
31 48 257
32 45 666
33 49 395
34 46 139
35 6 630
36 31 697
37 4 677
38 49 657
39 26 68
40 33 249
41 27 957
42 1 249
43 25 985
44 43 414
45 16 887
46 12 397
47 49 671
48 21 221
49 44 420
50 20 705
51 48 910
52 12 879
53 36 478
54 9 257
55 39 554
56 37 509
57 22 964
58 34 138
59 18 469
60 36 938
61 41 367
62 35 698
63 33 153
64 40 406
65 15 299
66 25 918
67 9 707
68 18 39
69 2 43
70 33 821
71 24 243
72 25 324
73 38 221
74 1 314
75 6 15
76 26 421
77 3 361
78 50 374
79 20 163
80 16 544
81 40 80
82 50 56
83 47 967
84 11 753
85 6 832
86 27 201
87 1 984
88 38 766
89 33 999
90 3 576
91 44 649
92 8 657
93 38 866
94 25 46
95 22 178
96 12 211
97 37 373
98 15 651
99 24 22
100 46 575
101 14 136
1 186 32
2 154 33
3 352 61
4 459 86
5 140 18
6 456 21
7 132 64
8 458 17
9 378 52
10 146 88
11 206 99
12 101 22
13 272 68
14 297 76
15 330 62
16 345 91
17 128 99
18 153 53
19 415 14
20 434 21
21 103 40
22 420 55
23 234 65
24 178 97
25 360 13
26 327 25
27 149 70
28 327 33
29 461 65
30 478 81
31 105 49
32 499 65
33 322 37
34 177 58
35 142 17
36 227 25
37 483 89
38 134 81
39 348 87
40 299 39
41 159 78
42 167 30
43 494 92
44 137 10
45 237 21
46 489 18
47 364 59
48 246 14
49 118 17
50 471 51
1 6 1 17 67 56 93
2 24 78 12 55 22 20
3 45 77 90 55
4 20 76 88 58 68 41
5 34 37 83 62 72
6 39 87 27
7 6 58 27 63 77
8 8 9 44 4 47
9 17 69 41 50 97 3
10 5 37 75
11 26 84 44 76
12 18 21 36 40 30
13 30 9 5
14 38 8 21
15 11 92 41
16 7 65 35 76 90
17 18 63 73 83 76 89
18 50 42 95
19 42 36 101 64 54
20 35 84 55 52 69 43
21 27 98 53 55 46 77
22 33 54 3 57 59 86
23 42 24 99
24 48 79 10
25 39 41 25 55
26 10 7 37 19 86 80
27 34 34 62
28 41 42
29 39 70 79 26 57 43
30 45 18 52
31 8 73 9
32 35 15
33 39 19
34 40 24 16 21 92
35 44 7 1 33
36 33 21 67 63 54 88
37 39 100
38 49 49 53 27 81
39 6 66 14 5 91 33
40 12 91 52 9
41 21 40 39
42 20 9
43 43 40 60 28
44 42 11 29 10 49
45 20 76 27
46 7 95 7 73 55 44
47 20 20 38 58
48 1 16 53 42
49 49 69 64
50 28 45 70 30
51 13 76
52 3 76
53 4 24 93
54 32 96 94 14
55 46 86 43
56 33 67
57 28 1 49 40 85 53
58 28 83 58
59 37 40 90
60 12 53 93 44 38 6
61 30 4 44 75
62 35 27 2
63 32 94
64 26 68
65 32 87 12 55
66 16 72 15 34
67 7 10 39 50 58
68 29 47 15
69 4 33
70 50 86
71 7 80 72 8 7
72 50 100 25 94 6
73 11 86 11 24
74 33 51 4 17 83
75 16 5 100 72 55 65
76 33 17 49 50 21 67
77 40 83 35 46 87
78 36 73 91
79 43 49 46 52 85
80 25 29 21 68 78 45
81 26 51 60
82 24 20 27 10 90
83 25 15 68 43
84 8 75
85 4 42 12 48 98 77
86 12 17
87 37 38 97 83
88 24 18 78 86
89 32 26 32
90 38 82 8 79 92 33
91 5 75 94 23
92 18 77 27 42
93 48 52 48 82 73 60
94 34 21 70 1
95 6 54 53 68
96 26 6 97 51 89
97 48 72 81
98 11 80 93 60
99 15 36 68 91
100 46 88 82
101 5 82
102 40 76
103 35 46 20 36 14 101
104 14 76 91 94 44 46
105 45 82
106 7 6 93 29
107 16 5 70
108 22 23 61 62 3
109 41 10 21 31 70 16
110 30 41
111 22 79 36
112 27 83 101
113 24 4 33 31 28 6
114 24 1 41 45 66 55
115 14 93
116 48 14
117 46 17 81 78 46 69
118 10 40 33
119 42 33 84 46 16 51
120 36 78 84 38 37
121 34 97 67 60 2 61
122 30 75
123 21 60 80 52
124 36 85 46 64
125 30 21 80
126 21 48 50 9 91 41
127 42 36 65 3 8
128 46 10 52 43 24
129 31 37 92 21 53
130 33 87 11 24
131 50 17
132 4 48
133 12 94 44 56 57 19
134 30 60
135 50 33 38 8
136 40 80
137 47 13
138 30 87 70
139 16 60 84
140 21 71 79 12 11
141 11 56 78
142 40 90 33
143 22 52 54 93 24 79
144 10 43 72
145 39 35 31 95 99
146 40 85 62 3 97 88
147 20 100 101 90 18
148 5 91 44 66
149 23 7 33 18 79
150 8 77
151 48 48 43 2 50 98
152 5 68
153 23 96 72
154 36 71 47 66 12
155 12 7 69 91
156 24 24 28 14 43 8
157 27 55 29 3
158 37 37
159 27 72
160 6 92 34
161 27 92 74 77 33 7
162 1 89
163 41 71 87 58 35
164 22 58
165 48 100 97
166 12 67
167 16 9
168 48 68 76
169 44 52 57 77
170 35 47 12
171 48 78 50
172 17 43 83 65 71
173 17 63
174 24 42 20 59 23 69
175 18 101 28 61
176 32 48 88 24 28 87
177 35 24
178 22 89 71
179 4 36 63 6
180 31 82 57
181 50 73 3
182 46 67 5 1 63 39
183 44 77 34 66
184 7 18 88 95 1
185 14 2 48 37
186 22 52
187 38 49 76 10 28 37
188 18 44 20 76 53 82
189 22 101 85 93
190 8 59 85 62 49 35
191 3 86
192 8 20 37
193 29 94 70 10 45 68
194 3 1 34
195 24 71 72 5
196 34 18 67
197 34 41 97 53
198 39 10
199 20 60
200 20 34 33 10 36
201 41 21 25 99 7
202 2 3
203 30 99 19
204 23 3 99
205 34 6 8 89 25
206 44 76 94
207 24 90 37 19 29
208 40 90 68 29
209 2 77 86 69
210 10 84 11
211 44 69 18 73 50
212 4 58
213 10 44 90 99
214 29 1 65
215 26 67 96
216 16 58 59 61
217 24 91
218 18 31
219 38 11 60
220 18 23 5
221 4 87 15 1
222 18 82 78 94
223 34 40 47 10
224 19 41 23
225 12 29
226 35 3 41 87 34 97
227 28 12 26 82 57 72
228 10 39 19 95 44 3
229 11 90 93 36
230 47 58 60 33
231 29 11
232 27 35 20 30 40 23
233 44 30 81 26 36 63
234 28 80 46 4
235 33 80 6
236 36 41
237 47 64 60 51
238 19 43 21
239 6 99 62 8 53
240 6 32 46 100 99
241 12 6 23 3
242 21 5 69 79 59
243 6 3 99 100 76 51
244 31 33 46 39
245 25 16
246 11 10
247 32 66 90 28 87
248 27 99 71 100 95 24
249 17 51 67 39
250 42 73 32 57 43 95
251 48 43
252 12 48 27 38 43
253 33 94 26 67 36 44
254 32 88 15 28 82 41
255 27 7 32
256 19 36 99 13 26 7
257 36 48
258 4 70 28 95
259 26 37 43 31 45
260 30 1
261 18 93 38 72
262 33 48
263 14 80
264 1 87 24 62 34
265 19 62 92 66 43 49
266 2 60 74 88
267 13 56 80 82 89 17
268 7 36 89 55
269 17 44
270 12 47 71
271 46 50 73 69
272 21 41
273 14 46 16
274 43 81 61 68
275 14 12 25
276 21 99
277 41 57 83 7 48
278 23 69 2 9 25 59
279 38 84
280 29 24
281 5 50 41 96 80
282 19 28 15 20
283 6 91 99 86 51 21
284 30 86 24
285 41 100 64
286 13 83 98
287 48 11
288 38 92 61 99
289 23 21 59 75
290 27 41
291 50 13
292 47 45 2
293 46 9
294 23 84 33
295 39 97 77
296 50 49
297 33 100
298 45 33
299 33 62 22 101 91 36
300 35 94 62 81 38
301 18 3 24 7
302 27 57
303 23 94 17
304 38 77 100 101
305 15 44 98 60
306 18 99 40 34 67
307 19 45
308 44 4 64 17 56
309 23 13 89 30 40
310 43 32 35 74 31
311 11 88 70 9 57
312 17 69 9 22 53 27
313 32 77
314 13 24 55 4 93
315 24 56 79
316 22 38 83 31 80 20
317 41 24
318 33 99 94 31
319 6 40 62 29 87
320 21 55
321 16 74 82
322 21 18 10
323 47 84 60 36 38 70
324 31 26 76 75
325 9 85
326 23 36 62 39 1
327 42 11 101 45 60
328 29 26
329 44 33 100 71
330 34 58
331 28 60 78 56 39
332 36 101 97
333 7 11 48 52
334 8 5
335 25 54 75
336 38 82 78 5 77 88
337 18 4 66 92
338 22 23 61 95 36
339 27 1
340 16 78 30 87 14 66
341 10 30 5 59
342 5 57 81 50 58 9
343 25 65 93 11
344 34 29 11
345 2 27
346 49 78 82 93 91 3
347 11 20 93
348 29 76 17 39 15
349 41 52 68
350 46 82
351 8 87 3 36
352 50 81 2 18 32 37
353 40 58 32 62 69
354 32 14
355 30 86 84
356 18 70 77 93 20
357 33 76 40
358 48 71 73 60 27 4
359 36 22 26 74 25
360 18 25
361 4 62 96 44 89 57
362 2 78 6
363 38 61
364 21 99 86 56 81
365 40 43
366 9 77 20 55 33
367 48 82
368 20 37 78 26 50 72
369 17 43 69 20
370 46 4 67 80
371 40 64 44 93 85 16
372 47 62 22 37 85
373 15 86 11 53 61
374 11 74 60 101 7 56
375 39 80 76 10
376 43 11 90
377 18 51 39 50 98
378 24 15
379 45 21
380 25 50 58 101 55
381 25 58
382 35 13 86 33 10 20
383 28 40 73 30 72 71
384 20 80 39
385 36 43 60 41
386 40 47 27 8 85
387 47 73
388 36 79 80 27
389 8 83 53 2 38
390 9 83 3 47 22 91
391 16 34 86 57
392 16 95 25 94
393 16 58 93 46 71
394 32 84 51 61 54 16
395 39 66
396 1 1
397 6 76 83 66 58
398 31 19 16 76
399 40 18 13 65 52
400 17 5 26
401 39 45
402 26 54 26 76 11
403 1 39 49 83
404 34 17 30
405 12 12 25 27 98 97
406 13 86
407 8 58 83 41 26
408 40 94
409 31 83 93 49
410 13 75 15
411 7 101 68 61 35
412 1 46 53 12 84 61
413 48 18
414 37 83 95 94
415 28 45 36 88 3 100
416 33 18 83 35 23 80
417 32 74 91
418 43 62 87 63
419 4 74 84 33 85 32
420 38 65 72
421 7 64 14 26 90
422 12 96 98
423 44 65 74 82 89 5
424 5 4
425 33 25 85
426 48 69 40 33 82
427 15 85 30 13 25
428 34 52 44 66
429 18 83
430 17 61 2
431 4 39 74 73
432 29 45 24 88
433 5 77 40
434 13 58 98 9 15
435 41 77 20 91
436 42 32 24
437 31 15 74 52 59
438 15 20 16
439 21 17 76 28 52 99
440 30 63 13 90
441 45 70 92 8
442 45 75 20 6
443 25 60
444 42 89
445 18 22 5 56
446 34 30 21 73
447 4 36 19
448 29 59 79 78 60
449 5 88 48 10
450 33 26 8 37 79
451 41 4 2 98 9 65
452 48 83 68 70 48 25
453 34 68 43
454 11 75 53 12 55 76
455 48 26 8 44
456 10 91
457 13 82
458 48 55 19 7 30 13
459 50 95 67 38
460 43 67 9 8 68
461 4 67 77 26 81 53
462 37 34 71 76
463 10 72 17 57
464 5 90 28 16
465 24 74 15 101 20 4
466 22 97 45 27 78 82
467 17 49
468 21 2 83 28 27 100
469 14 20 42 47 95
470 6 100 84 49 17 40
471 1 63 60 54 96
472 42 92 90 87
473 33 90
474 41 80 99 50
475 6 12 11 52
476 10 77
477 3 6 86
478 40 67 27 3
479 42 91
480 17 37 31 75
481 16 52 57
482 17 24 14 59 100
483 16 67 68 90
484 39 39
485 14 46 33 70 36 57
486 32 5 17 39
487 28 66 34 87 14
488 2 33
489 36 16 32 91 26 78
490 1 10 66 6 9 60
491 12 82
492 34 91
493 1 58 61 80 76
494 20 99 11
495 49 44 74
496 10 55 71 82 43 80
497 44 95 66 56 58 80
498 10 71 45 51 25
499 26 98
500 5 76 33 44
501 10 18 46
502 42 88
503 45 12 48 8 35
504 47 23 3
505 46 48 7 76
506 32 95 35 49 90 36
507 24 95 6
508 11 61 71 93 37
509 16 48 73 92
510 11 71 68 90 43 16
511 15 65 16 89 70
512 19 5
513 22 71 82 84 10
514 23 35 93 85
515 23 6 62
516 3 67 27 41
517 47 60 31 5
518 43 44
519 27 51
520 23 83 30 14
521 17 94 25 3 88
522 40 34 57
523 8 63 101 95 93 58
524 39 83
525 17 5 79 30 23 88
526 33 64 1 43 53
527 17 74
528 50 45
529 42 39
530 24 57 37
531 37 22 42 53 20 1
532 19 61 17
533 46 1 94 16 64
534 16 28 1 4 88
535 16 32 40 94
536 1 10 43 46 54
537 45 5
538 5 20 51 33 13
539 19 11 33 54 17 18
540 43 74 94 38 98 24
541 28 98 55 43 46 96
542 30 77 73 56 93 48
543 10 87 40 16 36
544 18 99 12
545 10 59 47 54
546 38 73 97 30 45
547 26 84 63 85 45
548 19 13 39
549 2 11
550 10 60 43 48
551 8 63 53
552 29 51 18 75 53
553 19 50
554 37 80 99 94 23
555 25 53 26
556 28 49
557 33 89 5 14
558 44 74 54
559 50 40 53 73 36
560 37 55
561 19 45 83 71 49 68
562 12 21 60 59 38 97
563 50 3 50 25
564 44 14 41 40
565 19 85 82 92 80
566 49 86 68
567 45 39 87 2 93
568 42 22 46 17 101
569 49 37 100
570 19 20 100
571 20 55
572 26 60
573 43 60 25
574 27 32
575 42 80 73 41
576 22 22 71 12
577 29 88
578 19 11 20 61
579 39 8 17 23
580 23 11
581 23 61 19 43 63
582 9 62 65 38
583 35 49 23 25 33 97
584 12 60 30
585 9 29 43 5 74 50
586 2 4 99
587 33 59 70 32
588 25 38
589 29 99 53
590 18 69 35 86
591 15 88 3 20 98 60
592 28 59 32 26 40
593 2 46 63 24
594 18 30 4 19 6
595 40 51 8 28
596 8 100
597 22 72
598 17 42 96
599 47 88 63 89 33
600 1 95 64 3 98
601 50 79 86 24 14
602 43 67 45 82
603 41 99 88 62 89
604 34 6 23 101
605 7 53 13 10 22
606 21 93 17
607 33 5 49
608 45 27 54 31 39
609 3 98
610 35 88 101 60 34 44
611 23 23
612 17 51 37
613 34 11 34 19 16
614 38 25 53 70 71 58
615 26 64 11
616 1 75 32
617 38 67 74 87
618 46 35 81 18 2 75
619 7 29 94 61 97
620 47 95
621 34 76 2 87 9 6
622 50 15 24 18
623 41 11 87 32 76
624 35 82 99 76 5 40
625 17 67 99 88
626 38 80 89 4 93 63
627 20 35 45 33 94 47
628 36 81 79 53 74 29
629 45 29 86 95 52
630 20 79 8 93
631 50 62 43 75 51
632 40 38 25 94 14 36
633 41 11 53 97
634 43 72
635 7 92 74 16
636 8 53 35 71 30 19
637 9 57
638 16 56
639 14 87 1 60 74
640 3 14
641 28 42 36 77 45 1
642 29 8 15
643 18 82 40 29
644 3 96 48 25
645 37 16 27
646 28 21 34 33 82 43
647 20 41 91
648 12 61 41 42 65
649 44 18
650 36 97
651 17 77 40 15
652 15 53 55 92 33 21
653 23 55 38
654 17 92 17
655 8 79 8 54 32
656 49 31 9 38 43
657 24 10
658 18 96 92
659 13 36 17 37
660 46 100 66 65
661 27 33 50 94 40
662 5 78 84 30
663 26 47 50 90
664 4 82
665 17 96 78
666 15 56 88
667 33 29 4
668 27 3 61 13 17 82
669 7 32 67 27 7 12
670 19 87 8 11 70
671 9 52 73
672 2 72 11 75
673 3 100 10 57 50 28
674 11 99 77 4
675 34 46 84
676 5 8 41
677 31 6 41 61
678 25 64 8
679 13 17 67 14 8
680 43 55 12
681 50 44 9 101
682 23 88 28 56 51
683 20 40 74 76 91
684 4 75 13 74 41 31
685 21 22 74 25
686 1 72
687 37 2 57 89 87
688 47 12 80 47
689 27 93 44 62 59
690 49 85
691 25 60 51 55 95
692 50 19 99
693 4 57 15
694 7 91 69 39 53 79
695 1 2 40 52 9 42
696 35 43
697 47 49 40 93
698 29 93 71 90
699 1 7 76
700 41 61
701 31 12 22 11 73 75
702 13 53
703 43 84 83 37 74
704 37 86 36 47
705 17 53 86 16
706 12 90 101 7 91
707 25 60 36 14 44 67
708 26 31 84
709 46 40 39 61 34
710 11 85 7
711 20 95 4 32 80
712 9 38 56 70
713 33 55 56 89
714 13 71 36 100 96 97
715 38 10
716 7 19 60 15 51
717 20 35 90 68
718 50 79 60 42 37
719 4 30 3 24 97
720 9 99 49
721 25 36 87 93 101
722 26 67 7 9
723 22 13 23 54 4
724 1 3
725 32 54
726 19 101 98 90
727 13 3 65 57 84
728 44 9 22 4 89 70
729 10 70 15
730 29 90
731 7 34 63
732 3 60 27 64 90 36
733 28 73 31 45 15 76
734 32 77 16 11 4
735 1 101 49
736 7 2
737 45 81
738 11 17 54
739 29 20 101 62
740 34 84 17
741 4 71 53 41 94
742 14 10 39 4
743 20 58 3 53 67 98
744 13 35 48 6
745 48 101 4 29 48 35
746 26 97 31 14 34
747 34 26 22 36
748 49 61 73 45
749 6 19 8 20
750 13 1 35 6 18 63
751 27 87 72
752 18 100 44 30
753 50 47 75 77 60 49
754 22 40 73 50 87
755 30 21
756 1 6
757 9 92 54 5
758 1 51 86 56 49
759 14 29 26 62 93
760 22 93 75 47
761 25 4 98 17 61 18
762 7 7 22 10
763 33 94 36 87
764 10 89 77 98
765 27 3
766 41 4 35
767 41 50 44 47
768 27 87 49 29 47 14
769 41 39 18 46 25 54
770 11 37 41 5 86 19
771 19 88 30 37
772 4 55
773 3 40 2 75
774 6 72
775 19 63 89
776 44 97
777 20 81 53
778 47 53 1 31 18 94
779 1 38 89 6 18
780 3 58
781 33 67 26 24 47 99
782 26 100
783 24 69 10 85 17 52
784 33 49 16 24
785 48 4
786 37 64
787 2 34
788 17 97 61 26 32
789 49 78 14 70 31 99
790 13 60 8
791 50 84
792 7 24 16
793 33 75 99 38 21
794 12 13
795 29 13 53 28
796 46 57
797 44 54 51 45 67
798 35 11 15 58
799 45 12 75 1 49 77
800 50 80 64 32 14 83
801 50 27 48 77
802 33 58 39 13 51
803 33 3 42 20
804 13 49 6 17
805 39 59 74 72 70 77
806 44 67 25
807 1 54 61
808 6 43 97 20 13 57
809 32 87 95 9 20
810 33 22 47 64 9 72
811 26 83 36 14 63
812 50 27 64 66
813 31 3 19 66 24
814 23 73 88 17
815 8 59 82 23
816 6 97 71 87 95
817 48 47 62
818 32 90
819 26 35 27 26 47 44
820 21 79 21 62 17 65
821 29 96
822 26 85 50 71 46 25
823 6 60
824 41 97 98 40 77
825 40 101 94 13 66 77
826 48 11 15 28 42 13
827 20 45 52 40 59 71
828 16 79 35 3 32
829 43 50 12 5
830 20 86 61
831 16 53 23 95
832 47 30
833 34 34 57 72 39
834 45 80 92
835 31 82 10
836 19 88
837 38 42
838 2 19 62 68 52
839 14 93 17 65
840 15 35 84 34 71 54
841 19 79 57 91
842 31 5 43
843 19 40 71 38
844 27 97
845 36 90 27 73 12 42
846 5 29 66 31
847 47 8
848 14 5
849 50 68 11 4
850 29 100 64 24 65 70
851 22 89
852 37 73 30 41 57
853 13 37
854 41 28 54
855 5 48 71 3
856 37 46 28 73 21
857 20 77 95 59
858 28 54 31 8 6 69
859 32 25 55 79 23 78
860 7 49 81 57
861 45 43 97 24 12
862 5 60 27 78 94 93
863 30 43 94 91 38 78
864 3 62
865 42 92 47 64 42 2
866 49 90 36
867 23 65 30 15
868 12 84 61 69
869 31 17 64 98 96
870 22 96
871 41 44 16 9 68
872 10 47
873 37 94 66
874 46 55 97 89
875 10 47 17 29 45
876 43 14 84 86 73 21
877 10 34 33 46
878 30 56 23 83
879 10 42
880 7 73 84 88 47
881 21 64 11 55 82
882 1 72 20 29 48 91
883 12 27 83 56
884 20 69 11 45 36 98
885 40 55 48 2 6 68
886 22 82 28 60 100
887 17 93 65 87 17 29
888 7 17 3 27 51
889 46 32 76 54 25
890 29 51
891 16 58 5
892 30 54 33 17 5
893 15 25 61
894 24 25 64 56 89 62
895 24 20 72 93 63
896 37 90
897 24 85 41 78 31
898 23 88 83 76
899 16 66 18
900 19 51 25
901 6 84 99 85 100
902 17 1 93 90
903 38 9 11 86
904 28 10 15 21 68 28
905 20 77 42 40 25
906 4 5 49 80
907 7 26
908 24 50 36 40
909 17 68 4 96 82
910 7 14 24
911 16 18 67
912 18 20 23 48 77
913 42 28 96 72 40
914 12 39 91 58
915 12 12 77 54 52 96
916 24 6 25 85 60
917 38 21 12 37
918 4 79 2 53
919 19 92 44
920 38 39 10 34 66
921 47 59 23
922 42 4
923 47 24 12 96 73 20
924 19 59 46 45 37
925 39 26
926 41 51 37 19 88 90
927 3 81 1 79 26 85
928 50 51 10
929 24 33 22 68 59 69
930 34 53 47 20
931 24 19 72
932 18 36 90 52
933 48 61
934 20 100 41
935 7 71 28 84 91 44
936 19 65 41
937 24 64 58 74 34
938 32 13 84 86
939 27 55
940 42 10 47 50 53
941 18 2 34 13 33 40
942 27 10 35
943 50 69 73 91 64
944 42 38 19 9 63
945 33 101
946 36 54 16 62
947 12 43 1 59 56
948 34 59
949 21 7 63 92
950 42 69 4 48 46 16
951 44 93 80 20
952 18 62
953 25 50 63 46 22
954 43 80 11
955 12 74 19 84 79
956 16 42 39
957 30 62 23 3 68 15
958 22 53 70
959 11 45 38 63
960 25 65 92
961 38 42 71
962 23 70 34 37 81
963 43 12 79 58
964 40 9 42 100 80 77
965 40 74 6
966 29 49
967 40 53 88 39 26
968 46 84 77 73
969 15 30 29
970 49 2 23 17 70
971 20 69 19 36 35 7
972 21 77 69 64 88
973 48 73 61
974 24 99 39 101 63
975 20 85 54 88
976 39 32
977 19 85
978 26 36 84 53
979 3 10 15 12 86
980 42 78 40
981 29 2 11 25 100 57
982 41 88 80
983 10 18 36 28 34
984 27 18 82 81
985 4 60
986 3 32 61 93 51 78
987 24 69 57 70
988 8 68 55 2 7 43
989 2 20 88 95
990 27 34
991 31 70 37 80 78
992 30 69
993 49 84 32 30 20
994 30 86 25 29 24 78
995 22 7 16 63 19
996 33 44 24
997 29 21 64 10 4 55
998 43 71 8 48 11 58
999 27 85 26 36 94
1000 39 91 8
1001 6 75
1002 14 24 39 17
1003 5 56 92 99 27
1004 7 26 73
1005 21 58 25 5
1006 40 3 33 64 62
1007 43 76
1008 6 85 36 90
1009 28 6 23 32 100
1010 27 65 84 4 57
1011 2 16 95 18 24
1012 47 87 32 19 71
1013 5 9 85 55 92 47
1014 16 7 66
1015 20 87 34 26 9 88
1016 9 34 82 61 41
1017 25 77 101 71 14
1018 35 60 44 77 52
1019 7 101 11 81 35
1020 14 68 8 9
1021 37 64 60
1022 41 91 27 19 89 75
1023 30 96
1024 16 21 10
1025 13 44
1026 33 95 74 85 67 97
1027 25 1
1028 32 82 10
1029 42 26 92 78 1 97
1030 16 62 26 21
1031 46 31 38 69 39 70
1032 12 17 59 48 56
1033 19 27 10 71 31 93
1034 33 78 67 76 81 63
1035 5 11 20 34 39 28
1036 31 65 44 38 9 34
1037 23 44 10
1038 6 68 90 73 65
1039 14 62
1040 48 60 72 93
1041 16 32 71 36
1042 10 52 77 38
1043 3 48
1044 38 19 18 15 83 46
1045 36 30 64 26 59 98
1046 4 7
1047 34 36 89 6 29 15
1048 5 63
1049 19 86
1050 50 93 49 26 35 78
1051 1 90
1052 33 98 45 61 37
1053 42 83 1 88
1054 19 1 48
1055 42 16 92 31 5 29
1056 13 28 16 62 85 47
1057 32 55 53 99 61 36
1058 8 67 47 62
1059 13 93 51 44 21 1
1060 35 62 20 50 12 85
1061 7 42 33
1062 34 77 93 43
1063 47 57
1064 34 46
1065 35 34
1066 29 59 73
1067 50 15 35 64 10
1068 39 26 40
1069 9 63
1070 29 76 58
1071 10 64 11 63 8 5
1072 30 16 70 60 95
1073 22 20 55 79
1074 17 54
1075 1 40 100
1076 43 2
1077 2 29 9
1078 27 75
1079 6 7 47
1080 34 67 3 14 41
1081 18 94 7 88 31 13
1082 12 49 73 51 11 91
1083 49 59 28 86 56 58
1084 5 44 101 53
1085 15 40
1086 5 62 24 4 53
1087 46 29
1088 50 32
1089 42 75 13 61 43
1090 9 40 56 86 100 30
1091 35 48 25 20 54
1092 10 40
1093 4 3 72 66 97
1094 6 45 96 47 82 36
1095 21 30 93 18
1096 17 68 71 14
1097 32 14 92 95
1098 8 98 69 60 86
1099 20 100 2
1100 34 82
1101 40 22 7
1102 28 9 18
1103 44 36 42 1 77
1104 23 37 12 84 3 90
1105 38 73 101 43
1106 36 96 49
1107 35 40 86 20 74 53
1108 18 91 62 98
1109 13 49 99 71
1110 37 27 38 62 99 18
1111 33 26 36 87 43
1112 6 65 72 44 31
1113 43 66 31 80
1114 34 83 97 44 96
1115 41 32 60 77 67 2
1116 11 101
1117 41 60
1118 42 32 14
1119 9 37 61 60
1120 17 4 16 78
1121 44 56
1122 37 48 26
1123 46 9 62
1124 49 32 7 17
1125 6 85 81
1126 34 45 41
1127 42 58 85 84
1128 35 54 75 23
1129 26 92 17
1130 49 58 5 32
1131 30 23 64 8
1132 46 8 80 90
1133 22 62
1134 31 22 61 46 56
1135 48 47
1136 6 2 53 15
1137 30 31
1138 17 25 17
1139 12 53 5 25 17
1140 47 79 61 28 12 54
1141 21 77
1142 36 69 76
1143 24 24 92 79
1144 35 29 90 6 96 85
1145 17 16 12 42 51 83
1146 26 52
1147 43 40 31
1148 11 42 37 24 3
1149 11 2 55 4
1150 16 69 98 28 85
1151 45 44
1152 4 42
1153 38 69 66 3 12
1154 28 79 96
1155 29 33 88 38 89
1156 6 94 16 8 20 90
1157 27 35 25 99 62
1158 4 57 54 68
1159 27 24 58
1160 26 100 51 13 67 35
1161 13 5 38 50 10
1162 6 62 90 83
1163 30 100
1164 37 83 24
1165 2 30 8 73
1166 23 3
1167 7 17
1168 30 5
1169 50 90 86 51
1170 42 22 14 58
1171 28 6 84 75
1172 13 32 20 49
1173 48 39 87 8
1174 20 101
1175 21 86 60 80 40
1176 35 64 7 98 47
1177 12 29 30
1178 19 25 74 39 87
1179 48 19 71 9
1180 27 66 9 85 56
1181 21 61 50 25 36 63
1182 19 38 7
1183 7 28 10 6 100
1184 30 65
1185 12 93
1186 49 89 66 40
1187 25 43 2 57 50
1188 3 8
1189 4 9
1190 41 6 27
1191 14 50 22 5
1192 38 18
1193 37 57 68 18 26 53
1194 8 44 94
1195 32 21 73 71 67 69
1196 6 34 101
1197 2 63 84 58 61
1198 1 76 47 13 10 6
1199 31 11
1200 17 52 100 76
1201 20 69
1202 35 67 32 30 28
1203 17 61 24 11 41 81
1204 12 26
1205 39 43 37 18 97 13
1206 38 74 95 87
1207 26 12
1208 31 11
1209 21 64 96 42 1 27
1210 29 34 40 27
1211 26 3
1212 25 54
1213 39 28 85 52 89 25
1214 3 92
1215 47 38 100 4
1216 22 56 30 33
1217 8 47
1218 18 21 2 27 99 96
1219 30 56 52 34
1220 33 84 2 68 78
1221 43 10 24 37 40 43
1222 28 73 30 53 76 9
1223 46 88 40 82 99 100
1224 50 97 13 39 70
1225 48 38 77 28 99 41
1226 49 51 17 12 6
1227 1 38 16
1228 27 29 64
1229 47 3 12
1230 24 47
1231 24 93 99 68
1232 12 58
1233 44 35
1234 41 33
1235 8 101 25 17
1236 23 71 58 64 80
1237 19 72
1238 46 76
1239 9 69 19
1240 16 50 30 23
1241 8 76 5
1242 27 44 11 69
1243 10 44 23 13 80
1244 37 30 41
1245 25 17 6
1246 35 55 32 68
1247 50 31 66
1248 5 71 29 36 24 25
1249 39 63 90 101
1250 39 63 40 38
1251 34 62
1252 46 60 22 83
1253 43 40 47 39
1254 32 42 88 20
1255 43 16 96 1 66 101
1256 49 4 29
1257 26 35 11 19 59
1258 4 44 3 60
1259 27 101 47 61 39 38
1260 7 13
1261 9 51 64 33 52
1262 37 82 85 72
1263 47 86 60 47 63
1264 49 59
1265 9 61 75 85
1266 7 67 6 68 65 57
1267 31 79 46 87 62
1268 33 89 20 85
1269 27 95
1270 5 3 97 22
1271 2 4 34 38
1272 14 58 52 96
1273 44 86 18 73 87
1274 38 84 81 87
1275 49 62 95 37 7 27
1276 35 100 93
1277 22 17 99 96
1278 46 17 59 83 89
1279 38 29
1280 7 83
1281 27 2 93 89
1282 3 93 98 46 25 37
1283 8 73 49 7 32 21
1284 21 72 92
1285 43 53 17 3
1286 31 71 75 6 98
1287 40 98 39 67
1288 20 72 89 9 54
1289 41 37 99
1290 20 38 68 89 16
1291 20 76 63 51 32 88
1292 12 80 6 33
1293 48 81 11 80 98
1294 2 32
1295 21 93 91 23 88 37
1296 8 90 47 84 32 49
1297 28 15 38 25
1298 48 74 30
1299 1 57 59
1300 36 14 45 35
1301 18 54 98 92 68
1302 41 40 50
1303 10 94 14
1304 26 22 8 4
1305 38 72 4
1306 40 27 31
1307 42 45
1308 12 74 73
1309 23 81
1310 26 15 54 5 14 16
1311 6 59 4
1312 49 48 39 64
1313 30 2 98 22 36 74
1314 19 22 18 71 24
1315 26 24 94 96
1316 49 28 70 79 91
1317 41 18 41 11
1318 5 86
1319 26 12 61 47
1320 20 26 1 89
1321 47 26
1322 7 17 62 23
1323 2 87 48 18
1324 12 43
1325 20 55 35
1326 15 50 6 101 14 20
1327 38 83
1328 2 86 95
1329 44 68 75 36 25 1
1330 23 11 84
1331 12 45
1332 2 31 55 22 100 40
1333 41 95 26
1334 7 34 41 94 76 73
1335 25 95 22 53 4 50
1336 36 31 84 46 55
1337 2 48 88
1338 28 26 45
1339 22 48 90 52 59
1340 38 11
1341 10 46 58 68
1342 16 70 22 89 27
1343 10 61 27
1344 34 52
1345 15 41 13
1346 19 66 21 8 2
1347 26 36
1348 4 6 97 100 47 71
1349 6 43 77
1350 34 20 71
1351 14 4
1352 22 46 82 68 25
1353 21 43 25 24 82 40
1354 3 43
1355 14 57 50 48 75
1356 22 17 51 25
1357 15 8 65 51 30 36
1358 40 26
1359 17 78
1360 26 60 67
1361 9 46 70 34 96
1362 29 79 71 5 69
1363 30 97 35
1364 16 6 90
1365 22 67 4
1366 16 45 2 33 29
1367 31 78 53 96
1368 45 75 19
1369 4 16 69 80
1370 5 85 40
1371 19 93 100 52 28
1372 2 16 22 92 66
1373 26 17 53 88 80 13
1374 3 26 22 47 36 79
1375 50 55
1376 13 100 99
1377 26 82 9
1378 9 6 15
1379 32 59 79 46 64 35
1380 39 59 6 12
1381 8 15
1382 3 89 43
1383 16 69 27 29 39 52
1384 4 90 29 4 99 24
1385 14 90 12 16 41 87
1386 3 59 55
1387 20 27 73 29
1388 40 92
1389 33 44
1390 11 76 32 58
1391 37 83 16
1392 37 8 74 34 45
1393 20 61 41 90 59
1394 38 5 80 56 18 28
1395 38 44 29 7
1396 17 24 13
1397 44 28 92 44
1398 7 99 65 33 1 91
1399 23 39 73 7 69
1400 41 84 30
1401 20 9 30 49 50
1402 44 18
1403 37 55 87 98 39
1404 24 74 25 91
1405 45 35 80 42
1406 33 69 7 101 91 83
1407 23 96 65 30 77 6
1408 39 80 26
1409 41 97 37 74
1410 9 24 68
1411 34 78 12 18 25 34
1412 28 27 25 7
1413 4 69 8 57 33 71
1414 15 73 93 29 27
1415 12 69 101
1416 25 48
1417 30 68
1418 12 91 94 21 96
1419 42 49 56 29 48 71
1420 50 101
1421 46 3
1422 33 98 93 89 32 57
1423 33 98 22
1424 29 55
1425 24 30 16
1426 47 95 53 42 10 72
1427 34 34 5 4
1428 16 46 70 98 22
1429 14 38 82
1430 6 43 93 12 55
1431 7 88 90
1432 23 76
1433 29 44 37 92
1434 26 74 56
1435 46 76 79
1436 29 30 46 86
1437 34 3 41 27 33
1438 31 91 73 67 39
1439 45 16
1440 33 40 9
1441 16 20
1442 36 40 22
1443 36 66
1444 31 36 73 46 74
1445 46 23
1446 48 55 34 4 29
1447 42 72 69
1448 26 75 74 31 68 61
1449 23 36 74
1450 25 84 18 5 68
1451 17 10 91 97
1452 33 3 32 16
1453 22 95
1454 4 12 44 6 42 93
1455 40 29 62 35 98 80
1456 44 98 64 79
1457 34 12 95
1458 13 80
1459 36 81 62 100
1460 11 69
1461 9 88
1462 49 91 73 52 97 19
1463 46 54 50 11 84
1464 27 91 6 4 13 57
1465 42 15 13
1466 38 10 5
1467 5 6 89 63 15 58
1468 2 86 64 100 25
1469 2 1 61 41 72
1470 26 56 5 96
1471 36 77 79
1472 34 77 51 1
1473 6 32
1474 12 88
1475 5 19 44 65
1476 30 71
1477 47 5
1478 41 26 20 62 35
1479 45 25 75 65 100
1480 11 28 65 96
1481 32 34 28 2
1482 15 16
1483 25 61 79 92
1484 32 3 101 46 69
1485 1 17 40 60 47
1486 11 96 48 14
1487 3 80 16 71 23
1488 12 1 50 56 85
1489 18 3 92 59 45
1490 36 43 14 80
1491 26 53 20
1492 20 81 16 101
1493 32 70 43 82 7
1494 3 36 79 76
1495 1 45 56 92 30 79
1496 14 61
1497 36 56 15 47
1498 13 95 57 42
1499 14 28 74 72 98 5
1500 30 81 53 10 72
1501 6 70 71 49
1502 38 90
1503 11 78 97
1504 32 39 40 61 51 16
1505 37 63 101
1506 31 96
1507 39 54
1508 6 26
1509 26 19
1510 1 91 61
1511 32 15 47
1512 6 14
1513 21 28
1514 23 22 95
1515 1 80 98
1516 38 48 90 42 85 45
1517 18 62 22 25
1518 12 89 53 33
1519 6 82 8 9 36 72
1520 43 95 48
1521 10 81 18
1522 49 19
1523 28 85 48 51 40 45
1524 13 62 80 22 9 84
1525 4 82 2 24 4 19
1526 15 2 34 46 66 16
1527 26 39 8 12 10 83
1528 35 35
1529 47 72 14 4
1530 17 55 72 94
1531 8 77 64
1532 4 50 5 13 39 26
1533 38 28 51
1534 1 20
1535 28 30 47
1536 18 92
1537 44 93 57 96
1538 13 76 11 13 68
1539 27 62
1540 13 41 35 86
1541 31 66
1542 18 26 55 23 7
1543 8 11
1544 34 63
1545 34 5 71 78 44 42
1546 20 25
1547 48 29 72 26
1548 41 73 53
1549 41 45
1550 49 92 82 68
1551 15 96
1552 13 25 96
1553 6 55 73 38
1554 43 82 25
1555 22 91 1
1556 42 33
1557 19 47 59 88 86
1558 47 39 7 56
1559 29 73 92 70 10 26
1560 13 41 87 72 14 58
1561 10 2 95 42 14 1
1562 13 78 46
1563 5 90
1564 9 87 40 37 65
1565 18 62 88 22 17 20
1566 26 96 44
1567 45 58 23 78 86
1568 17 66 36 98
1569 31 49
1570 20 35 71 46
1571 23 85
1572 2 7 5
1573 24 57 97 92 29 58
1574 4 67 89 28
1575 28 28
1576 23 97 14
1577 27 52 75 69 83
1578 44 55
1579 49 78 23 17
1580 16 96
1581 44 57 47 77 28
1582 9 101 49 63 88
1583 5 91
1584 23 51 87 34 42 80
1585 38 55
1586 25 29
1587 14 57 41
1588 34 30 85 11 16 22
1589 36 16
1590 26 97 60 35 89 66
1591 43 95 30 93 50 78
1592 27 20 62 2 37
1593 10 66 95 99 29
1594 50 74
1595 19 28 76 89
1596 29 75 92 84 86 6
1597 45 53 87 11 77 19
1598 17 43
1599 15 46 51 34
1600 49 13 54
1601 10 72
1602 40 83
1603 1 34
1604 38 35 22 40 82 98
1605 8 97 12 3
1606 20 17 43 50 21
1607 27 77
1608 27 3 40
1609 29 99 72 69
1610 6 37
1611 6 30 13 60 1 54
1612 32 79 47 22 101
1613 49 47
1614 16 73 5 87 71 82
1615 30 12
1616 46 84 21 89
1617 27 8 61
1618 4 80 72
1619 46 12 93
1620 10 44 27 85 41 14
1621 20 13 22 90 74 20
1622 19 42 76 94 77 67
1623 36 11 70 31 37 25
1624 18 28 47
1625 43 75 5 70 13
1626 45 20 78
1627 27 17 43 78 95
1628 26 5 8 10 24
1629 34 46 80 36
1630 42 94 38 55 23
1631 25 29 46 77 31 42
1632 48 43 92 19
1633 16 23 24 10 1
1634 47 45
1635 46 67 4 94 56 99
1636 22 32 58 51 54 67
1637 29 60 94 15 42
1638 30 70 42 68 77
1639 26 84 44 13 100
1640 14 41 101 14 53
1641 27 54 73 97 26
1642 44 17 69 94
1643 33 42 6 100 39
1644 40 6 4 92
1645 47 72 77 89 81
1646 11 63 57 4 32 49
1647 16 10 4 74
1648 19 20 63 15 84
1649 11 17 29 75 42
1650 32 41
1651 35 56 60 14 58
1652 38 42 95 37 100
1653 9 8 56 20
1654 5 44
1655 31 28 76 97 12
1656 10 45 49 90 74
1657 12 3 27 43 71
1658 19 40
1659 41 20
1660 3 87 14 49 16
1661 12 83 8 21
1662 3 82 60 16 39 69
1663 4 26 58 9 33 4
1664 2 7 50 8 94
1665 33 45
1666 34 32 65 26 53 48
1667 14 11 36 3
1668 14 13 44 64 66 42
1669 3 29
1670 27 88 22 66 15
1671 9 27 19 79 77 16
1672 6 60 99
1673 8 96 49 33 27 37
1674 10 55 37
1675 8 51 57 85
1676 13 26
1677 16 60 101 26 40
1678 48 85 101 96
1679 47 85
1680 25 21 58
1681 45 33 77
1682 32 52
1683 21 59
1684 2 12 20 63 57
1685 5 22 61 89 95
1686 18 29 27 31 7 84
1687 44 79 6 92 42
1688 39 50 1
1689 26 86
1690 3 5
1691 31 97
1692 49 17 79
1693 36 23
1694 24 15
1695 3 75 86 3 54 79
1696 38 64 48 71 73
1697 28 76 75 54 101
1698 42 55 9 29
1699 5 38 14 74 21
1700 48 27 31 77
1701 33 88 91 37
1702 5 98 64 50 84 82
1703 17 98 24 96 62 80
1704 31 11 8 72 28
1705 14 71
1706 16 28 89 56 74
1707 1 31 6 62 27
1708 45 20
1709 20 22 15 95 60
1710 8 52 40 43 46
1711 50 70
1712 23 72 44
1713 18 70 100
1714 12 8 12
1715 48 33 42
1716 28 46 73 80 40
1717 34 69 77 11
1718 44 62 73 31 86 70
1719 8 64
1720 26 91 89
1721 7 84 53 91 26
1722 25 78 28 62 1 31
1723 43 88
1724 17 45 90
1725 23 37 20 49
1726 41 19 85
1727 18 23 98 95
1728 39 64
1729 13 5 17 64 93 29
1730 35 38 68 49 36 82
1731 42 36
1732 5 19 84
1733 15 17 97 1
1734 11 38
1735 29 24
1736 31 11 82 25 48
1737 6 59 81 27 42 31
1738 46 14 96 84 66
1739 31 61 8
1740 40 14 63 50 26
1741 8 78
1742 46 24 23 68
1743 8 57
1744 4 43
1745 22 101 58
1746 15 75 30 79 20
1747 6 33 37 26 46
1748 35 15 51 49
1749 10 3 26 66 82
1750 22 11 42 7 63
1751 42 9 38 55 31
1752 50 73 11 57 70
1753 17 36 19 51
1754 4 8 14 35 56 45
1755 30 4 51 54 23 8
1756 27 27 3
1757 40 69 74 60
1758 17 49 19 15
1759 37 100
1760 3 76 77 10 82 100
1761 5 80 76 99
1762 8 25 67 69 17 1
1763 6 87
1764 13 88
1765 30 55 34 35 65 71
1766 45 41 25 80
1767 29 22 3 64
1768 15 12 29 71
1769 4 19
1770 27 69 20
1771 44 67 75
1772 14 60 85
1773 4 18 8 67
1774 22 5
1775 35 60
1776 47 12 95 18
1777 49 84 94
1778 14 60 89 97
1779 44 3 14 4
1780 43 11
1781 43 79
1782 19 79 15
1783 26 85 78 59 26
1784 38 85 72
1785 12 90 26 59
1786 36 29 60
1787 34 92
1788 2 70 37 98 39 57
1789 33 96 30 49
1790 33 46 70 43 63 2
1791 46 49
1792 19 26 63 93
1793 14 64 89 43
1794 25 88 38 17 8
1795 5 33 70
1796 12 46 13 88 93 7
1797 28 1 63 51
1798 4 92 7 77
1799 50 93 89 62 64 56
1800 27 2 47 99 11 50
1801 39 71 7 26 88
1802 19 39 17 73 81
1803 18 99
1804 13 28 9 24 31 12
1805 36 55 11
1806 48 79 25 28 31 83
1807 41 98 7
1808 1 76 89 50 68
1809 5 85 99 33
1810 37 5 84
1811 37 15 84
1812 28 58
1813 3 7 71 64 89
1814 39 55
1815 18 8 56 43
1816 7 71 94
1817 44 34 61 17
1818 2 80
1819 34 61 24 59 40
1820 29 43 72 4 21
1821 15 11 95 4 77 92
1822 43 84 58
1823 18 88 66 87 64
1824 20 78 99 47 85
1825 32 26
1826 13 33 84
1827 37 56 31 96 89
1828 4 75
1829 7 9 21 67 33 46
1830 47 73 96
1831 17 55 1 66 59 45
1832 15 66 76
1833 39 54
1834 6 68 64
1835 2 83 3 71
1836 7 82 77 7 64
1837 2 89 14 27 37 67
1838 38 36 1 79 3 13
1839 47 49 61 101
1840 45 7 96
1841 18 1 23 75 92
1842 42 21
1843 39 75
1844 5 1 8 66 46 96
1845 16 96
1846 48 37 20 21
1847 48 41 75 26 97 14
1848 33 16 84
1849 15 11 76 27 47 40
1850 41 77 71
1851 33 96
1852 45 100 40 18 49 17
1853 36 14 22 77 99
1854 14 95
1855 27 85 88
1856 14 9
1857 19 27 61 17 8 97
1858 5 11 43 52 61
1859 39 41 65 66 46
1860 2 66 20 8 87 39
1861 17 40 1 36
1862 34 95 87 47 28 23
1863 20 38 71 29 60 9
1864 21 54 17 50 75
1865 27 85 59 92 78 7
1866 38 19 81 65
1867 4 14
1868 23 44
1869 27 28 53 21 49 59
1870 2 54 62 35 93 75
1871 22 98 52
1872 37 12 89
1873 37 66 71
1874 44 60 58 28 97
1875 36 11 78 41 53
1876 7 44 68 13 38
1877 1 47 30
1878 15 92 9
1879 44 43 11 4
1880 15 23 14 41 92
1881 26 30 59 37
1882 16 3 62 96 100 23
1883 10 92 42 17 12
1884 32 12 4 86 18
1885 25 2 31 14
1886 4 28
1887 48 64
1888 17 5 82 46
1889 7 27 43 80
1890 45 66
1891 2 33 41
1892 29 79 15 88
1893 40 82 54 97
1894 2 84
1895 43 96 101
1896 21 62 87 54 31
1897 40 59 40 54
1898 21 20 19
1899 45 82 41 24 57
1900 8 70 63 62 7 52
1901 44 57 10
1902 45 66 76 35 45
1903 13 49
1904 40 76
1905 6 30 37
1906 10 7 8 52 49 19
1907 31 83 19 1 89
1908 9 71 88 23
1909 50 20 100 73
1910 44 83 99 70
1911 32 81 30 22 93 9
1912 18 84 40 18 67
1913 11 51 79 64 24
1914 40 71 88
1915 17 13 76 60 30 49
1916 5 8 23
1917 43 12
1918 32 65 59 64 88 68
1919 47 9 61 17
1920 32 94 57 93 44
1921 1 26 10
1922 2 65 50
1923 25 76 53
1924 33 82 6 7
1925 10 36 23 38 77 90
1926 6 98 3
1927 47 92 49 22 36 56
1928 12 23
1929 29 16 95
1930 5 2 21 92 29 70
1931 28 81 51 34 62
1932 28 55 88 26 61 93
1933 47 54 23 45
1934 43 65
1935 20 88 87 27 24 2
1936 26 58 81
1937 46 60 31 72 13 84
1938 19 90 75 73 51
1939 22 97 1 54 100 13
1940 42 95
1941 28 1
1942 43 16
1943 8 16
1944 9 16 35 100 98
1945 16 16
1946 27 67
1947 35 55
1948 28 68 36 14 33
1949 32 61
1950 28 60 96 46 85 81
1951 18 93 98 8 17
1952 38 78 19 62 64
1953 34 24
1954 50 100 4 22
1955 19 15 88 57 39
1956 33 70 41 65 63
1957 11 86 25
1958 26 40 52 35 99 41
1959 34 11 1 7
1960 3 66
1961 30 53
1962 30 12
1963 24 53 80 32
1964 47 1 32
1965 37 3 23 86 14
1966 11 100
1967 17 101 14 24 25
1968 41 85 77 62 41 52
1969 13 43 90
1970 47 8 66 79
1971 31 63 36 22
1972 15 9 59 95
1973 14 18 1
1974 7 47
1975 5 13
1976 23 76 30 94 84 56
1977 46 53 83 17
1978 31 76 70 97 99
1979 20 34 58 8 69 84
1980 31 58 24 49 21
1981 28 30 76 43 1 23
1982 5 98 10 58
1983 14 1 22
1984 9 55
1985 13 31 97 56 86 92
1986 5 54 98 100 44
1987 30 6
1988 46 4 85
1989 17 74
1990 46 8 89
1991 16 12 54 11 88
1992 39 67 8 94 82
1993 23 20 75 6 76
1994 47 55 54 21
1995 27 8 55 53 72
1996 19 15 90 97
1997 32 60
1998 33 70 25 31 66
1999 20 101 84 8 34 90
2000 22 34 25 63 5 6
2001 12 11 49
2002 41 26 8 95 53 56
2003 36 71 61 72 48 42
2004 42 56 66 29 26
2005 39 31 66 71
2006 45 21 36 100
2007 4 65 18
2008 24 86 64
2009 4 35 15
2010 17 15 32 55 84
2011 1 17 49 48 84
2012 9 11
2013 50 79 11 87
2014 3 68 50 72 89
2015 40 81 48 60 66 5
2016 18 3 86 24 34
2017 23 62 54 53 42 90
2018 9 79
2019 12 80 68 65 69
2020 38 22 91 42 82 5
2021 11 97 75 69 94
2022 28 9 41 16 87
2023 43 60 11 62
2024 2 77 32 34 73
2025 8 14 49 59
2026 43 55
2027 49 88 61 72 67 84
2028 25 81 70
2029 29 5 9 1 10 67
2030 38 12
2031 47 57 83
2032 10 57 42
2033 46 12 27 89 83 92
2034 50 84
2035 27 84 79 75
2036 50 20 94
2037 35 25 58 17 80 45
2038 20 81
2039 1 25 21 78 14
2040 15 85 1
2041 2 91
2042 20 87 44
2043 11 31 53
2044 39 20 3 30
2045 28 62 39 19
2046 41 78 29
2047 19 71 34
2048 38 79
2049 31 66 57 78 87 83
2050 21 52 9 86 61 33
2051 47 30 49 7 26 52
2052 50 21
2053 44 72 70 84
2054 38 31
2055 35 38
2056 41 73 33
2057 28 72 90 19
2058 32 77
2059 21 49 8 33 29 5
2060 10 101 44 6
2061 41 82
2062 38 42 57 39
2063 27 4
2064 39 96 67
2065 23 47 34
2066 23 11 57 85 2 47
2067 34 99 67 70 82 41
2068 23 40 67 79 70
2069 43 58
2070 39 39
2071 25 99 1 94 6
2072 1 75 66
2073 16 101 48 91 28 90
2074 2 23
2075 34 75 96 53 76
2076 36 87 15
2077 49 34 59
2078 48 92 70 57
2079 9 61 77 32 70
2080 45 4 52 24 89
2081 22 31 49 39 94
2082 1 16 46 53 43 81
2083 35 72 52 69
2084 50 92 83
2085 11 94 95 52
2086 45 50 92
2087 18 42 65
2088 31 6 93 76 34 24
2089 47 20 36 97 79
2090 43 51
2091 29 18 9 96
2092 47 88 2 53 49
2093 47 66 55 98 33 38
2094 15 70 68 74 73
2095 3 59 101 47
2096 42 3
2097 38 92
2098 14 53 81
2099 15 8 94 57 43 81
2100 14 18 55 13
2101 19 11
2102 21 6 44 64
2103 2 22 39 15 62
2104 13 11 66 90 79
2105 30 20
2106 22 17
2107 15 88 22
2108 18 68 58
2109 48 60 9 96 34
2110 32 70
2111 43 59 12
2112 37 65 41
2113 8 54 90 39 31
2114 36 71 52 5 55
2115 45 69 31
2116 39 96 42 4 76
2117 2 100 38
2118 11 80
2119 25 25 9 59 52
2120 42 28 93 58 61 56
2121 39 57 18 15 4
2122 5 47 75 64 30
2123 26 95 63
2124 34 90 99 91 16 61
2125 11 13 62
2126 16 46 71 82
2127 45 88 36 58 97
2128 14 25 43
2129 13 9
2130 23 44 72 50
2131 22 70 94 52 63
2132 14 55
2133 34 37 56 58
2134 43 96 48
2135 40 4 55 25
2136 42 57 20 99
2137 48 82 53 49 28 14
2138 28 80 19 100
2139 42 82 74 50 8
2140 6 63 95 10
2141 4 9
2142 31 48 63 88
2143 6 6 10
2144 29 50 29 101 5
2145 4 98
2146 29 1 74 24
2147 4 54 56 21
2148 2 96 86 9
2149 46 49
2150 12 100
2151 21 74
2152 11 60 93 39 14 32
2153 40 74 64
2154 47 93 35
2155 33 30 87
2156 26 38 93 26
2157 15 26
2158 37 42 12 48 79 36
2159 3 2 62
2160 38 4 46 58 90
2161 36 50
2162 16 7 65 77
2163 10 35
2164 35 41 93 48 92
2165 50 37 91 84 56
2166 6 44 34
2167 31 100 62
2168 46 3 39 66
2169 37 94 54
2170 2 101
2171 14 5 18 59 63 70
2172 5 67
2173 37 2
2174 28 54 24 19
2175 8 12 44 61 41 30
2176 33 95
2177 38 68 16 49 91
2178 35 29 31 53 59 40
2179 31 30 4 79 18 22
2180 43 4 73 39 62 43
2181 28 55 52
2182 20 27 93 5
2183 16 56 96 78
2184 11 23 12
2185 29 99 62
2186 16 21 28 26 82 88
2187 26 8 53 7 12
2188 15 91 69 16
2189 35 70
2190 46 34
2191 8 2 36 30 4
2192 31 43 52
2193 45 31 53 54 99
2194 9 53 87 76
2195 7 89 68 75
2196 3 18 60 45 97
2197 46 9 33 49
2198 9 55 101 77 54
2199 20 19 55
2200 44 94 14
2201 30 101
2202 35 9 96 90 1 11
2203 26 36 19
2204 1 73
2205 19 6 10 66 49 1
2206 7 70
2207 12 84 75 79
2208 14 86 71 22 89 52
2209 31 60 10
2210 15 29
2211 44 28 76
2212 3 4
2213 29 30 42 45 83
2214 15 23 67 32
2215 47 58
2216 37 67 12 3
2217 31 13 18 93
2218 10 96 47 101
2219 18 28 32 24 41 20
2220 38 7 93 17 56
2221 5 96 14 7
2222 20 95 32 6 68 75
2223 32 63 71 76
2224 13 37 42 95 2
2225 29 31 9 53
2226 34 32 64 92
2227 42 58 59 49
2228 11 13 22 44 47 28
2229 28 93 94 4 88 60
2230 13 99 42 63
2231 41 32 65
2232 44 30
2233 34 43 73 56 70
2234 23 79 23 96
2235 45 93 39 54 68
2236 25 53
2237 38 11
2238 21 54 11 88 53
2239 32 89 22
2240 9 57 66 87 32 85
2241 17 99 42 49 39
2242 31 5 58 22 81
2243 31 85
2244 3 3 42 86
2245 49 100
2246 47 100
2247 42 46
2248 8 47 71 68
2249 29 62 75 56
2250 4 76 31
2251 36 68
2252 9 23 11 90 22 28
2253 42 43 16
2254 26 4 61 13 3
2255 50 84 95 98 76 89
2256 34 7 40 5 80 8
2257 24 42
2258 38 48 94
2259 41 50 63
2260 15 67 26
2261 13 40 92
2262 49 27 36
2263 26 8 73 28 93
2264 6 68 47 81
2265 30 94 15 48 37
2266 18 64 94 6
2267 16 84 39
2268 11 30 32 66 31 24
2269 28 64 16 73
2270 18 83 54 81 29 70
2271 39 76 4 40 38 56
2272 2 73 39 43 56 29
2273 13 59
2274 34 62 47 22 38
2275 17 39
2276 25 69 32 54
2277 17 7 84 92 17
2278 31 66 17 60 13 77
2279 39 39 49
2280 2 99 13 33
2281 22 17 63 33 51 18
2282 9 4
2283 20 41 75
2284 4 66
2285 23 2 28
2286 49 65 33 76
2287 36 68 77 22
2288 45 71 47
2289 12 97 9 46
2290 44 3 43
2291 11 2 36
2292 40 59 97 37
2293 20 43 24 39 98 48
2294 22 85 41
2295 28 92 18 56 42
2296 17 71 100 45
2297 17 54 24 57 45 9
2298 6 78 7 22 91 10
2299 5 99
2300 27 8
2301 19 11
2302 41 22
2303 22 92 63 58 14 15
2304 45 10 8
2305 46 63 26
2306 4 13 97
2307 23 74 20 96 35
2308 27 37 38 63 32 41
2309 13 24 66
2310 33 89 72 59
2311 48 71 11 9 74
2312 18 9 40 18 28
2313 3 62
2314 6 30 2
2315 34 24 63 37
2316 22 13 46 20 45
2317 15 9 42 26 33 32
2318 20 56 79 59 20
2319 19 90 36 12
2320 46 19 78 68 17 74
2321 36 54 5 14 34
2322 32 40 90
2323 8 1
2324 27 47 13 43
2325 39 66 27 24 2 4
2326 18 53 18 83 5
2327 48 26
2328 27 51 33 10 5 35
2329 7 85
2330 15 10
2331 42 88
2332 40 66 68 34 54
2333 23 27 18 89 59 79
2334 11 96 50 84 27
2335 41 30 45 3
2336 31 33
2337 15 50 4 3 78
2338 12 87
2339 7 55 62 81
2340 1 16 49
2341 35 53 78
2342 40 59 16 77 85
2343 33 64 58
2344 41 19 42 86 93
2345 10 11 56 17 83
2346 14 39
2347 44 53 57
2348 17 79 8 44
2349 40 81
2350 2 51 66 91 4 99
2351 45 29 61
2352 37 58 93 78 4 3
2353 42 85 35
2354 27 87 97 86 82
2355 20 33 34
2356 44 36 19
2357 26 55 9 35
2358 2 16 4 53 81
2359 12 43
2360 11 82 80 13 69
2361 7 87
2362 17 86 87 16 57 71
2363 36 77 48 44 65
2364 22 94 12 6 8 21
2365 1 46
2366 29 38 92 41 65
2367 16 59 11
2368 15 8
2369 38 18 60 13 42
2370 16 11 82
2371 35 64 97 84
2372 10 89 75
2373 16 37 32 27
2374 7 42 76 72 46 57
2375 42 97 43 68 52 6
2376 15 92 67 48
2377 25 50
2378 44 28
2379 1 3 89 52
2380 47 51
2381 6 2 53 16 6
2382 30 74 78 80
2383 46 48 17 55 33 92
2384 46 14 95 46 68 73
2385 43 14 63
2386 9 8 54 46 51
2387 45 8 18 96 44
2388 3 69 98 40
2389 1 7 37 69 33
2390 49 24 32 6
2391 48 7
2392 30 21 5 45 71
2393 32 19 25 91 77
2394 26 86 51 3 18
2395 25 75 56 62
2396 39 7
2397 4 53 101 41 14
2398 19 61 76 62
2399 46 59 100
2400 29 71 72 51 81 12
2401 37 25 14 50 24 68
2402 33 12 73
2403 23 10 69 1 3
2404 25 31 87 77 85 57
2405 1 66 93 35 38 98
2406 34 71 25 57
2407 38 26
2408 29 30
2409 25 22 55
2410 4 12
2411 7 12
2412 21 19 14
2413 23 83 5 41 40
2414 22 42 27 44 21 99
2415 23 75 17
2416 8 16 49 53 68
2417 22 65 98 88
2418 22 4 29 24 19 66
2419 25 79 91 33 77
2420 36 12 17
2421 37 98 67 78
2422 41 43 21 83 68
2423 15 46
2424 1 96 38 33
2425 32 101 22 52
2426 29 22 19
2427 20 8 13 93
2428 10 35 75 16 22 57
2429 41 20 71 25 41 52
2430 29 82
2431 32 23 28 77
2432 22 23 87 8
2433 25 44 60 23 47 75
2434 4 52
2435 22 90 42
2436 49 26
2437 14 51
2438 42 91 99
2439 34 53 87 68 10 83
2440 32 100 92 6 18
2441 24 10 38 20 75
2442 7 77 98
2443 38 91 55 14 77 53
2444 9 84 52 87 9
2445 26 54 5 13 34
2446 19 69 5 96
2447 36 35 41 31 67
2448 34 17 8 48
2449 13 97 12 88 79
2450 44 89 80 21 62 23
2451 49 13
2452 11 95 37 71
2453 29 23 95 96
2454 26 34 6 84 15 37
2455 26 101 54 89 16
2456 44 69 9 82 96
2457 13 42 90 95 37 31
2458 1 46
2459 24 54 47 56
2460 1 89 11 47
2461 35 11 6
2462 11 18 73 25 28 26
2463 41 51
2464 48 31 47 15 28 37
2465 19 47 83 96
2466 12 95 9 4
2467 4 73 53 101 21
2468 10 41 100
2469 37 11 95
2470 29 3
2471 39 55 44 78
2472 6 4 31
2473 37 7
2474 38 41 26
2475 26 93 66 39 10 54
2476 15 67 95 75 49 69
2477 41 98 51 11
2478 13 2 91 101
2479 12 34
2480 50 52 42 93 94 13
2481 30 60 95 101 50
2482 5 2 19 74 20
2483 39 91 25 100 28
2484 5 48 49
2485 17 44 56 6 50
2486 21 73 52
2487 2 52 76 66 4 75
2488 32 16 42 67 46
2489 23 35 9 60 11
2490 13 39 33
2491 12 19
2492 48 6 55 31
2493 49 38 80 12
2494 46 70 83 33
2495 16 48 35 45 14
2496 18 41
2497 22 66 1 17 20
2498 5 65 98 59
2499 9 2 33 15
2500 37 78
2501 19 100
2502 29 55 40
2503 4 32
2504 33 73 13 49 78
2505 25 98 89 71
2506 46 31
2507 14 35 23 90 24 36
2508 22 45
2509 18 84 26 22
2510 46 98 80 76 93 33
2511 47 15 84 7 58 52
2512 35 9 60
2513 24 77
2514 33 99 42 40 26 33
2515 46 90 78 73 79
2516 13 3
2517 5 30 21 44
2518 39 23 92 39 78 34
2519 33 99 63 1 39 51
2520 32 35 64 73
2521 3 65 43 78 4
2522 32 22 70
2523 49 57 26 53 28
2524 47 1
2525 43 73 70 28 48
2526 31 13
2527 26 35
2528 15 45 62 65
2529 26 26 33 95 68
2530 10 21 47 69
2531 26 52 27 41
2532 31 89 45 23 34 92
2533 10 10 37 50
2534 36 25 27 83 14
2535 17 7 48 89
2536 33 49 97
2537 17 57 65
2538 3 9 52
2539 32 89 73 15
2540 45 98 29 13 74 41
2541 48 83 12 62 82 85
2542 4 28 32 44 38 58
2543 26 38 81 51
2544 41 77 57 70
2545 27 31 47 24
2546 4 90
2547 22 34 43 96 44
2548 39 8 39 5 35
2549 9 92 94 64
2550 19 44 52 43 94
2551 24 59
2552 3 37 82 35 23
2553 47 38
2554 28 91
2555 16 38 12 9 17 39
2556 44 98
2557 28 95 50 12 5
2558 3 55
2559 33 84 51
2560 44 22
2561 27 33 82 25 6
2562 28 38 43
2563 4 56
2564 12 67 74 10 4
2565 24 91 12 5 8
2566 37 31 5
2567 20 50 41 22 24 42
2568 32 15 101 75
2569 7 82 59 77 70
2570 8 52 54 36
2571 37 61 57 71
2572 24 98 69 61 16 4
2573 17 55 77
2574 45 96
2575 46 12 47 26 28 43
2576 38 4 3 12
2577 24 20 50
2578 18 99 86 54
2579 19 76 40 35
2580 50 76 2 83
2581 48 77
2582 1 87 8 94
2583 15 76 3 66 78 95
2584 37 67 82 97
2585 18 25
2586 14 90
2587 50 73 25 55 31 38
2588 7 95 31
2589 10 65 48 11
2590 33 61 37 74 16
2591 32 59 74 58 66 70
2592 43 41 3 101 55 52
2593 24 83 53 68 63 73
2594 13 87 21 84
2595 21 41 93 58 54
2596 48 4
2597 13 100
2598 22 11 43 45 65
2599 42 6 31 84
2600 1 77 53 85
2601 22 54 74 72
2602 39 58 15
2603 45 98 30 74 83 25
2604 1 85 58
2605 34 1 26 65 79 84
2606 30 29 15 30
2607 31 43 81 37 90 20
2608 25 78 60 46 31
2609 39 6
2610 11 5 36 70 78 14
2611 32 1 75
2612 33 76 92 101
2613 37 58 65
2614 5 74
2615 27 10
2616 4 25 3 71 58 65
2617 30 42 79
2618 11 79
2619 39 62 3 65 50
2620 44 97 54 61 55 45
2621 24 30 83 56
2622 40 41 65
2623 26 49
2624 20 39 9 100
2625 36 23 75 80
2626 29 22 76 38 55 46
2627 27 25
2628 48 4 85 16 100
2629 46 24
2630 21 83 13 20
2631 40 28 92 93 21 80
2632 11 7
2633 12 85 56 90
2634 37 87
2635 5 15
2636 9 82 60
2637 10 52 62
2638 50 26 72
2639 45 40
2640 36 81 58 66 40 2
2641 30 13
2642 42 40 99 71 16 81
2643 6 70 46 77 57
2644 25 62 91 48
2645 11 65
2646 22 40
2647 26 30 32
2648 36 57 76 1
2649 17 73
2650 20 50 89
2651 33 12 33 89 22
2652 48 55
2653 47 27 14 41
2654 35 69 58
2655 19 25 79 20 12 13
2656 36 61 91
2657 25 68
2658 35 67 4 81
2659 4 72 12 5
2660 9 14 3 100 13 88
2661 46 1 69
2662 7 92 33 79 35 49
2663 25 64 8 2 35 57
2664 22 67 44 48 90 25
2665 44 22
2666 41 78 43 82 85 74
2667 1 4 91 17 77 82
2668 8 53 70
2669 41 60
2670 25 76 101 36
2671 24 22 75 9 27 97
2672 6 64 26 43
2673 17 39 59 25 90 82
2674 20 98
2675 17 76 80 85 30 59
2676 33 10 75 37 83
2677 1 57 94 25
2678 10 99
2679 17 31
2680 47 60 53 72 63
2681 31 58 65 12 15
2682 16 9 43 72 7
2683 30 29
2684 26 78
2685 41 85 21 26 95 53
2686 11 3
2687 30 54 72 33 86 93
2688 10 16 101 85 98
2689 32 69 100 63
2690 12 70
2691 18 31 22
2692 9 78 24 8
2693 31 11 17 52
2694 47 33 91 70 83 78
2695 27 37 88 96 92 80
2696 8 6 101 3 27
2697 41 45 47 27 36
2698 33 61
2699 44 84
2700 17 69 63
2701 25 30 52 1
2702 36 89 101 21 75 12
2703 2 73 81 93 64 34
2704 25 101 79 59
2705 1 60
2706 30 21 100
2707 49 1 64 82 100
2708 8 100 71
2709 45 1 61 66 34 32
2710 44 8 28 80 88 26
2711 5 8 58 30
2712 31 86
2713 6 43 66 85 36
2714 4 15 83 85 8 61
2715 30 44 67 51 32 39
2716 11 37 4 61 18
2717 25 85 14 87 79 34
2718 38 25
2719 2 4 101
2720 47 45
2721 12 68 7 97 9
2722 23 69 14 58 37 29
2723 1 60 65 67
2724 20 59 98 72 52
2725 30 68 36 62 23 38
2726 46 2 40 33 89 54
2727 10 67 78 66 68 83
2728 4 19 97 42 9 39
2729 16 71 95 81 97 84
2730 45 87 97 81 70
2731 39 51 71 19 73 75
2732 7 31 54 9 87
2733 45 83 48 31 69
2734 50 45 63 77 9 21
2735 25 75 63 5
2736 2 95 68 97 13
2737 18 53 86 29
2738 22 58 94 24
2739 44 53 8 4 61
2740 40 15 48 36 97
2741 11 25 43
2742 5 46 84
2743 38 74 49 99 48
2744 20 25 64 101 31 4
2745 37 22 76 49 23
2746 45 19 68
2747 7 65 17 28 13 88
2748 5 40 38 23
2749 19 9 29 31
2750 49 60
2751 5 22
2752 4 27 28 19 53
2753 33 51 35 15 90 62
2754 46 40 33 36 83 41
2755 20 93 94 72 76 88
2756 49 66 60 3 6
2757 9 73 22 58 96
2758 21 69 33
2759 29 40 47 78
2760 39 26 69
2761 36 77 65
2762 47 35
2763 5 4 49
2764 18 100 89 76 49
2765 50 56 16 58
2766 34 91 99
2767 31 82
2768 14 88 39 82 61
2769 36 42 87 34 88
2770 6 19 11 22
2771 35 47 43 5 22 38
2772 23 42 35 15
2773 48 83 20 23
2774 17 22
2775 17 26
2776 24 71 28 17 85 47
2777 35 15 75
2778 21 77
2779 32 22 27 53 96 38
2780 23 72 84 41 80 24
2781 48 6 46
2782 12 97 25 15
2783 32 27 4 13
2784 47 87 80 35 84 23
2785 25 55 21 62
2786 33 92 101 59
2787 25 13
2788 3 72 53 30 70 26
2789 28 94 70
2790 30 5 58
2791 11 8 89 42 52
2792 9 47
2793 37 25
2794 31 79 21
2795 31 31
2796 17 25
2797 24 23
2798 32 101 20 35
2799 33 6 75 45 2
2800 31 47 81 50 63
2801 11 86 45 64 94
2802 16 48 31 16 72 77
2803 2 76 94 70 22 49
2804 45 71 48 64 6
2805 38 90 84
2806 27 11 101 97 19 84
2807 19 98
2808 2 65 66 6 92
2809 4 38 24
2810 8 14 93
2811 19 48 61 73 85
2812 33 42 101 35
2813 37 21
2814 20 68 27
2815 6 34 98 66 14
2816 7 94 10 21 18 36
2817 38 86 90 60
2818 41 6 1
2819 38 46
2820 16 101 59
2821 13 23 31 88
2822 38 31 95 42 78 49
2823 29 1 48
2824 47 49 83 26
2825 15 25 59 50
2826 6 89 64
2827 38 4 85 84 98
2828 1 93 50 46
2829 16 3
2830 28 34 39 86 1
2831 2 90 100 20 8
2832 8 22 40 55 66 58
2833 12 30 46 93 18
2834 37 25 58 57 80
2835 17 89 68 20 29 55
2836 5 95 84 51 18
2837 16 1 42
2838 28 29 98 45
2839 38 68 66 44
2840 32 45 83
2841 29 43 93 99 86
2842 3 60 85 42
2843 44 55
2844 7 33 59 3
2845 14 20 26
2846 12 57 39
2847 3 65
2848 49 16
2849 44 101 31 51 22
2850 3 99 80 73
2851 21 32 68
2852 41 71 12
2853 4 9 74 75 93
2854 1 28
2855 18 98
2856 28 74
2857 28 41 10 30 15 44
2858 15 47 94 75 74
2859 46 45 16
2860 12 26 64 97 32
2861 49 101 54 24
2862 9 86
2863 38 79 51
2864 21 82 6 46
2865 30 22
2866 43 67
2867 41 8 29 34 94
2868 48 51 98 56
2869 42 62 52
2870 35 36
2871 40 87
2872 1 90 83
2873 23 53 55
2874 15 94 86
2875 33 2 66 42
2876 31 50 13 89 72
2877 42 86 34 81 45 12
2878 26 10 86 67 2 96
2879 17 88 24 9
2880 41 30 8 63
2881 9 63 30
2882 11 3 77 83 22 64
2883 42 32 92 94 73
2884 12 76
2885 30 70 58 22 31 68
2886 8 98 6 79 43 19
2887 18 7 63 38 40
2888 47 58
2889 33 37 36 33 40 46
2890 40 68 47 49
2891 38 46 56 63 1 2
2892 23 55 34 3 40
2893 12 15 80 56
2894 24 54 42 75 74
2895 15 88 56 50 16
2896 41 18 48 89 8 45
2897 6 26 13 30
2898 35 40 21 91
2899 12 62 37
2900 32 20 68 50 79 98
2901 30 32 100
2902 26 11 30 36 31
2903 27 95 66
2904 36 54
2905 26 89 61 81 63
2906 43 98 58
2907 10 16 94 2 60 71
2908 43 27 79 69
2909 24 57 66 82 60 15
2910 49 60 5 24 33
2911 42 38
2912 36 29 39 88 40
2913 33 16 34 4 13 77
2914 2 62
2915 26 90 64
2916 44 84 54 66 6 10
2917 31 23 9
2918 47 52 81
2919 31 36 56 95 71
2920 33 77 20 25
2921 13 53 29 96 36 15
2922 21 53 93
2923 23 101 5 32 72 90
2924 20 6 27 26 73
2925 48 1 67 9 42
2926 47 32 96 31
2927 45 45 90 91 47 55
2928 42 46 21 47 24 65
2929 30 39 8
2930 50 56 15
2931 31 61 44 17 70
2932 30 66 24 62 71 57
2933 4 10 40 47
2934 18 76 68 40 28
2935 31 4 9 25
2936 20 72 63 50
2937 15 73 22 36
2938 42 20 3 101
2939 25 39
2940 46 80 64
2941 33 69
2942 15 6 64
2943 2 11 22 94
2944 7 34 6 32 77
2945 32 74
2946 40 60 52
2947 8 23
2948 13 90 33
2949 22 99
2950 30 80
2951 34 32 42 50 82
2952 46 10 40 6 23
2953 2 8 24 37 22
2954 42 93 18 45 26
2955 24 36 95 28
2956 10 61
2957 35 22 64 80 12
2958 22 68
2959 2 75 91 61
2960 18 16 20 11 88 18
2961 16 66
2962 48 86
2963 41 28
2964 33 78 37 84
2965 20 36 5 48 76 1
2966 39 67 62 85
2967 42 69 31 13
2968 31 98 6 91 9
2969 45 73
2970 5 91 6 61
2971 17 24
2972 44 79 48 55
2973 14 50 31 8 53 72
2974 27 44 13 94
2975 47 35 94 77 61 64
2976 4 81 80 27
2977 36 2 83 68 60
2978 49 25 31 79 85
2979 43 41 12 99 54 5
2980 1 51
2981 10 46 99
2982 39 80 17 78 59
2983 28 30 36 45 46
2984 21 74 94 86 72 31
2985 44 39
2986 33 81 9
2987 28 93
2988 1 63 40 92
2989 9 5 60
2990 48 53 96 44
2991 17 5 31
2992 31 76
2993 6 12 21 50 27
2994 39 4 82 7
2995 30 63 65
2996 44 46
2997 33 46 5 4 73 2
2998 14 2 6 42
2999 2 79 24 1 63
3000 38 28 18 11 81 91
3001 13 69 4 39
3002 29 55 92
3003 29 34
3004 48 52 101
3005 27 59 39 95 12 87
3006 19 82
3007 35 71 26 75 82 99
3008 50 59 93 68
3009 2 27 54 66
3010 25 82 100
3011 48 83 25
3012 33 44 93 9
3013 5 56 84 48 88 97
3014 23 40 44
3015 38 10
3016 42 4 73 85 91 36
3017 37 100
3018 38 9 80
3019 36 70 99 6
3020 37 62 23
3021 44 99 68 42
3022 3 89
3023 46 7 32 33 11 23
3024 8 90 16 60 23 54
3025 23 53 101
3026 19 16 58 7 95 34
3027 50 89
3028 15 81 37
3029 9 45 20 77 41
3030 29 79 69 38 77
3031 47 62 11 25 79
3032 48 52 32 93 41 51
3033 19 31 58 54 85
3034 33 82 18 100 101
3035 11 41 4 5 44 73
3036 50 59
3037 39 49 55
3038 31 5
3039 26 4 25
3040 1 83 66 1 56 89
3041 4 64 69 13 68
3042 16 71 7
3043 46 1 56
3044 13 69 46 91 89
3045 45 73 16
3046 12 53 64
3047 48 85 51 52
3048 22 70 31 16 80 61
3049 28 100 86 96
3050 40 57 24 9 39
3051 15 35 57 16
3052 24 4 48 70
3053 14 14 94 35 49 31
3054 10 75 20
3055 1 100 29
3056 2 85 101
3057 11 37 76 22
3058 16 20
3059 43 96 43 94 57
3060 22 91 39 41
3061 9 73 92 61 58 30
3062 26 49 90 44 92 72
3063 49 7 62 19
3064 22 46 16 60 38
3065 15 100 93 57 11
3066 41 49
3067 37 38
3068 15 98 88 16 101 23
3069 34 15 77
3070 39 69 63 53 36 88
3071 42 21 1 88 92 52
3072 9 100 75 43 50 3
3073 5 1
3074 36 6
3075 11 92 73 101
3076 45 100 49 45
3077 19 73 25 85 61
3078 42 43 83 65 28 84
3079 11 44 64
3080 6 3
3081 1 98 82 81
3082 43 9 44 38 70
3083 9 4 10 95
3084 24 41
3085 15 98 10 28
3086 14 66 49 98 23
3087 19 87 96
3088 26 14 100 12 72 71
3089 41 94 81 39 25 5
3090 23 100 87 10
3091 19 53 45 37
3092 15 76 31 77 90
3093 22 56 42 29 40
3094 9 90 46 51 74
3095 10 47
3096 34 87
3097 36 57 36 11 53 7
3098 41 4 68 57
3099 9 63 90
3100 47 44 55
3101 10 48 62 101
3102 29 87 91 37 31 67
3103 37 71 65
3104 14 46
3105 32 54
3106 42 12 60
3107 15 95 27
3108 1 92 41 34 54
3109 17 90
3110 46 65
3111 18 26 71 20
3112 36 27 84 91
3113 49 59 36 72 92
3114 50 41
3115 32 82 51 19 3
3116 7 99 86 81
3117 23 38 16
3118 8 82
3119 47 65 28 81 100 45
3120 8 98 16 35
3121 15 49 61 83 3 45
3122 1 81 72
3123 12 2
3124 24 100 25 85 55
3125 14 43 25 99 93 15
3126 12 43 50 86 22 59
3127 24 93 44 59 14 52
3128 11 99
3129 20 21 70 51 67 75
3130 10 4 11 98 60 15
3131 19 59 67 18
3132 27 43 99 20 33
3133 30 60 5 72 74
3134 42 29 74 58 90 84
3135 6 86 81 87 58 69
3136 23 91 28 26
3137 25 30 76 29
3138 36 20
3139 9 1 92 40 89 51
3140 33 1 66 31
3141 2 17 51 32 67
3142 44 75 51 21
3143 45 38 64 77
3144 28 90 26
3145 21 4 41 43 38
3146 20 100
3147 16 65
3148 23 59 38 52 54 90
3149 7 45 46 21
3150 35 11 33 28
3151 49 87
3152 23 40
3153 31 77 24 69 23 95
3154 36 42 80
3155 40 10 72 33 79 46
3156 43 40 39 62 85 45
3157 2 66
3158 45 101 68 43 85
3159 41 9
3160 46 92 71 53 14
3161 27 95 35 38 75 15
3162 13 51 5 14 18 59
3163 9 31 4 51 30
3164 9 15
3165 1 75 85 11
3166 24 32 16 67
3167 9 25 12 68 57 99
3168 30 9 44 67 42 40
3169 41 11 14 18 42
3170 42 43 48 60 75
3171 42 20
3172 49 18
3173 9 57
3174 30 44 27 31 100
3175 17 45 86
3176 14 101 40 60 22 48
3177 3 83 53
3178 6 54 71 56
3179 5 62 44 25 88
3180 30 9
3181 37 45 38 77 14
3182 34 20 8 50 90
3183 23 87
3184 33 43 27
3185 13 98
3186 47 54 73 45
3187 44 99 15 71 93
3188 24 40 97 19 69
3189 41 72 70 16 64
3190 9 4 55 72 29
3191 1 40 17 70 82 66
3192 41 51 53 8 28 76
3193 6 84
3194 38 48
3195 8 2 49 81
3196 46 100 53
3197 38 58 4 100 79
3198 12 73
3199 47 52
3200 14 21
3201 3 51
3202 43 92 5
3203 50 32
3204 48 60 77 75
3205 3 31
3206 25 13 70 44 56 96
3207 13 96 65
3208 47 27 50 61
3209 41 36
3210 8 10 100 88 22
3211 28 40 76 83
3212 21 7 90 95
3213 9 84
3214 31 18 41 29
3215 43 62 46 45 92 78
3216 30 101
3217 22 57
3218 46 101 10 1
3219 44 54 23 13 14
3220 1 64 31
3221 5 8 62
3222 36 96 39 20 91
3223 30 34 81 4 12 87
3224 47 95 53 21 62 88
3225 22 90 88 23 30
3226 43 42 10 73 12
3227 37 13 2 81 5 76
3228 47 76
3229 38 25 70 7
3230 17 45 12
3231 28 27 24 39 14
3232 11 82 3
3233 13 58 22 10
3234 2 52 49
3235 4 82 37 65
3236 13 91 77 89
3237 2 39 37 64 98 52
3238 19 6 38 87 70
3239 6 28 78 62 4 36
3240 38 4
3241 35 87 1 83 32 36
3242 18 58 30
3243 6 17
3244 42 89 57 5 9
3245 33 63 12 48
3246 34 8 77 10
3247 4 89 56
3248 44 55 16
3249 50 99 69
3250 9 49 30 56
3251 33 13 57
3252 18 37 72 70
3253 21 58 51
3254 21 15 83
3255 49 100 2
3256 19 60 52 64 41 68
3257 41 61 96 17 31
3258 4 57 47
3259 3 40 85 83 48
3260 32 83 74 10 33 13
3261 7 101 36 44 64 56
3262 18 10 41 33 79 38
3263 37 19 2
3264 20 22 48 34 96
3265 2 5 92 29
3266 1 95 25
3267 43 33 2
3268 4 57 79 93
3269 18 13
3270 24 25 11
3271 16 71 79
3272 27 72
3273 6 42 93 101 43
3274 29 58 14
3275 40 74 73 70 42
3276 34 39
3277 4 53 25 38 64 34
3278 27 21 82 6 12
3279 44 31 58 4
3280 28 40 25 95
3281 25 52 33 24
3282 23 77 66 65 33 88
3283 19 41
3284 39 56 97
3285 19 54 1 73
3286 46 92 30
3287 49 37 2 93 57 43
3288 18 3
3289 6 43 48 98 3
3290 28 58
3291 24 35 95 38 66 3
3292 43 29 66 97 88 92
3293 21 22 58 41
3294 24 1 64 74 15
3295 21 70 74 50 6
3296 8 7 58 71
3297 39 19 2 52 10 54
3298 24 56
3299 38 81 4 70 71 95
3300 6 78 99 72 84
3301 36 92 4
3302 28 1
3303 29 40 19 60 11 95
3304 47 54 20
3305 8 82 78
3306 22 96 81 70
3307 25 71 1
3308 41 29
3309 2 94 89
3310 32 3 25
3311 13 88 56 50
3312 41 70 71 72 86 66
3313 2 53 40 76
3314 39 99 79 17 20
3315 4 2 28
3316 27 59 61 10 63
3317 26 61 30 26
3318 12 56 64 36
3319 27 12
3320 42 28
3321 31 70 72 18 69 86
3322 38 87 101 63 75
3323 9 59 74
3324 50 32 65 92 34 15
3325 1 29 64 61 36
3326 8 31
3327 49 87 34 25
3328 5 9 25 78 84 30
3329 7 87 29 44
3330 7 65 98
3331 18 14 40 47 37
3332 15 68 7 21 11
3333 22 17 9 15 24 85
3334 37 4 61 62
3335 12 1 43 70 101
3336 11 89 15 41 72 51
3337 50 43 72 18 15 25
3338 10 98 7 16 29 17
3339 44 34 15 30 1
3340 18 19 46
3341 30 92 50 58 17
3342 44 41 34
3343 39 70
3344 32 100 78 1 43
3345 30 7
3346 22 72 24 42
3347 20 26 90 67 15
3348 21 55 49 58 25 39
3349 24 64
3350 31 1
3351 16 7 76 75 92
3352 36 94
3353 5 61
3354 15 39 53 51 28
3355 27 77 100 4 57 23
3356 37 85 78
3357 12 40
3358 48 18 93 37 38
3359 15 24 53 72
3360 5 11 25 36 49
3361 47 41
3362 20 84
3363 10 44 70 40 96
3364 34 40 3
3365 7 70 90 7 6 21
3366 47 87 65 69
3367 50 100 96 83 77
3368 4 23
3369 39 37 1 11 75
3370 21 80
3371 43 12 28 46 6 39
3372 32 13
3373 6 71 87 29 19 17
3374 27 77 14 45
3375 18 100 79 91 69
3376 23 59 40
3377 29 82 42 64 58 100
3378 24 72
3379 44 61 35 83 82
3380 34 56 22 46
3381 30 97 21 60 52 62
3382 10 75 80 49 2 33
3383 8 55 24 36 44
3384 48 60 92 93
3385 27 99 89 84
3386 4 54 50 15
3387 22 81 76 51 84 53
3388 19 8 97
3389 30 7 60
3390 41 34 76 93 32
3391 14 100 42 44 86
3392 26 85 53 73
3393 20 10 54 12
3394 18 84
3395 1 3 38 32 88
3396 45 8 30 96 22
3397 2 34 88 100
3398 6 34 91 93 40
3399 24 68 98
3400 6 62 101 54 49 33
3401 15 96 41 85 32 69
3402 47 37 98 25 27 39
3403 18 11 66
3404 35 25 9 81 92 13
3405 2 6 23 68 91 40
3406 45 50
3407 14 81 2 36 24
3408 19 93 86 83 12
3409 4 26
3410 6 68
3411 4 40
3412 14 38 31
3413 44 77 31
3414 35 89
3415 4 78 43 42 89 31
3416 47 36
3417 19 57 39
3418 43 78 35 1
3419 42 43 57 33
3420 22 86 99 71 100 42
3421 8 69 70 45 99 101
3422 23 83
3423 42 13
3424 4 60 53
3425 50 87
3426 38 18 23 71 60
3427 42 101 51 74
3428 30 60
3429 42 75
3430 50 62 43
3431 35 60 49
3432 1 9 36
3433 7 48
3434 45 68 78 101
3435 41 74 47
3436 46 46 84 54 97
3437 21 86 40 67 35 21
3438 9 50 77
3439 18 30 14 26 50
3440 46 57
3441 3 66 53
3442 17 80 73 78 88
3443 12 58
3444 19 20
3445 44 95 38 81
3446 2 56 99 79
3447 37 36 88
3448 4 28 61 4 21
3449 10 88
3450 19 83
3451 19 15 69
3452 28 91 63
3453 3 22 44
3454 36 34 95 69 63
3455 44 7
3456 18 53 69
3457 47 12
3458 49 18 53 54 13
3459 15 97 90 92 65 86
3460 41 65 47 82 7
3461 12 19 44
3462 33 76 31 8 43
3463 30 69
3464 33 52 63 55 40 22
3465 20 56 70 83 58
3466 45 3 26 88 16 74
3467 23 20 99 21
3468 13 70 99 64 85 11
3469 40 48 47 56
3470 48 6
3471 48 48
3472 6 98 83 79 50
3473 22 78
3474 1 3 59 65 97
3475 33 61 62 12
3476 38 4 64 87
3477 17 26 37
3478 34 24
3479 40 50 85 18 55
3480 45 27 36
3481 3 92 15 101 8
3482 46 48 27 64
3483 26 68 49 29
3484 36 21 100 34 27 93
3485 17 89 22 42 5 44
3486 39 4 13 93 9 74
3487 18 57 24 89
3488 18 27 55 77 23
3489 48 53 63
3490 25 34 16 35 3 72
3491 16 45 65 90
3492 21 97 47 60 28 100
3493 8 13 55 77
3494 47 9
3495 41 32 80
3496 40 3 65 96 4
3497 7 75
3498 25 16 100 75 63 64
3499 38 75 5 16 34 3
3500 45 97 33
3501 25 3
3502 46 28 20 101
3503 4 10 58 40 56
3504 5 95
3505 43 53 37 29 94
3506 12 87
3507 10 62 7 72 39 77
3508 5 57
3509 17 29 1 92 9 56
3510 30 4 23 89 60 41
3511 41 10
3512 27 4 62
3513 9 90 91 62 5 82
3514 21 89 64 29 90
3515 47 66 7 65 52 4
3516 8 53 40 74 1
3517 10 54
3518 30 69 44 11 21 43
3519 35 16 46 35
3520 31 48 14 45
3521 21 8 97
3522 35 90 69 101 19 54
3523 28 56
3524 50 78 28
3525 26 47 27 25 12 38
3526 6 53 50 72 73 30
3527 43 6 3 68
3528 26 42 54 7
3529 4 1 72 9 37
3530 44 85 25 80 66 76
3531 1 37 56 31
3532 14 45 30 33 34 91
3533 28 58 6
3534 41 76 21 69 49 89
3535 31 88 20 50 67 19
3536 14 95 96 48 69
3537 22 96
3538 29 100 41 69 33 17
3539 20 101 95 51 78 27
3540 12 52 39 45 56 92
3541 44 63 100 94 58 20
3542 26 49 38 61
3543 21 4 100
3544 49 52 23 66
3545 33 48 19 95 39
3546 34 93 68 58
3547 24 1 64
3548 44 9 67
3549 17 9 44
3550 50 32 68 61 99
3551 14 13 61
3552 26 76 16 53 83 9
3553 30 29
3554 48 26 88 68 28
3555 20 96 33 26
3556 35 14 34 62
3557 6 12 90
3558 36 88 12 11 39 16
3559 48 80 69
3560 9 30 95 38
3561 30 32 5 60 68 16
3562 13 39 82 58
3563 38 90 85 96
3564 21 80 95 53 54 28
3565 17 11
3566 24 68 63
3567 50 4 84 25 86 88
3568 27 60 54 68 76
3569 6 69
3570 31 94 61 45
3571 44 12 57 30 92 84
3572 29 87 90 96
3573 42 60
3574 4 41 39 31 45 2
3575 9 60 96 16
3576 35 31 19
3577 43 37
3578 11 31
3579 44 8
3580 35 67 40
3581 39 35
3582 39 98
3583 29 50 22 44
3584 49 63
3585 27 93 7 32
3586 26 81 41 17 70 67
3587 39 78 98 92 83 25
3588 45 30
3589 7 50 40 41
3590 31 48 3
3591 20 42
3592 45 25 12 55 79 71
3593 2 30 94 45
3594 46 37
3595 23 55 87 13 41 47
3596 25 37 51
3597 36 37 50
3598 19 40 20
3599 41 93 30 85 101 52
3600 2 60 63 39 59
3601 10 1 3
3602 1 89 36 16 12 22
3603 46 39 5 67
3604 36 87
3605 29 56 54 89 82 10
3606 31 87 26
3607 18 72 29
3608 25 69 55
3609 20 54
3610 2 76 74 75 36 5
3611 41 90 39 81 3
3612 28 48 96 90 79 10
3613 19 16 53 97
3614 19 18 38
3615 44 71 96 6 97 98
3616 12 48 77
3617 32 65 68 91
3618 26 2 1 56 3 43
3619 50 72 32 66 63
3620 38 82 51 28 8
3621 33 43
3622 5 58 37
3623 34 75 1 83 62 39
3624 41 33 24 18 14
3625 3 50 91 73 101
3626 31 59
3627 24 53 63
3628 47 61 38 62 22
3629 32 44 32
3630 49 34 30 13 88
3631 45 8 50 84 48
3632 3 43 56 2 77
3633 45 43 76 15 9
3634 19 68
3635 7 72 43 15 35
3636 50 70 82 30
3637 41 58 97
3638 37 12 54
3639 1 92 52
3640 47 91 40 8 21
3641 44 63 26
3642 11 80 39
3643 14 95 48 9 23
3644 28 68 49
3645 26 64 66 71
3646 4 10 94 18 97
3647 14 30 32 63 73
3648 49 37
3649 9 35 10 72
3650 18 88 99
3651 5 64 55
3652 25 2
3653 30 77 94 8
3654 30 46 20 51 3
3655 38 29 16 48 60
3656 3 74 25 91 35
3657 15 44
3658 10 81 65 101 41 12
3659 38 97
3660 26 84 70 28
3661 33 57
3662 16 18
3663 23 55 49 33 23 29
3664 14 29 55 11 57 39
3665 40 62 10 71
3666 31 36
3667 10 35 11
3668 42 71 12 50 48 51
3669 44 22 49 41 63
3670 9 91 79 6 11
3671 20 4 27 101 75 5
3672 50 92 69 76 33
3673 29 50 10 63
3674 34 32 10
3675 49 91 71 2 57 84
3676 16 49 79
3677 22 25 14
3678 18 81 20
3679 11 56 55 54
3680 8 64 71 31
3681 21 3 100
3682 25 48 62
3683 25 27 86 15 36 13
3684 5 20 36
3685 16 40 35
3686 40 91 12 37
3687 47 90 48 23 70
3688 9 4 99
3689 32 64 23 95
3690 38 27 65 49 60
3691 45 52 13 41
3692 25 23 82 91 24
3693 13 25 76 78
3694 2 92 85
3695 7 18 35
3696 8 43 71 81
3697 36 17 42 82
3698 31 1
3699 7 94 87
3700 2 98
3701 33 56
3702 11 29 44 8
3703 1 86 64 56 92
3704 29 82
3705 49 40 79 22 97
3706 8 57 45 6 25
3707 5 58
3708 5 26 7 15
3709 38 90 22
3710 35 31 16 32 79
3711 34 52
3712 38 34 26 32 64 79
3713 28 46 101 22 33
3714 20 68
3715 22 32 19 78
3716 1 86 74 87
3717 8 74 91
3718 4 84 90 37
3719 39 7 45 63
3720 29 36
3721 48 84 13
3722 30 45 99
3723 32 24 64 69
3724 19 90 26 99
3725 36 45 85 70 58 95
3726 41 83 84 68 39 48
3727 34 51 2 59
3728 18 76
3729 9 9
3730 45 48 28
3731 19 61 90 33
3732 30 76 35 92 45
3733 33 29 5 57 51
3734 14 92 91 27
3735 50 22 10
3736 26 73 77 25 83 80
3737 21 35 95 78 66
3738 38 42
3739 12 45
3740 12 76
3741 45 46 32
3742 32 100 51 46 10 101
3743 22 49 46
3744 34 19 22 92
3745 7 38 30 44
3746 28 48 92 56 76 13
3747 45 29 33 9 36 21
3748 47 46 22 18 51 57
3749 12 31 38 12 99
3750 6 96 45 65
3751 37 41 29 3 53 16
3752 46 60 9 73 50 46
3753 26 32 84 98 56 49
3754 23 55
3755 6 96 26 100 65
3756 27 41
3757 42 32 9 53 57 10
3758 39 95 40
3759 35 89 98 21 55
3760 7 75 19
3761 14 59 1 91 38
3762 20 40 17 4 23 70
3763 20 60 92 96 42 97
3764 43 12 51
3765 47 74
3766 4 5 41 13 32 22
3767 41 76 46 83
3768 18 35 34 72
3769 43 46 49 89 29
3770 6 11
3771 46 42 41
3772 17 80
3773 28 22 37 68 20 50
3774 17 9
3775 48 85 7 99
3776 33 5
3777 2 13 35
3778 33 87 78 15 85 83
3779 1 98
3780 40 99
3781 9 100
3782 31 86 43 45 78 100
3783 25 17 1 12
3784 6 45 12 16
3785 1 94 31 23
3786 45 16 26 42 28
3787 11 76 80 32 36
3788 46 64 10
3789 40 34 13 26 71
3790 50 25 35 21 85
3791 19 90
3792 26 81
3793 5 83 9 78 4 27
3794 47 78 76 30 60 48
3795 36 59 84 46 48 55
3796 31 24 31
3797 17 19
3798 10 46 86 35 57 101
3799 34 5
3800 4 38 26 35 41
3801 34 18 84 56 80 88
3802 29 18 14 55
3803 22 9 67
3804 44 80 34 65
3805 39 58
3806 33 62 67
3807 16 25 43 67 99
3808 24 78 84
3809 44 20 86
3810 2 33 56
3811 8 42 11 32 45 99
3812 41 89 36 31 81
3813 30 89 36 88 22
3814 13 57 19
3815 22 2 100
3816 37 66 18 51 76 63
3817 33 67 101 19 77
3818 36 81 48 1 33 45
3819 11 85 97 10 92 35
3820 42 76 60 48 4
3821 4 26 90 57 93 65
3822 33 98 37 43
3823 17 26
3824 31 79 17 75
3825 13 70 75 84 94 92
3826 12 55 61 88 52
3827 14 89 5 45 49 93
3828 11 27 39
3829 18 80 42 19 87
3830 1 25 34 58
3831 30 12 28 64 7 46
3832 9 87 65 6 18 23
3833 40 63 43 49 14 4
3834 44 59
3835 47 14 37
3836 2 47 91
3837 27 76
3838 49 42 79 85 2
3839 11 66 55 94
3840 49 67 72 54 37
3841 8 83 77 74 51 44
3842 25 101 52
3843 44 70
3844 26 61 2 35 53
3845 50 92
3846 10 58
3847 39 91 1 90 71
3848 10 6 69 52 11 25
3849 29 73 48
3850 17 12 58 73 63
3851 6 60
3852 12 25 98
3853 23 18 62
3854 37 61 20 43
3855 17 61
3856 46 6
3857 46 5 100 20 83
3858 35 10
3859 2 2
3860 20 83 98
3861 44 100 23 21 10 26
3862 8 68 97 48 25 72
3863 7 87 9
3864 7 63 35
3865 50 51
3866 12 100 69 28 19
3867 9 30 61 4
3868 7 78
3869 27 24 33
3870 45 90 6 38 2
3871 31 42 100 85
3872 33 58 30 98 11 2
3873 38 70 39 17
3874 6 65 15 98
3875 3 19 10 70 97 50
3876 28 43 87
3877 3 75 37
3878 44 59
3879 13 27 13 31
3880 48 78 60 99
3881 41 74 61 12
3882 43 46 45
3883 42 53 93 52 88
3884 49 15 11 10 64 21
3885 2 100
3886 13 72 69 55 100 17
3887 48 28 37 100
3888 12 21 96 45
3889 14 38 65 100
3890 13 4 70 36 93
3891 38 53 89 31
3892 47 82 38
3893 46 22 85 16 11
3894 47 62 32 29 85
3895 22 78 48 71
3896 6 68 93 15
3897 6 87
3898 3 94
3899 2 5
3900 26 2 8 41 26
3901 5 19
3902 47 29 59 63
3903 3 18 71 15 14 33
3904 40 29 60
3905 46 68
3906 5 6 59 45 100
3907 35 74 39 56 57
3908 4 10 43 92 49
3909 45 43 64 47
3910 35 40 86 56 84
3911 19 35 19
3912 45 20 15 55
3913 16 46 28 8
3914 5 43 84
3915 38 81 96 3 62
3916 40 85
3917 1 94 26 27 8
3918 11 1 56
3919 35 69 3 64 83
3920 30 34 24 61 35 82
3921 1 88 54 97 3 68
3922 42 74
3923 36 10 72
3924 24 89 9
3925 30 34 60 18 36 65
3926 30 56 85 88 13 50
3927 42 90 45 32
3928 50 30 42 89 29
3929 41 61 19 46 90
3930 42 83 98 97
3931 40 26
3932 45 40
3933 40 77 59 83
3934 42 66 39 11 76
3935 12 45 58 63 94
3936 3 77 30 80 19
3937 19 56 52 5
3938 9 4 22
3939 47 42
3940 44 6
3941 43 81 23
3942 37 16 30 95
3943 11 38 85 90
3944 45 32 68
3945 26 36 50 77
3946 29 81
3947 14 3 35 13 70
3948 42 90
3949 41 65 7
3950 32 88 32 94 77 9
3951 28 13 6 100
3952 23 63 9 87 98 82
3953 33 21 67 34 86
3954 9 93 21 1 71
3955 46 98 23 41 69 12
3956 47 1 73 7 25 23
3957 18 41 79 47 2
3958 40 58 101
3959 21 98 19
3960 41 20 81 36 101
3961 23 44 52
3962 1 16
3963 3 16 31 43
3964 1 32 15 89
3965 11 32
3966 18 95 54
3967 4 69 14 85
3968 14 62 17 9
3969 48 53 54 76 84 18
3970 22 79 78 13
3971 38 75 94
3972 9 63 75
3973 9 1 70 85 48
3974 47 91 100 90 84
3975 18 98 39 90 35
3976 38 32
3977 45 71 2 74
3978 8 64 9
3979 33 7
3980 20 85 97
3981 21 28 43 84 80 33
3982 50 42
3983 31 86 10 87
3984 15 78 80 18 28
3985 6 100 101 38 40 37
3986 47 87 10 86
3987 17 33 59
3988 7 28 70 69 6
3989 50 29 57
3990 5 76 94 60 67
3991 33 100 42 17 18 36
3992 20 38 50 28 96
3993 3 21 94 97 75
3994 4 55 4
3995 15 77 73 8
3996 26 75
3997 12 93 22 77
3998 2 22 70
3999 8 23
4000 22 74 38
4001 4 45 85 20 5 82
4002 32 24 49
4003 44 11 52
4004 1 75 97 49 86 77
4005 40 55 42 29 20 56
4006 28 66 28
4007 30 57 11 64 28 43
4008 28 80
4009 14 98 38 69
4010 3 53 45 75
4011 29 85 4
4012 35 56 81 71 11 82
4013 47 75 65 20 98 19
4014 18 69 83 4 1 59
4015 48 68 90
4016 11 32
4017 30 54 84 28 64
4018 14 21 19 77 96
4019 43 8 81
4020 46 48 20
4021 27 41 100
4022 24 77 24 94
4023 13 47
4024 3 50
4025 10 73 10 59 44 8
4026 23 86 45
4027 48 25 97 78
4028 45 65 30 14 93 67
4029 26 65 43 28
4030 15 6 12
4031 2 100 72 8
4032 3 39 72
4033 50 18 76 44 57
4034 7 71 78 98
4035 43 15 48
4036 50 94 60 19 44
4037 30 28 31
4038 42 16 3 84
4039 41 99 74 71
4040 50 88 77 15
4041 41 60 91
4042 10 98 38
4043 22 66 39 93
4044 20 76 38
4045 17 61 99 18
4046 45 13 78 9 67 20
4047 43 48 20 54 78 69
4048 18 27 71 53
4049 44 66 8 1 93
4050 50 32
4051 10 90 65
4052 24 79
4053 25 74 69 77 92 5
4054 46 15 70
4055 6 39 74 28
4056 41 71 13 60
4057 19 32
4058 22 39 72
4059 33 42 67 54
4060 31 41 8 90
4061 50 58 32
4062 8 67 68 50 10 36
4063 32 80 83 26 13
4064 15 72 40 16
4065 1 70 49
4066 8 96 73
4067 16 69 53 27
4068 11 27 76 89
4069 20 95
4070 33 17 82 86
4071 30 76 70
4072 35 20 101 73
4073 19 16 36 83
4074 20 54 34 87
4075 41 12 82
4076 15 41 85 73 72
4077 6 59 55 18 31
4078 24 43 82 69
4079 49 93 30 63 13 25
4080 43 101 35 86 10
4081 37 56 22 81 15
4082 14 75 62 38
4083 28 2 42 95 70
4084 20 37
4085 46 50 65 100 94
4086 10 12 8 61 45
4087 48 41 25 7 11
4088 46 45 42 15 3
4089 16 84 24
4090 22 5 49 95 59 47
4091 35 33
4092 8 97 20 33 46 79
4093 15 20 46
4094 5 83 52
4095 32 40 46 96 37 70
4096 46 100 41 49 33 74
4097 13 1 50
4098 35 13 51 86
4099 12 19
4100 44 20 57
4101 6 79 18
4102 19 50 19 43 65 38
4103 31 12
4104 29 53
4105 32 19 96 55
4106 5 73 11 83 9
4107 37 12 54 77 50
4108 19 28 90 43
4109 46 29 88 3
4110 45 28 1 89
4111 48 44 99 69
4112 19 100 23 8
4113 38 32
4114 10 70 82
4115 13 66 83 17 42 91
4116 15 43 68 98 78
4117 45 46
4118 29 30 96 31
4119 9 20 5 71 13 40
4120 28 77 45 100 33
4121 33 44 23 97 84
4122 11 95 19
4123 12 82 56
4124 18 39 66 34
4125 50 42 4 52 81 79
4126 49 43 2 89 60
4127 37 49
4128 43 59 18
4129 7 34 90
4130 15 51
4131 11 6 54 56
4132 7 37 33 43 45
4133 9 96 88 22 87
4134 14 24 74 54
4135 1 75
4136 2 22 6
4137 23 78 79
4138 14 74 54 5
4139 28 68 31 53 70
4140 17 66 85
4141 40 19 95 71 40 101
4142 2 15 64
4143 33 45 93 44 33 47
4144 12 82
4145 13 55 66 20 11
4146 39 53 8 90
4147 12 60 86
4148 36 48 40
4149 7 61 45 78 26
4150 19 32 21
4151 27 42 10
4152 37 12 63 22 37 18
4153 36 33 2 69 10
4154 20 54 77 73 36 58
4155 26 54 11 37 94 41
4156 6 49 31
4157 36 9 41 14 76 70
4158 1 101 73 100
4159 11 61 92
4160 20 4
4161 19 84 12 93 77 70
4162 1 15 40 33
4163 11 78
4164 38 84 51 59
4165 4 92 16 49 22 52
4166 29 8 61
4167 13 99 61 73 83
4168 16 15 61 40
4169 47 44
4170 3 55 14 66 12
4171 41 43 84 99 96 75
4172 47 8 34
4173 27 63 55 53 49
4174 7 91 20
4175 22 55 36 6 65
4176 38 16
4177 36 85 20
4178 31 28 75 35 40
4179 25 98 77 43
4180 1 3 89
4181 6 23 20 80 36
4182 40 85 92
4183 8 35 8
4184 1 1 75 25 67
4185 31 56
4186 38 88
4187 6 68 27 74
4188 4 42 26 76 93 87
4189 1 9
4190 41 81 92 26 84 99
4191 33 70 57
4192 14 78 59 34 61 88
4193 21 13 16 54 3 12
4194 43 69
4195 23 46 68
4196 49 56 73
4197 37 96 81
4198 41 25 12
4199 19 9 21 79
4200 16 55 34 97 16 45
4201 29 65 49 50
4202 27 89 98 68
4203 16 16 50
4204 30 5 31 48 64 21
4205 23 71 90 3
4206 7 33 3 86
4207 15 51 76 65 70
4208 28 87 53 20 18
4209 45 77 33
4210 40 61 75
4211 33 92
4212 22 45
4213 3 47 43 37 19 23
4214 14 1 60
4215 13 94
4216 13 98 73 99
4217 8 34 87 76 9
4218 21 97 3
4219 36 43 44 29 39 82
4220 46 41 98 93 36 54
4221 39 40 95 43
4222 26 46 21 13 39 15
4223 44 43
4224 43 48 65
4225 34 8 34 26 7
4226 30 58 93 43
4227 26 80 56
4228 19 22 38 86 94
4229 44 100 79 30
4230 14 85 84 26 21 66
4231 41 30 1 35
4232 11 4 29 37 93 32
4233 23 67 77
4234 19 7 22 34 99
4235 23 41 76
4236 29 20
4237 5 69 14 70 33
4238 39 91 50 21 48
4239 20 22 3 1 49 27
4240 18 69 93 82
4241 29 37 79 2 40 5
4242 41 5 10 38 91
4243 39 8 98 25
4244 26 3
4245 50 14 9 41
4246 30 13 57 64
4247 11 91
4248 3 69 40 66 83 37
4249 45 64 11 34
4250 41 48 36 14 95 66
4251 29 53 59 15 35
4252 29 87 18 56 32 93
4253 45 17 19
4254 36 15 83 70 49
4255 46 2 41 64
4256 47 51 12 62
4257 17 25
4258 22 34 8
4259 28 64 15 59 12
4260 4 92
4261 14 67 34 78
4262 11 9 30 83 78
4263 14 71 47 75 60
4264 33 8 48 81
4265 20 82 4 60
4266 29 100 10 41 86 40
4267 22 1 3
4268 42 97 52 93 73 76
4269 21 37 91 24 58
4270 14 53 59
4271 17 92 71
4272 14 52 93
4273 34 52 29 91 26 17
4274 4 79 8 46
4275 24 64 44 54 31 95
4276 38 74 95 89 8
4277 41 33 13 48 29 49
4278 15 42 78 13 67
4279 4 60 24 41 100 28
4280 48 60 78 36 25
4281 17 59
4282 24 93 82 32
4283 6 74 37 9
4284 39 3 43 58 37 66
4285 3 75 81 32 7
4286 19 5 86
4287 47 22
4288 25 26 75
4289 25 100 42 78 30 90
4290 33 65 88 82
4291 19 57 89
4292 13 65
4293 14 63 58 11 88 2
4294 47 19 74
4295 32 12 40 83
4296 33 30
4297 29 81 82 41 42 55
4298 18 21 73 83 78
4299 12 74 100
4300 36 63 45 56
4301 1 29 47
4302 2 51 96 63
4303 21 95 57 67 90 41
4304 41 94 17
4305 44 7 92
4306 46 94 72 12
4307 21 97 76
4308 11 20 67 83
4309 11 72 101 11
4310 49 47
4311 18 70
4312 24 13
4313 25 28 34 25 18
4314 47 94 6
4315 32 85 50 49
4316 39 9
4317 6 66
4318 22 29
4319 36 101 77 13 78
4320 8 89 83
4321 16 1 22
4322 5 64 28 30 80
4323 38 1
4324 5 77 100
4325 21 17 24 23
4326 30 64 42
4327 19 98 52 69
4328 25 96 84 44
4329 50 47 22
4330 2 34
4331 37 60 28 91 81 11
4332 44 66 54 58
4333 2 34
4334 23 72 55 31
4335 46 44 80
4336 28 70
4337 30 39 44 37 71 96
4338 15 49 53 64 33
4339 50 43 77
4340 43 46 96 100 92 89
4341 36 58
4342 10 44 100
4343 30 101 87 57 34
4344 34 40
4345 43 81 27 93
4346 43 87
4347 29 64 34 49 11 98
4348 11 76 36 39 47
4349 44 99 77 79 92 49
4350 49 63
4351 29 91 28 41
4352 48 98 65
4353 41 10 25 15 66
4354 40 70 50
4355 41 50 97 15
4356 40 9 26 42 18
4357 44 39 2 91
4358 12 45 5 65 58
4359 36 59
4360 3 80 36
4361 39 8
4362 22 82
4363 44 93
4364 20 14 55 18 12
4365 3 89 57 87
4366 50 32
4367 6 41 76 66 69 84
4368 49 11 38
4369 23 72 24 56 60 86
4370 35 20 17 72 15 101
4371 46 93 46 24 53
4372 20 80 52 23 26
4373 23 40
4374 10 58 85 68 100
4375 47 101 67
4376 32 101 28
4377 38 61 88 46 6 89
4378 4 15 8 40 63
4379 36 7 53 13 81
4380 39 89 70 33
4381 1 35 57 69 59
4382 6 87 57
4383 44 11 2 54 3
4384 10 64 92 72
4385 43 82 69 97 14
4386 3 88 48 43 84 42
4387 47 74 46 62 17
4388 22 84 37 89 83
4389 28 93 16 25 65 13
4390 21 58 90 87
4391 31 17 87 44
4392 19 73 42 3 2
4393 29 4 83
4394 46 16 75 78 89 94
4395 26 59 92 84 95 65
4396 1 24 92 88 7 42
4397 38 4 87 38
4398 14 1 17 85
4399 11 71 100 17 18
4400 6 92
4401 46 50 55 44
4402 48 13 70 56
4403 38 64 44 63 18 89
4404 45 95
4405 44 96
4406 14 13 87 99 80
4407 36 60 89 44 14 22
4408 14 60 30 21 56
4409 20 90 48 1
4410 14 33 98 12 97
4411 36 62 56 28 70
4412 9 52
4413 41 79 50 25 49 37
4414 47 30 10
4415 15 96
4416 11 44 11
4417 22 81 65 21
4418 37 48 74 99 17
4419 13 92 77 18 83 12
4420 18 96
4421 8 93 92 4 35 60
4422 11 38 20 5 17
4423 17 30 36 91 16
4424 6 55
4425 49 62 50 42 5
4426 35 62
4427 9 41 91 38 31
4428 24 5 81 34 85 47
4429 18 21
4430 46 21 67 3 30
4431 31 11 20 97 51
4432 12 88
4433 43 41
4434 29 57 101
4435 26 88 20
4436 23 16 76 41 98
4437 10 84 24 47 91
4438 42 7
4439 24 48 2 40
4440 36 5 3 17 37
4441 31 77 97
4442 29 73 54 32 17 86
4443 20 90 86 56 61 19
4444 42 11 59 101 13
4445 45 78 74 29 47 26
4446 9 52 79 22
4447 22 26 37 12 58 82
4448 15 38 59 51 72
4449 14 35 12 50 58 86
4450 14 80 97
4451 34 85 87
4452 1 65
4453 4 84
4454 50 75 64 51 53 83
4455 47 59 31 19
4456 17 94
4457 17 74 68 34 23
4458 30 4 25 95 81
4459 16 13 52 29 80
4460 23 74 61 46 45 98
4461 42 24 49 91 54 46
4462 46 95 33 59 25 45
4463 11 52 56 44 81
4464 27 60 93 23 92 4
4465 4 1 43 80 44
4466 18 41 86 55 43 33
4467 8 68 85 5 13
4468 50 19 92 18 57 84
4469 40 85 22 82 41 68
4470 34 46
4471 27 73 44 29
4472 38 74 18 7
4473 31 33 54 56 3
4474 8 43 86
4475 2 38 4 84 21
4476 19 101
4477 48 93 87 89
4478 49 48 65 31 66
4479 44 35 9 48 6
4480 32 48 23 59
4481 29 87 48 91 35 63
4482 1 23 73 53 52 12
4483 26 94 26 39
4484 44 49
4485 26 41
4486 9 73 3 83 39 76
4487 15 80 71
4488 19 92 15 82 101
4489 31 6 57 19
4490 19 32 66 8 45 72
4491 24 7 15 37
4492 20 23
4493 15 89 64
4494 36 100 32 14
4495 47 100 20
4496 27 85 12 81 24
4497 16 99
4498 4 57
4499 16 73 26 44 57
4500 1 91
4501 46 34 20 17 89 26
4502 21 22
4503 11 11 71 17 73
4504 43 46
4505 7 15
4506 27 92 99 24 61 7
4507 24 93
4508 35 64 29 45 78
4509 13 37 52
4510 20 43 96 52 78
4511 43 79 43 33
4512 41 17
4513 48 29 58 27 52 72
4514 24 54 41
4515 12 66 12
4516 19 30 66 90
4517 35 6 101 32 74 25
4518 29 78
4519 27 52 11 75
4520 6 44 72
4521 31 9 72
4522 45 44 59 29 41 12
4523 7 28 69 63 88
4524 15 101 31 53 67
4525 20 92 95 81 33 20
4526 12 8 65 28 93 60
4527 19 91 11 23
4528 41 44
4529 36 21 75 42 9
4530 30 20
4531 25 55 54 28 98 68
4532 38 45 99
4533 40 82 86 28 11
4534 31 101
4535 3 28
4536 43 12
4537 38 34 25 71
4538 5 54 69
4539 41 22
4540 49 68 80 10
4541 27 12
4542 3 69 9
4543 15 56 100 2
4544 34 39 92
4545 27 97 99 28
4546 44 50 58 56 24
4547 36 33 81 25 10 82
4548 30 2
4549 42 6
4550 50 21 99 70 94 35
4551 37 51
4552 30 45 92 88 53 22
4553 19 47 53 32
4554 21 56 63 83 57 95
4555 41 61 74 38 96
4556 46 65
4557 9 2 45 70 85
4558 1 68 89 20 61
4559 46 30 51 64
4560 39 56 60 32 50
4561 1 66 99
4562 26 22 63 37 65
4563 39 1 36
4564 42 10 51 96 87
4565 22 40 2 47 27 57
4566 41 20 57
4567 24 82 49 98 68 66
4568 25 2 68 6 32 37
4569 20 74 65 83 18 19
4570 32 13 21 33 32 75
4571 19 38 77 92
4572 35 101 63 60 39
4573 44 41
4574 43 101 75 69 99
4575 34 39 95
4576 39 35 81
4577 24 59 54 88 76 5
4578 35 62 94 83
4579 21 38 56 36
4580 46 66
4581 28 33 94 90
4582 19 91 26 90 27
4583 45 45 73 66
4584 47 76 30 45 7
4585 48 62
4586 19 87 63 72 59
4587 27 11
4588 40 82 57 87 5
4589 26 35 37
4590 42 17 66 9 24 19
4591 10 97 5
4592 18 97 89 96 87 78
4593 48 71 73 11
4594 40 25 38 75 55
4595 47 14 84 3
4596 5 47 51
4597 29 98
4598 5 29 28 37
4599 11 93 68 86 49
4600 23 34 69 38 43
4601 4 60
4602 37 41 72 42 85 37
4603 18 71 22 96 40
4604 41 68 70 66
4605 7 73 16
4606 50 79
4607 39 60 51
4608 6 80 29 83 66
4609 39 94
4610 44 1 6
4611 39 5 89 86 57
4612 12 62 94
4613 39 55 27
4614 19 9 57 48 83 72
4615 35 28 87 100
4616 39 84
4617 31 40 92
4618 10 99 100
4619 39 52 29 31
4620 29 61 20
4621 24 68 20 76
4622 8 65
4623 13 40 77 44
4624 22 6 73 42 25 52
4625 34 58 52
4626 49 83 86 33
4627 12 23 21 52 45 64
4628 40 49
4629 3 91 52 37 45 22
4630 9 51 95 18 25
4631 7 54 98 91
4632 43 90 39 10 29 62
4633 29 67 75 43
4634 29 77 72
4635 16 52
4636 10 1 97 80 93
4637 26 84 52
4638 14 31 95 50 89
4639 1 38 7
4640 15 7 33 96 67
4641 13 85
4642 27 61 80 14
4643 44 80
4644 25 1 13 34 42
4645 18 68 3 37
4646 48 32
4647 5 43 27 91
4648 34 33 12 13
4649 47 11 59
4650 16 85 6 25 94 82
4651 25 78 47 9 72 6
4652 33 24
4653 45 21 16 60 51
4654 43 17
4655 16 28 55 62 67 71
4656 8 71 38 22 17 85
4657 34 56 19 64
4658 10 37
4659 3 85 99 92
4660 35 18 26 35 72
4661 42 89 87 66 26
4662 20 87
4663 44 96
4664 40 100 11 98 94
4665 3 5 93 72 49 29
4666 23 10 30 44 11
4667 29 56
4668 41 79 74 1 70
4669 44 26
4670 37 93 45 99
4671 42 74 77 20 25 16
4672 44 84 49
4673 32 67
4674 42 1 48 63 68 75
4675 37 96 93 88
4676 35 99 69 82
4677 1 61 21 49
4678 32 21 66 43 101
4679 47 92 95 2 77
4680 11 29 95 11
4681 44 3 7
4682 9 18 1 76 100 85
4683 15 59 87 70 24
4684 5 53 60 32 101
4685 40 90 18 87 40
4686 10 10
4687 50 45
4688 7 3
4689 19 1 38 80
4690 20 98
4691 46 2 55 47 87
4692 26 98
4693 23 17 70 84 101 44
4694 42 69 7 77
4695 32 93
4696 36 66 56 30 79 53
4697 5 39 13 37 15 62
4698 10 77 49 21 9
4699 39 10 85 69 4
4700 45 85 12
4701 18 69
4702 14 46 14 7
4703 44 87 56
4704 25 81 11 30 85 54
4705 11 11
4706 25 9
4707 48 67
4708 42 39 44 77 42
4709 24 28 57
4710 20 61 67 77 52 21
4711 30 9 12 15
4712 32 9 66 81
4713 20 59 24 21 37 90
4714 46 93 99 50
4715 18 79 12 49
4716 22 92 101 97 84 68
4717 45 38
4718 16 36 11 65 73
4719 44 88 12 48 51 7
4720 50 56
4721 3 3 22 99
4722 6 32 56 88 34 43
4723 42 94 61 10 92
4724 48 8 99 73
4725 40 59 8 16
4726 49 69 55 81
4727 1 99
4728 20 40 17 9 5
4729 10 52 22 77
4730 11 3 43 40 72 22
4731 47 51 15 37 61 81
4732 43 19 50
4733 50 39 40 3 19
4734 30 82
4735 29 84 10 55 98
4736 16 53 21
4737 46 44 49
4738 32 82 79
4739 16 26 44 54 45 55
4740 4 88 46 72
4741 42 54 93 15 19 16
4742 25 36 66 52 21
4743 36 84 52 38
4744 30 53 72 64 61 68
4745 19 11 20
4746 31 49 38 47 9 36
4747 22 71 45 34 94 19
4748 7 9 61 19
4749 34 6 53 94 36 29
4750 10 5 47 14 68
4751 27 16 75 29 45 1
4752 21 63 42 45 19 23
4753 5 41 53 89
4754 22 41 81 11 100 61
4755 5 72 13 7 86 32
4756 10 7 76 37 74
4757 31 68 80
4758 26 7 90 17 74
4759 1 46
4760 13 5 88
4761 3 98 45 60 17 83
4762 35 6 13 42 36
4763 14 7 21 57 72
4764 4 2 85
4765 47 97
4766 29 73 95 81
4767 43 49 91 96
4768 7 4 74
4769 16 92 30 4 26
4770 20 70
4771 14 85 54 81
4772 50 92 76 29 89 101
4773 29 47 66
4774 24 18
4775 31 84 16
4776 41 20 68 32 63 18
4777 31 38
4778 13 31 60
4779 13 38
4780 20 19 16 25 78 83
4781 8 84
4782 24 1 45 63 29
4783 20 29 51
4784 18 10 3 64
4785 30 40 39 10
4786 43 71 68 35 25
4787 47 23 29
4788 21 63 3 80 6 81
4789 30 34 27
4790 43 11
4791 37 95
4792 2 17 93 13 41 24
4793 32 15 67
4794 32 99 76 43 101 55
4795 20 28 61 59 26
4796 41 45 66 43 29 81
4797 50 82 64
4798 34 44 9 59 15
4799 21 98 19 84 89 27
4800 26 101 26
4801 42 39 43 29 50
4802 34 54 4
4803 44 96 94 35
4804 19 8 1 13 37
4805 29 67
4806 38 41 86 79 19 37
4807 12 57 12 53 56
4808 49 55 76 67 30 100
4809 24 62 63 37 35
4810 49 53 13 36 90
4811 13 50 83 35
4812 25 54 28
4813 22 71
4814 37 71 56 46 101
4815 27 55 44
4816 6 8
4817 7 86 24
4818 11 85 22 101
4819 40 3 97
4820 16 26 10 5 1
4821 36 58 34 99 40
4822 26 99
4823 2 4 28 59
4824 12 93
4825 39 22
4826 41 87 28 88 14 60
4827 36 90 85 88
4828 47 27 30
4829 43 30 94 12 16 23
4830 22 30 49 76 50 29
4831 18 91 50
4832 33 10 76 12 23
4833 35 28 25 79
4834 6 30 15
4835 7 79 68
4836 36 77
4837 34 22 31
4838 14 85 42 20
4839 17 69 6 3 86 20
4840 5 2
4841 3 29 88 35 53
4842 3 51 17
4843 32 88 19
4844 18 85 41
4845 30 37 9 56 71 14
4846 32 29 70 101 81 22
4847 32 35 63 78 13 17
4848 1 101 46 58
4849 23 54 40 31
4850 14 40
4851 48 72 18 25 70
4852 24 36
4853 22 19 63 34 55 70
4854 13 95 42 29
4855 8 12 13 3
4856 37 32 76 77 16 26
4857 23 60 48
4858 14 75 11 72
4859 37 77 53 9
4860 9 2 79 86 13 94
4861 17 7 3
4862 29 89 22 3 45
4863 50 26 2
4864 26 2 43
4865 35 64
4866 28 49 47 87 33
4867 20 38
4868 20 27 30
4869 11 20
4870 41 87 68
4871 45 82 80 62
4872 13 54 95 82 88
4873 23 68 84 79
4874 49 90 77 51 88 62
4875 30 66
4876 38 73 3 57
4877 45 93
4878 2 68 67 97 62
4879 31 53 12 36
4880 36 100 76 28 101 72
4881 5 83 72 85 46 65
4882 24 85
4883 10 100 83 61 70 35
4884 32 18 64 59
4885 25 26
4886 14 97 20 37 14
4887 23 24
4888 14 55 16 86
4889 20 76 83 81 41 22
4890 33 29 83 47 49 1
4891 33 54 60 94
4892 28 36 64 45 48 46
4893 36 23 40 39 50 37
4894 5 26 99 37 5
4895 40 38 90
4896 37 61
4897 4 1 64 84 63
4898 50 82 93 63 76
4899 14 79 5 60
4900 47 101 77
4901 36 13 48 89 98
4902 12 78 37 92 15
4903 16 98 21
4904 17 12 11
4905 33 61
4906 24 14 25 11 9
4907 16 17 87 10 89 40
4908 40 21 99 10 79
4909 40 13
4910 25 48 20 87
4911 8 47 19 12 9
4912 48 64 18 73 33
4913 16 18 19 42
4914 3 3
4915 8 36 79 16 34 74
4916 17 27 100 76
4917 31 84 39 82 25
4918 29 42 22 54 71
4919 30 20 81 86
4920 42 56 99
4921 22 97 22
4922 46 50 34
4923 35 65
4924 40 79 87 13 96 65
4925 49 10 34 1 95 17
4926 15 50 45 98
4927 10 22
4928 16 57 94 72 26 77
4929 1 68 64 96 53
4930 21 85 49 21
4931 11 47 69 17 8 72
4932 6 30 34 47 95 74
4933 47 30 1 100
4934 48 36 58
4935 46 48 31 44 47
4936 3 99 49
4937 4 46
4938 19 30 17
4939 43 45 86 60 57 83
4940 11 41 80 30
4941 36 1
4942 23 27 1 90
4943 3 27
4944 23 63 50 62 11
4945 29 36 86
4946 42 61 95 89
4947 18 64 47 96 40
4948 34 30 63 67 18 73
4949 48 87 16 27 14 1
4950 6 31 4
4951 3 9 87
4952 30 70 8
4953 16 46 64
4954 19 62 72 26 12 15
4955 12 84 98 92
4956 45 22 42 2 85 95
4957 12 13 88 7
4958 7 30 89 93 41 11
4959 4 32 83
4960 14 100 97 39 26
4961 7 8 71
4962 9 88
4963 29 18
4964 3 25 63 79 91 69
4965 18 2
4966 4 83 33 4 64
4967 1 73
4968 47 66 72
4969 13 57 18 98 74 61
4970 14 11 76 85 29 30
4971 15 27 76 74 101 11
4972 12 22
4973 21 101 10 52 45
4974 32 22 45 55 4 7
4975 13 69 83 55 43 58
4976 31 19 87
4977 25 21 20 61 37 12
4978 20 42
4979 38 91
4980 11 16 72 97 67 9
4981 29 59 43 83
4982 18 48 13 75 89
4983 14 74 40 72
4984 36 12 1 30 67
4985 6 62
4986 13 96 67 56 7 58
4987 24 62 101 53 86 100
4988 3 18 47 72 28
4989 14 59 29 50 61
4990 8 35 18 43 95 33
4991 33 94
4992 11 6
4993 17 69 37
4994 50 100 45
4995 18 54
4996 47 13 100 89 44 90
4997 23 15
4998 49 90 52 100 57
4999 44 13 67
5000 42 67 10 101 65 8
