101 100
1 13 366
2 6 136
3 39 486
4 18 358
5 53 951
6 25 566
7 1 835
8 31 196
9 81 81
10 82 568
11 12 529
12 89 63
13 54 674
14 21 600
15 71 303
16 76 58
17 63 743
18 71 366
19 77 568
20 48 271
21 95 455
22 62 75
23 18 50
24 60 644
25 81 562
26 2 936
27 98 783
28 53 217
29 52 566
30 90 936
31 10 315
32 74 995
33 53 756
34 63 424
35 38 488
36 16 67
37 63 355
38 2 530
39 35 668
40 41 573
41 5 226
42 26 987
43 10 995
44 100 18
45 83 180
46 53 569
47 11 27
48 56 19
49 65 114
50 44 259
51 85 553
52 41 376
53 54 850
54 40 199
55 86 17
56 86 709
57 23 753
58 15 577
59 91 416
60 13 320
61 20 646
62 78 361
63 69 405
64 62 866
65 17 712
66 27 535
67 80 624
68 41 927
69 85 790
70 30 805
71 21 372
72 13 600
73 21 151
74 25 64
75 46 502
76 21 368
77 30 155
78 27 860
79 66 433
80 83 882
81 86 140
82 39 994
83 30 847
84 23 359
85 43 504
86 41 770
87 92 58
88 71 284
89 4 271
90 15 47
91 26 815
92 98 618
93 3 484
94 12 564
95 3 750
96 65 647
97 4 636
98 42 734
99 85 962
100 66 172
101 64 549
1 287 95
2 386 99
3 123 17
4 184 36
5 338 70
6 185 86
7 440 47
8 294 22
9 304 92
10 419 36
11 316 84
12 329 35
13 400 61
14 421 46
15 398 58
16 446 30
17 250 88
18 452 62
19 134 16
20 107 95
21 423 89
22 166 47
23 178 13
24 233 47
25 352 47
26 212 18
27 253 56
28 347 93
29 346 63
30 207 21
31 161 44
32 361 57
33 332 71
34 339 21
35 136 81
36 313 16
37 466 89
38 269 47
39 217 10
40 428 11
41 479 56
42 136 46
43 368 39
44 277 34
45 365 46
46 180 69
47 229 54
48 321 88
49 274 35
50 386 61
51 316 92
52 382 26
53 390 53
54 389 56
55 389 37
56 477 11
57 325 92
58 359 79
59 469 45
60 232 12
61 353 88
62 433 16
63 197 23
64 164 31
65 249 83
66 331 48
67 411 34
68 389 44
69 287 95
70 405 35
71 259 19
72 342 77
73 367 73
74 298 76
75 424 79
76 499 53
77 100 44
78 328 59
79 263 67
80 221 90
81 481 29
82 239 91
83 192 47
84 111 42
85 482 30
86 120 53
87 292 37
88 334 90
89 234 18
90 187 76
91 102 89
92 490 50
93 468 33
94 399 97
95 344 43
96 451 60
97 116 40
98 248 83
99 135 35
100 248 38
1 78 35 91 24 93
2 26 87
3 35 49
4 36 31 44
5 38 7 44 100 5 10
6 42 91 10 67 49
7 75 59 69 37
8 70 14 16 84
9 50 90 69 80 61
10 9 28 29
11 28 33
12 29 64 63 18 85 4
13 79 95 25
14 60 33
15 55 90 88 54
16 86 26 35 85
17 22 66 79 45 92
18 89 46 18 58 20
19 31 100 90 62 98 22
20 40 36
21 37 90 50
22 93 46 54
23 32 37 59 18
24 73 21 97 74 77
25 19 27 54
26 75 57 10 70 14
27 80 31 79 76 13
28 42 70
29 73 73 89 20 4
30 86 94 5
31 54 94 2 7 73
32 34 35 89 97 98
33 72 16 87 50 25 30
34 41 28 79 38 15
35 47 57 38 69 88
36 1 77 5 26 69 86
37 25 77 30 29 60
38 86 7
39 31 70 98
40 1 39 69 94
41 63 61 85 6 100 59
42 98 11 57 72 98 80
43 31 36
44 95 44 16 74 32
45 79 54 5
46 40 11 50 81
47 10 48 22
48 34 9 86
49 83 38 55 16
50 59 45 3
51 80 71
52 68 81 50 90 64 24
53 53 94 10 24
54 63 45 34
55 78 76
56 3 17 85
57 90 39
58 80 78 88 68
59 62 84 49
60 99 89 53 100 79
61 90 26 97
62 100 3
63 26 54 56 44 46 90
64 67 53 20 44 3 87
65 65 66 48 46
66 36 61
67 38 43 82
68 78 72 33 15 70 77
69 85 30 76
70 11 16 82
71 72 74 24 28 15 31
72 39 35 23 12 8 84
73 9 77
74 10 80 96
75 50 87 77 91 1 5
76 97 59 16
77 69 6 44
78 13 21 25 2 39 44
79 46 69
80 17 43 3
81 53 25 28 52
82 93 92
83 79 82 64 72 39 20
84 59 11 55 70 24
85 36 66
86 56 79 31
87 19 48 82
88 3 45
89 75 72 25 75 17 83
90 36 28 32 15
91 88 67 32 20 72 52
92 42 82
93 70 40
94 37 89 1
95 5 16 3 9
96 48 43 87
97 80 26 98 81 77
98 97 25 29
99 97 91 80
100 96 36 78 44 69
101 15 71 47 98 67
102 19 72
103 5 39
104 80 91 45 93 82
105 94 70 27 74
106 54 37 26 4 94 67
107 79 29
108 84 47 50 86 43 29
109 92 88 86 15 29 28
110 41 59
111 5 94
112 49 63
113 98 65 80
114 38 5
115 31 61 2 48 78
116 58 5 62 14
117 98 90
118 58 26 2 100
119 81 19
120 55 27
121 8 4 33 84 43
122 92 2 76 91
123 18 60 80
124 77 38
125 67 73 33 36 77
126 35 50 30 74
127 33 16 1 63
128 42 101 66 68 9
129 90 11 84
130 50 13 95
131 3 59 2 33 101
132 22 53 7 71
133 26 12 63 82 36 50
134 20 93 7 73 74 51
135 4 22 95 58 80
136 38 1
137 51 60 22
138 90 68
139 43 63 32
140 44 42
141 76 49 87
142 86 60 80 90 10 53
143 72 45 40 62
144 73 67 56 44 34
145 30 56 83
146 13 4 92
147 89 76 35 75 84
148 40 88 66 89 27
149 63 15 86 19
150 1 55 75 13 77
151 96 29 68 88 79
152 6 44 32 66
153 66 40 26 20 53 68
154 84 90 48 101 58 71
155 25 3 36
156 22 75 21
157 83 41 1 31 58
158 54 69 47 63 85 95
159 34 37
160 29 12 100
161 15 85 100 5 3 33
162 29 68 35
163 86 17 76 5
164 54 35 71 60
165 8 82 17 95 27 25
166 10 53 63
167 19 16 21 1 87
168 44 74 16 37
169 15 54
170 54 15 46 16 25 61
171 36 15 63 90 72 24
172 72 32 30
173 95 23 19 35 51
174 13 36 99
175 15 60
176 78 39 18
177 80 72 73 71 69
178 93 32 94 13 85
179 61 83 84
180 87 46 25
181 25 69
182 29 24 71 99
183 80 25 74
184 63 60 98 8 58
185 71 4 76 23 18
186 16 44 21
187 47 43 53
188 68 36 78 39
189 24 71
190 14 71 65 92 58
191 50 7 59 93 33 54
192 19 73 54 53 39
193 43 65 56 21
194 51 51 58 87 19
195 99 71 49 79
196 4 41
197 60 12 60 74
198 16 24 67
199 82 74
200 58 74 69 31 48
