2000 50
1 25 289
2 29 210
3 20 790
4 3 894
5 22 817
6 35 237
7 8 469
8 14 684
9 34 410
10 16 117
11 20 196
12 12 358
13 17 256
14 46 310
15 36 561
16 1 13
17 45 315
18 42 682
19 9 388
20 21 700
21 13 178
22 42 55
23 25 417
24 29 399
25 16 516
26 44 557
27 5 785
28 22 632
29 35 858
30 10 800
31 21 827
32 1 885
33 15 766
34 36 590
35 42 344
36 36 364
37 41 357
38 19 354
39 3 331
40 3 570
41 44 932
42 24 945
43 49 455
44 16 972
45 15 297
46 30 564
47 11 467
48 9 430
49 24 578
50 45 190
51 2 644
52 3 698
53 29 33
54 45 47
55 40 848
56 8 588
57 16 126
58 9 210
59 4 673
60 44 30
61 25 246
62 42 327
63 37 772
64 8 455
65 36 933
66 38 741
67 43 415
68 1 950
69 20 393
70 24 993
71 49 215
72 20 570
73 28 388
74 12 838
75 20 220
76 45 320
77 14 10
78 28 306
79 20 515
80 7 61
81 21 442
82 12 458
83 36 806
84 1 877
85 8 815
86 31 626
87 40 884
88 40 289
89 24 684
90 50 73
91 43 577
92 32 699
93 25 524
94 41 207
95 13 744
96 48 534
97 26 428
98 20 141
99 36 907
100 50 772
101 20 759
102 17 525
103 21 626
104 32 775
105 29 827
106 11 461
107 1 764
108 36 213
109 38 590
110 35 93
111 7 291
112 7 23
113 23 799
114 7 238
115 8 62
116 43 378
117 31 692
118 23 400
119 1 746
120 45 653
121 16 937
122 35 959
123 20 909
124 27 169
125 6 692
126 4 55
127 6 703
128 17 115
129 42 447
130 24 971
131 47 480
132 29 771
133 39 971
134 46 773
135 33 452
136 6 690
137 45 69
138 45 247
139 35 788
140 38 634
141 22 71
142 36 349
143 33 535
144 21 323
145 20 986
146 45 279
147 37 454
148 16 417
149 32 680
150 49 985
151 19 995
152 47 961
153 48 378
154 4 646
155 29 622
156 44 701
157 36 548
158 42 71
159 35 489
160 38 433
161 1 89
162 13 76
163 9 517
164 15 400
165 31 852
166 34 293
167 6 905
168 32 713
169 5 887
170 16 569
171 12 116
172 48 111
173 20 259
174 20 548
175 3 716
176 21 846
177 29 202
178 10 25
179 31 657
180 9 782
181 16 954
182 3 968
183 1 388
184 47 230
185 40 556
186 18 362
187 27 951
188 30 794
189 46 919
190 18 1000
191 38 786
192 21 682
193 50 784
194 21 902
195 20 906
196 12 447
197 28 577
198 39 225
199 14 578
200 24 23
201 6 651
202 17 286
203 8 659
204 31 349
205 44 294
206 18 874
207 1 795
208 18 435
209 46 895
210 35 374
211 15 276
212 8 320
213 23 883
214 35 308
215 22 672
216 49 992
217 31 766
218 3 902
219 44 496
220 28 226
221 20 662
222 3 587
223 3 271
224 24 685
225 31 186
226 47 980
227 32 530
228 33 820
229 12 144
230 16 212
231 27 568
232 26 626
233 29 874
234 43 464
235 2 900
236 19 553
237 26 149
238 40 628
239 33 276
240 44 419
241 26 49
242 50 258
243 1 933
244 8 931
245 18 702
246 22 374
247 40 775
248 26 459
249 19 930
250 7 536
251 22 277
252 2 966
253 33 499
254 34 828
255 7 657
256 36 324
257 4 105
258 45 66
259 5 660
260 50 539
261 15 19
262 11 452
263 41 377
264 50 436
265 30 338
266 40 943
267 1 107
268 37 158
269 19 250
270 5 294
271 40 563
272 36 747
273 46 951
274 8 356
275 14 874
276 32 469
277 4 874
278 12 652
279 17 519
280 28 608
281 37 512
282 16 832
283 13 630
284 35 785
285 30 406
286 8 248
287 15 567
288 37 714
289 11 973
290 32 668
291 30 166
292 26 973
293 26 719
294 3 466
295 23 334
296 4 285
297 24 233
298 36 452
299 40 991
300 25 465
301 21 141
302 46 165
303 49 119
304 37 449
305 11 749
306 3 878
307 30 795
308 28 497
309 39 316
310 37 211
311 44 649
312 44 861
313 45 262
314 4 487
315 4 208
316 39 326
317 37 229
318 26 948
319 32 268
320 30 377
321 36 700
322 27 577
323 37 314
324 26 47
325 33 375
326 35 805
327 17 716
328 29 320
329 32 747
330 8 759
331 38 686
332 1 787
333 47 416
334 13 561
335 12 185
336 8 319
337 35 544
338 5 743
339 49 26
340 2 350
341 17 57
342 32 963
343 18 242
344 13 751
345 33 327
346 34 180
347 45 326
348 10 443
349 45 420
350 38 557
351 5 43
352 21 828
353 43 333
354 12 228
355 40 156
356 6 178
357 34 268
358 23 133
359 34 446
360 32 222
361 28 453
362 34 935
363 2 446
364 26 141
365 30 727
366 31 377
367 15 193
368 47 280
369 27 758
370 7 924
371 22 175
372 7 180
373 2 339
374 21 311
375 19 995
376 16 728
377 50 933
378 29 958
379 44 990
380 37 249
381 26 812
382 25 148
383 42 272
384 42 724
385 15 31
386 44 950
387 41 994
388 41 426
389 26 279
390 35 933
391 5 137
392 13 780
393 39 524
394 4 483
395 41 533
396 11 570
397 33 563
398 16 551
399 19 117
400 3 675
401 7 356
402 32 631
403 17 792
404 32 608
405 38 248
406 31 117
407 15 231
408 39 100
409 20 727
410 16 296
411 2 478
412 9 116
413 19 230
414 13 841
415 10 911
416 47 762
417 22 32
418 36 579
419 38 890
420 19 151
421 45 327
422 46 945
423 24 622
424 46 568
425 49 374
426 47 744
427 30 852
428 43 625
429 42 258
430 10 211
431 13 165
432 25 947
433 42 239
434 29 538
435 44 553
436 5 630
437 29 727
438 23 870
439 21 887
440 7 599
441 13 66
442 46 200
443 30 116
444 36 623
445 4 951
446 24 681
447 20 445
448 19 714
449 49 500
450 36 67
451 15 210
452 38 36
453 21 507
454 41 940
455 30 496
456 13 948
457 2 205
458 41 19
459 27 667
460 16 526
461 4 526
462 26 233
463 43 910
464 46 82
465 40 62
466 4 124
467 4 768
468 3 832
469 18 562
470 37 463
471 42 338
472 46 807
473 37 907
474 22 462
475 6 425
476 9 925
477 9 68
478 36 678
479 35 778
480 4 674
481 30 562
482 11 130
483 2 546
484 7 278
485 43 369
486 8 764
487 38 145
488 1 108
489 14 807
490 24 170
491 31 45
492 24 973
493 35 685
494 40 200
495 6 599
496 7 376
497 21 579
498 38 413
499 11 681
500 3 409
501 38 210
502 30 918
503 13 884
504 46 763
505 3 100
506 34 220
507 48 262
508 11 541
509 30 228
510 30 832
511 15 813
512 36 245
513 6 490
514 13 177
515 34 779
516 17 323
517 2 20
518 38 627
519 13 688
520 8 903
521 40 18
522 17 86
523 24 371
524 48 732
525 33 981
526 44 563
527 29 373
528 15 27
529 29 706
530 21 987
531 25 636
532 23 71
533 12 585
534 5 456
535 40 495
536 19 943
537 7 822
538 7 958
539 12 707
540 25 504
541 29 249
542 16 351
543 7 814
544 17 110
545 16 822
546 46 477
547 13 183
548 32 493
549 46 264
550 30 548
551 33 714
552 4 291
553 48 539
554 27 258
555 24 917
556 27 221
557 27 314
558 24 856
559 4 740
560 11 168
561 8 827
562 35 755
563 26 970
564 35 348
565 36 642
566 20 300
567 46 669
568 14 365
569 18 468
570 33 950
571 15 526
572 3 12
573 47 306
574 32 274
575 16 326
576 11 970
577 21 575
578 50 601
579 47 607
580 13 645
581 38 92
582 41 726
583 12 88
584 8 32
585 21 981
586 19 404
587 26 696
588 26 806
589 20 775
590 8 130
591 10 333
592 11 159
593 42 432
594 31 172
595 23 584
596 31 230
597 6 643
598 37 841
599 36 825
600 25 695
601 43 827
602 25 938
603 16 418
604 24 668
605 28 805
606 26 420
607 8 963
608 41 843
609 31 392
610 17 302
611 4 629
612 33 329
613 14 859
614 4 688
615 4 312
616 38 485
617 9 288
618 13 893
619 38 976
620 23 741
621 21 964
622 38 643
623 36 488
624 34 240
625 40 320
626 32 264
627 39 228
628 24 693
629 35 874
630 39 621
631 8 645
632 8 188
633 42 651
634 36 153
635 40 966
636 10 387
637 6 812
638 50 676
639 6 787
640 44 791
641 9 638
642 30 510
643 13 983
644 12 760
645 48 650
646 18 838
647 22 603
648 19 813
649 19 941
650 50 586
651 22 788
652 27 490
653 24 645
654 32 167
655 22 612
656 9 260
657 45 93
658 50 895
659 24 863
660 26 55
661 7 369
662 43 851
663 15 732
664 27 433
665 45 216
666 40 217
667 9 255
668 38 449
669 8 86
670 3 88
671 33 272
672 26 509
673 31 639
674 34 174
675 16 959
676 41 143
677 48 632
678 44 563
679 1 724
680 13 779
681 50 283
682 50 895
683 41 783
684 32 500
685 10 410
686 48 736
687 22 480
688 34 414
689 33 984
690 36 372
691 43 35
692 40 801
693 27 465
694 9 102
695 2 861
696 11 268
697 20 931
698 31 598
699 22 54
700 7 457
701 7 591
702 16 289
703 27 1000
704 35 927
705 16 292
706 25 655
707 13 880
708 21 970
709 21 294
710 37 858
711 10 802
712 40 533
713 25 907
714 40 750
715 12 174
716 41 208
717 5 924
718 35 880
719 30 547
720 11 961
721 2 448
722 46 745
723 8 144
724 38 605
725 29 383
726 30 866
727 45 615
728 39 671
729 45 674
730 17 897
731 4 238
732 1 292
733 23 266
734 2 16
735 42 666
736 36 212
737 27 61
738 40 19
739 13 997
740 46 282
741 7 750
742 21 620
743 28 897
744 44 883
745 48 437
746 11 269
747 33 162
748 28 547
749 42 379
750 24 43
751 9 63
752 48 639
753 39 370
754 10 938
755 36 127
756 36 177
757 7 733
758 41 674
759 1 576
760 32 316
761 17 518
762 48 812
763 5 555
764 7 348
765 2 418
766 18 704
767 23 447
768 43 681
769 5 26
770 31 258
771 30 452
772 44 232
773 1 650
774 11 314
775 12 830
776 30 891
777 50 952
778 6 644
779 25 622
780 35 35
781 33 566
782 50 416
783 43 224
784 22 748
785 13 466
786 5 954
787 44 843
788 27 170
789 40 316
790 44 110
791 24 14
792 42 966
793 41 484
794 10 342
795 48 462
796 40 756
797 4 802
798 44 188
799 5 78
800 41 252
801 16 21
802 39 694
803 2 852
804 31 676
805 17 370
806 10 333
807 37 671
808 30 35
809 9 160
810 15 722
811 2 972
812 42 372
813 1 426
814 34 568
815 15 716
816 7 999
817 7 895
818 5 999
819 50 886
820 39 176
821 49 732
822 25 50
823 43 40
824 24 419
825 22 220
826 36 513
827 14 583
828 29 173
829 6 19
830 10 632
831 25 996
832 30 419
833 28 349
834 50 285
835 1 829
836 14 986
837 14 505
838 3 366
839 21 138
840 45 541
841 46 675
842 12 347
843 40 620
844 21 149
845 48 616
846 36 174
847 29 668
848 19 401
849 38 20
850 14 206
851 3 598
852 3 146
853 10 68
854 25 878
855 19 476
856 3 899
857 28 578
858 35 77
859 7 359
860 22 603
861 25 367
862 9 981
863 24 153
864 36 273
865 15 725
866 26 577
867 26 407
868 28 834
869 11 185
870 3 50
871 4 211
872 20 350
873 46 658
874 4 823
875 21 264
876 44 848
877 48 625
878 36 514
879 39 210
880 29 525
881 26 268
882 5 931
883 15 163
884 14 440
885 23 841
886 35 227
887 20 366
888 34 405
889 10 354
890 23 36
891 21 933
892 31 312
893 17 384
894 49 353
895 12 136
896 21 94
897 40 364
898 43 16
899 12 312
900 41 576
901 21 326
902 4 843
903 1 365
904 13 436
905 47 202
906 31 270
907 7 40
908 48 203
909 35 251
910 32 975
911 49 66
912 11 259
913 29 43
914 38 462
915 45 762
916 7 474
917 2 607
918 6 778
919 49 877
920 7 622
921 40 652
922 32 227
923 3 156
924 35 266
925 32 187
926 26 508
927 5 69
928 45 79
929 40 728
930 38 718
931 28 655
932 34 491
933 43 117
934 6 721
935 37 519
936 25 51
937 11 510
938 35 45
939 35 233
940 1 540
941 30 279
942 8 199
943 22 653
944 21 779
945 43 628
946 44 790
947 34 617
948 2 839
949 45 452
950 3 774
951 21 179
952 16 362
953 4 728
954 50 757
955 32 829
956 32 503
957 5 255
958 29 159
959 6 784
960 47 994
961 14 525
962 36 446
963 16 838
964 44 806
965 15 19
966 21 46
967 40 781
968 40 373
969 37 627
970 39 811
971 11 36
972 18 227
973 28 352
974 13 356
975 30 853
976 19 766
977 11 177
978 23 64
979 42 79
980 38 611
981 41 939
982 44 771
983 37 470
984 32 185
985 34 212
986 13 441
987 16 76
988 31 246
989 7 966
990 43 401
991 13 393
992 35 63
993 1 859
994 42 999
995 30 913
996 4 905
997 41 892
998 15 552
999 20 586
1000 19 422
1001 27 671
1002 22 761
1003 22 513
1004 23 643
1005 47 394
1006 8 820
1007 34 460
1008 29 322
1009 35 678
1010 36 281
1011 30 512
1012 46 51
1013 50 191
1014 40 64
1015 6 517
1016 15 482
1017 48 943
1018 29 15
1019 12 783
1020 31 48
1021 8 775
1022 19 313
1023 2 806
1024 49 929
1025 15 461
1026 44 626
1027 4 940
1028 19 48
1029 24 490
1030 29 426
1031 28 268
1032 27 525
1033 9 422
1034 31 552
1035 44 127
1036 19 489
1037 47 994
1038 7 221
1039 30 818
1040 14 298
1041 9 35
1042 41 244
1043 28 649
1044 46 991
1045 45 283
1046 14 702
1047 14 327
1048 27 868
1049 15 100
1050 24 645
1051 36 510
1052 39 371
1053 44 181
1054 31 310
1055 18 100
1056 46 444
1057 10 628
1058 48 439
1059 5 659
1060 6 145
1061 50 940
1062 28 29
1063 33 17
1064 1 526
1065 2 743
1066 27 369
1067 31 928
1068 40 433
1069 16 98
1070 44 821
1071 7 766
1072 50 726
1073 30 19
1074 34 44
1075 26 795
1076 48 676
1077 41 496
1078 31 918
1079 46 574
1080 47 101
1081 46 918
1082 45 912
1083 35 620
1084 46 795
1085 18 509
1086 24 817
1087 39 369
1088 22 669
1089 15 787
1090 30 811
1091 18 730
1092 41 328
1093 29 818
1094 3 59
1095 44 238
1096 13 687
1097 11 885
1098 3 148
1099 39 143
1100 21 650
1101 29 88
1102 29 593
1103 16 596
1104 47 304
1105 30 278
1106 4 938
1107 11 461
1108 3 185
1109 43 630
1110 26 872
1111 16 917
1112 33 50
1113 10 406
1114 16 524
1115 10 437
1116 47 366
1117 11 633
1118 46 75
1119 19 75
1120 31 639
1121 8 700
1122 3 486
1123 19 126
1124 25 319
1125 48 296
1126 19 518
1127 32 509
1128 10 417
1129 21 121
1130 26 718
1131 50 943
1132 32 699
1133 3 385
1134 1 321
1135 14 384
1136 17 950
1137 4 354
1138 29 661
1139 14 656
1140 20 457
1141 42 552
1142 25 807
1143 27 656
1144 6 848
1145 36 11
1146 35 960
1147 26 763
1148 28 713
1149 23 928
1150 26 195
1151 13 180
1152 25 476
1153 10 684
1154 7 439
1155 43 39
1156 17 677
1157 44 167
1158 48 249
1159 47 900
1160 35 691
1161 49 627
1162 37 92
1163 36 752
1164 32 450
1165 17 574
1166 49 788
1167 43 805
1168 9 749
1169 13 629
1170 36 175
1171 2 178
1172 23 910
1173 19 578
1174 13 329
1175 33 744
1176 30 401
1177 28 439
1178 1 995
1179 48 855
1180 48 165
1181 27 389
1182 47 574
1183 18 560
1184 3 958
1185 2 718
1186 38 326
1187 38 156
1188 33 773
1189 19 860
1190 35 693
1191 19 305
1192 3 351
1193 20 59
1194 22 845
1195 44 594
1196 38 267
1197 22 777
1198 35 626
1199 44 201
1200 28 479
1201 1 871
1202 18 780
1203 45 297
1204 41 528
1205 32 746
1206 24 692
1207 50 817
1208 9 734
1209 26 966
1210 34 73
1211 12 704
1212 9 91
1213 16 923
1214 15 378
1215 23 200
1216 31 406
1217 37 173
1218 31 682
1219 47 754
1220 7 682
1221 26 689
1222 23 287
1223 50 631
1224 15 410
1225 48 520
1226 43 594
1227 11 470
1228 37 623
1229 7 740
1230 10 808
1231 7 341
1232 4 936
1233 4 162
1234 33 532
1235 29 81
1236 20 92
1237 6 172
1238 32 581
1239 4 633
1240 8 895
1241 36 833
1242 37 25
1243 38 640
1244 26 602
1245 17 844
1246 31 377
1247 20 133
1248 31 847
1249 21 295
1250 14 473
1251 11 661
1252 49 907
1253 34 26
1254 5 882
1255 27 759
1256 34 535
1257 42 940
1258 20 725
1259 25 233
1260 1 522
1261 6 445
1262 38 62
1263 10 926
1264 7 716
1265 39 92
1266 21 872
1267 47 977
1268 48 552
1269 13 663
1270 35 385
1271 42 424
1272 1 660
1273 3 849
1274 27 375
1275 34 787
1276 20 47
1277 7 856
1278 9 369
1279 35 983
1280 23 36
1281 44 139
1282 9 958
1283 6 264
1284 19 372
1285 9 899
1286 26 375
1287 37 796
1288 40 481
1289 50 591
1290 9 579
1291 29 398
1292 17 113
1293 35 321
1294 6 823
1295 18 235
1296 18 971
1297 37 670
1298 16 49
1299 10 446
1300 28 924
1301 17 48
1302 40 132
1303 8 837
1304 21 473
1305 35 986
1306 22 286
1307 11 412
1308 17 639
1309 19 652
1310 39 649
1311 17 570
1312 35 234
1313 16 737
1314 46 744
1315 20 497
1316 49 20
1317 9 851
1318 48 161
1319 11 41
1320 48 318
1321 46 246
1322 26 825
1323 40 951
1324 37 572
1325 33 622
1326 27 879
1327 33 725
1328 34 958
1329 12 827
1330 19 214
1331 30 937
1332 5 296
1333 41 85
1334 50 326
1335 13 856
1336 39 64
1337 37 791
1338 6 303
1339 31 178
1340 34 151
1341 14 643
1342 10 31
1343 1 759
1344 39 19
1345 13 17
1346 22 455
1347 49 262
1348 28 29
1349 4 435
1350 7 377
1351 45 963
1352 24 714
1353 5 565
1354 40 216
1355 34 604
1356 20 522
1357 10 881
1358 40 600
1359 15 685
1360 36 260
1361 25 385
1362 21 853
1363 45 624
1364 38 433
1365 28 828
1366 26 246
1367 40 949
1368 44 106
1369 46 431
1370 26 487
1371 17 723
1372 5 287
1373 14 546
1374 46 177
1375 18 972
1376 44 381
1377 17 919
1378 6 43
1379 33 342
1380 10 781
1381 13 201
1382 7 868
1383 7 466
1384 13 480
1385 11 89
1386 17 836
1387 29 133
1388 46 492
1389 33 910
1390 21 817
1391 28 441
1392 39 494
1393 49 164
1394 45 823
1395 7 347
1396 18 720
1397 12 697
1398 28 948
1399 27 881
1400 31 466
1401 41 819
1402 32 230
1403 22 286
1404 24 166
1405 24 904
1406 15 615
1407 43 179
1408 40 197
1409 42 888
1410 44 108
1411 9 299
1412 43 32
1413 41 932
1414 11 255
1415 2 24
1416 13 845
1417 13 427
1418 44 822
1419 48 860
1420 35 440
1421 11 866
1422 8 83
1423 18 372
1424 2 565
1425 11 180
1426 25 187
1427 6 901
1428 19 888
1429 38 20
1430 32 626
1431 43 732
1432 7 891
1433 25 941
1434 3 872
1435 27 44
1436 14 106
1437 12 971
1438 41 256
1439 29 409
1440 8 718
1441 21 961
1442 13 526
1443 48 653
1444 30 777
1445 29 605
1446 34 288
1447 44 630
1448 27 45
1449 3 990
1450 50 718
1451 20 613
1452 9 778
1453 48 26
1454 23 771
1455 24 779
1456 31 886
1457 50 32
1458 43 892
1459 48 488
1460 49 240
1461 6 868
1462 14 539
1463 43 295
1464 13 465
1465 4 683
1466 1 675
1467 39 179
1468 16 108
1469 45 754
1470 40 286
1471 1 230
1472 38 750
1473 34 116
1474 28 492
1475 45 698
1476 49 333
1477 3 330
1478 50 538
1479 17 367
1480 27 275
1481 16 281
1482 6 470
1483 11 485
1484 10 446
1485 18 74
1486 43 82
1487 34 784
1488 4 752
1489 48 452
1490 7 935
1491 22 912
1492 4 83
1493 2 346
1494 28 951
1495 14 765
1496 40 864
1497 35 203
1498 31 374
1499 19 252
1500 50 567
1501 7 395
1502 31 301
1503 37 441
1504 32 597
1505 49 642
1506 46 519
1507 1 933
1508 4 624
1509 44 394
1510 11 106
1511 30 613
1512 14 466
1513 22 164
1514 12 832
1515 37 895
1516 47 258
1517 5 154
1518 39 339
1519 20 507
1520 11 454
1521 27 35
1522 39 251
1523 39 522
1524 31 689
1525 8 558
1526 8 981
1527 49 400
1528 13 356
1529 17 323
1530 18 32
1531 14 74
1532 45 593
1533 48 760
1534 33 312
1535 20 261
1536 45 937
1537 18 277
1538 46 671
1539 25 635
1540 15 897
1541 45 711
1542 19 251
1543 6 108
1544 21 724
1545 16 206
1546 38 332
1547 2 503
1548 20 559
1549 46 474
1550 32 875
1551 36 834
1552 13 929
1553 44 46
1554 37 967
1555 32 207
1556 23 100
1557 5 592
1558 2 730
1559 43 631
1560 39 309
1561 1 740
1562 2 689
1563 31 341
1564 6 208
1565 45 973
1566 5 374
1567 41 93
1568 36 65
1569 30 87
1570 29 1000
1571 32 571
1572 42 174
1573 34 82
1574 44 229
1575 45 596
1576 43 143
1577 50 147
1578 37 843
1579 17 319
1580 10 661
1581 38 560
1582 26 91
1583 33 309
1584 39 730
1585 18 504
1586 36 108
1587 7 922
1588 43 666
1589 34 105
1590 41 470
1591 6 710
1592 31 897
1593 50 544
1594 29 651
1595 18 415
1596 28 971
1597 15 675
1598 39 718
1599 16 274
1600 7 753
1601 47 693
1602 42 596
1603 4 121
1604 6 515
1605 40 625
1606 1 654
1607 36 464
1608 14 977
1609 35 153
1610 43 560
1611 6 532
1612 17 285
1613 32 946
1614 32 232
1615 7 291
1616 47 965
1617 16 679
1618 36 782
1619 44 817
1620 35 202
1621 29 911
1622 46 357
1623 34 829
1624 22 563
1625 10 122
1626 44 420
1627 38 19
1628 34 385
1629 6 306
1630 31 407
1631 42 360
1632 11 590
1633 15 972
1634 15 773
1635 30 226
1636 18 986
1637 31 140
1638 8 460
1639 41 535
1640 20 535
1641 47 564
1642 21 40
1643 7 720
1644 41 294
1645 27 726
1646 21 187
1647 36 493
1648 39 832
1649 43 220
1650 39 179
1651 28 884
1652 30 688
1653 46 676
1654 42 839
1655 39 510
1656 31 817
1657 23 267
1658 5 140
1659 36 214
1660 35 824
1661 32 770
1662 42 839
1663 14 745
1664 37 693
1665 41 364
1666 36 170
1667 27 625
1668 11 100
1669 49 41
1670 8 904
1671 37 68
1672 36 594
1673 12 595
1674 13 495
1675 16 413
1676 41 886
1677 39 953
1678 31 921
1679 47 803
1680 28 263
1681 23 367
1682 45 398
1683 26 535
1684 45 721
1685 32 765
1686 24 191
1687 28 334
1688 23 67
1689 44 36
1690 40 504
1691 41 141
1692 2 224
1693 4 934
1694 32 794
1695 8 165
1696 9 831
1697 18 18
1698 31 320
1699 14 56
1700 13 697
1701 46 828
1702 46 456
1703 12 281
1704 32 952
1705 47 34
1706 40 880
1707 15 834
1708 31 648
1709 46 104
1710 5 605
1711 6 964
1712 28 551
1713 28 198
1714 22 252
1715 32 847
1716 44 741
1717 45 165
1718 20 407
1719 49 92
1720 2 919
1721 9 184
1722 12 148
1723 24 713
1724 29 697
1725 46 199
1726 7 118
1727 33 36
1728 49 970
1729 26 333
1730 34 566
1731 48 813
1732 22 193
1733 45 106
1734 4 906
1735 4 704
1736 36 300
1737 41 581
1738 31 991
1739 40 605
1740 35 582
1741 18 470
1742 15 949
1743 33 179
1744 25 383
1745 27 754
1746 37 680
1747 27 72
1748 20 800
1749 19 267
1750 31 373
1751 9 405
1752 44 301
1753 41 645
1754 45 262
1755 20 812
1756 19 210
1757 15 493
1758 46 927
1759 45 319
1760 43 35
1761 46 382
1762 21 465
1763 42 949
1764 31 548
1765 24 671
1766 9 782
1767 33 667
1768 15 956
1769 1 522
1770 49 411
1771 46 208
1772 23 234
1773 29 826
1774 17 197
1775 19 95
1776 47 465
1777 15 487
1778 48 816
1779 5 862
1780 19 552
1781 12 813
1782 8 720
1783 25 253
1784 49 404
1785 17 417
1786 40 915
1787 27 48
1788 15 294
1789 49 733
1790 37 517
1791 21 138
1792 17 873
1793 21 224
1794 24 809
1795 17 415
1796 41 575
1797 40 839
1798 32 529
1799 2 343
1800 12 665
1801 22 319
1802 24 80
1803 22 134
1804 43 642
1805 32 441
1806 5 28
1807 2 400
1808 24 478
1809 26 19
1810 50 38
1811 24 741
1812 44 957
1813 14 262
1814 19 757
1815 45 549
1816 35 685
1817 7 932
1818 27 716
1819 43 443
1820 42 111
1821 46 110
1822 36 665
1823 20 834
1824 19 422
1825 12 542
1826 17 407
1827 7 197
1828 18 728
1829 39 267
1830 20 550
1831 29 968
1832 5 614
1833 14 66
1834 48 189
1835 2 967
1836 26 797
1837 16 78
1838 13 840
1839 41 676
1840 12 515
1841 25 637
1842 1 25
1843 17 592
1844 18 677
1845 48 587
1846 36 505
1847 29 870
1848 9 48
1849 3 920
1850 44 827
1851 2 888
1852 16 180
1853 19 419
1854 38 154
1855 3 344
1856 23 740
1857 46 595
1858 8 947
1859 46 546
1860 1 138
1861 44 599
1862 5 977
1863 3 82
1864 50 435
1865 29 16
1866 26 215
1867 28 490
1868 45 384
1869 37 574
1870 45 685
1871 45 849
1872 39 591
1873 48 688
1874 12 505
1875 43 671
1876 37 723
1877 10 860
1878 50 551
1879 2 635
1880 33 220
1881 33 343
1882 30 75
1883 10 693
1884 12 29
1885 11 848
1886 36 970
1887 34 419
1888 17 731
1889 33 566
1890 42 832
1891 2 748
1892 48 861
1893 45 173
1894 7 732
1895 32 155
1896 25 255
1897 4 610
1898 4 650
1899 43 89
1900 43 124
1901 39 504
1902 12 986
1903 37 213
1904 36 952
1905 31 583
1906 42 219
1907 13 159
1908 14 306
1909 43 933
1910 3 308
1911 48 964
1912 19 25
1913 12 720
1914 28 414
1915 12 476
1916 16 609
1917 15 358
1918 48 42
1919 47 829
1920 50 625
1921 9 604
1922 49 973
1923 37 651
1924 25 190
1925 1 778
1926 41 73
1927 41 170
1928 48 577
1929 8 684
1930 50 86
1931 36 375
1932 17 335
1933 14 413
1934 5 334
1935 14 509
1936 36 279
1937 37 200
1938 27 61
1939 18 982
1940 38 796
1941 44 369
1942 4 594
1943 8 331
1944 31 321
1945 3 479
1946 9 912
1947 3 860
1948 49 320
1949 7 485
1950 23 699
1951 33 300
1952 8 11
1953 12 265
1954 40 787
1955 16 192
1956 42 728
1957 13 428
1958 45 534
1959 27 233
1960 29 109
1961 45 118
1962 15 530
1963 44 924
1964 29 435
1965 31 952
1966 50 586
1967 22 142
1968 21 605
1969 6 935
1970 41 293
1971 49 514
1972 50 296
1973 30 164
1974 17 323
1975 34 472
1976 15 13
1977 28 649
1978 43 142
1979 22 398
1980 17 624
1981 8 292
1982 13 109
1983 10 416
1984 9 788
1985 30 958
1986 10 838
1987 50 702
1988 2 771
1989 29 434
1990 12 107
1991 5 25
1992 15 833
1993 21 805
1994 13 780
1995 48 82
1996 19 868
1997 48 965
1998 6 363
1999 22 893
2000 17 654
1 366 38
2 152 49
3 389 19
4 434 31
5 109 89
6 422 19
7 261 44
8 440 36
9 476 55
10 414 83
11 433 35
12 259 98
13 391 42
14 478 14
15 366 24
16 220 39
17 172 93
18 303 95
19 480 42
20 414 12
21 489 11
22 150 51
23 439 10
24 478 89
25 165 26
26 467 95
27 456 78
28 370 37
29 454 25
30 116 33
31 197 39
32 393 25
33 119 35
34 275 86
35 277 94
36 346 14
37 302 20
38 150 68
39 499 28
40 215 26
41 336 47
42 475 72
43 166 92
44 263 83
45 331 80
46 254 26
47 431 27
48 254 61
49 416 97
50 421 27
1 25 1290 1017 1777 1429
2 35 293 888 446
3 40 1513
4 28 589 238 786
5 25 1236 1815 1163 1400
6 41 1503 1940
7 1 525 58 1944 1919 1691
8 14 1565 1743
9 14 1968 122 1548 1688 597
10 47 1815 139 1240 916 1253
11 3 1013 365 1040 1484 1520
12 15 1710 644 115 1827
13 21 1313 158 921
14 6 1744 1259
15 12 1210
16 42 1617 1081 516 217
17 25 961 1371 852
18 14 454 1555 1797 1663 1198
19 40 1492 1764 1049 593 1561
20 20 9 1297 452
21 41 956
22 14 1717 625 696 393
23 5 138 43
24 38 474
25 5 1206 28
26 34 1622 1550 887
27 34 1908 1919 563 1302
28 10 675 1656
29 12 1790 600 1437 1664 761
30 38 1052
31 31 31 1645
32 47 1963 389 559
33 37 722 497 1620
34 24 76 1206 1432 1447
35 8 1166 481
36 37 1594 1933 641
37 14 1808 211 993 1032 802
38 18 1016 1676
39 22 1166 1399 1881 415
40 31 733 898
41 19 1741 951 1459 1568
42 11 499 1380
43 4 1365 553 1154 1814
44 43 1478
45 37 107 516 1728 1719 985
46 25 230
47 3 1548 821 1359
48 18 1479
49 2 1932 892 215 209 947
50 27 1948
51 46 1102 1121 857 1105 1969
52 17 975 837 515 1036 481
53 10 811 74
54 49 244
55 36 530 1573 1365 199
56 46 1635
57 39 1474
58 2 1741 1331 917 733 841
59 20 1058 1906 81
60 38 1905 1137 1999
61 2 381 825 1274 1976 1506
62 8 1982 1258 1336 392
63 35 82 277
64 46 716 862
65 13 932 935 420
66 29 769 1673
67 17 884 851 74 107 1103
68 25 182 1889 649
69 34 580
70 49 756 1912 1469 1510
71 39 719 1941 866
72 37 923 992 360 1156
73 10 1803 448
74 18 277 1973 1585 268
75 22 752 393
76 28 1296
77 44 1962 643 1514
78 19 426
79 33 1070 1473
80 48 659 1150 1574 1864
81 18 1322 1350 1474
82 47 525 1620
83 49 1757 977
84 29 590
85 33 982 65 671
86 35 20 1153 496
87 16 1648
88 18 1691 1779
89 2 919 1960 1382 356 20
90 18 1107 808 1863
91 21 1896 1322
92 37 289 1995 1794
93 47 984
94 15 1870
95 14 462 520 722 526
96 38 387 1971
97 32 1498 1633
98 33 978
99 13 574 588
100 10 1345 1389
101 37 1685 307 1530 1278
102 10 801 1207 448 1492 743
103 7 1873 1637 1786 1896 1208
104 11 1818 553
105 26 983 1130 312 112 1649
106 29 1592 948 751 966
107 50 772 224 918 1208
108 1 1198 1372 1365
109 15 1072
110 14 408 1896 760 1140 558
111 26 2000 1636 143
112 16 952 1236 465 112 154
113 4 1865 488
114 48 1576 1851 589
115 37 43 1718 1523 1023
116 45 927
117 12 1292 1951 1012
118 31 1153 1214 964
119 20 1881 1314
120 11 1410 1237
121 1 1683 1494 1436 30
122 45 1389 1541 77
123 13 786 1080 22 1606
124 36 1022 246 22 1949
125 5 1928
126 33 1093 1171 788 527
127 47 1310 1677
128 7 1434 62 797 853 1803
129 3 1679 637 1391 183
130 13 1555 1
131 31 132 66 1305 1721
132 20 120 603 1184 656
133 6 991
134 48 124 1605 30 2000
135 20 714 365 1023 1047 1598
136 37 962 1725 1804
137 30 1771 149
138 45 952 1305 797
139 41 258 265 1341
140 7 47
141 28 417 1649 1288 1784 117
142 44 364 897 85
143 42 1475
144 45 1979 316 421 923
145 5 1084
146 8 520 1218
147 35 1657 1205
148 23 92 727 317 366
149 42 1671 1163
150 38 749 534 1216 1799 1577
151 32 214 1548 178 1910
152 33 1395
153 38 436 1429
154 41 933 1625 1872 1844
155 3 137 418 1083 269 1894
156 39 1154 1013 1774 1136
157 28 1003 1729 1184
158 11 192 857 1666 1710
159 2 185 1458 1479 1386 1618
160 34 1343 724
161 10 363 1365 482
162 13 1145 1384 1200
163 39 803 62 1076 685 753
164 38 1363
165 41 110 1252 1201
166 7 1893 1777 165 1585
167 42 1000
168 27 1312 690 1947 1658 665
169 35 1219 215 1649 124 852
170 18 524 1902 1705 1676 1713
171 32 77 1071 1946 36
172 39 1895 130
173 5 768
174 32 1505
175 8 1377
176 24 762 1953
177 9 438 818 1969
178 49 674
179 35 36 76
180 27 360 929 32 769 1961
181 21 335 883
182 3 1505 936 1776
183 27 1611 1258
184 16 1807 36 1995
185 19 1596 666 1511
186 33 644 1587 541 574
187 28 816 1402
188 2 171 1521 566
189 8 121 478 1507 713 323
190 15 774 524
191 7 1010 660
192 28 1927
193 23 1586 264
194 47 1184 280
195 6 1072 1327 812 1703 1588
196 3 1880 941 529
197 2 78 1689 846 1258
198 19 769
199 34 740 1262 101 1025
200 2 1528 732 1987 30
201 11 1258
202 21 1841 1367 697
203 37 1121
204 48 1315 754 220
205 6 934 986 1213 232 1024
206 47 460 613 545 472
207 36 825 857 856
208 42 85
209 37 1244 711 1603 1167 817
210 31 1264 1717 1334 968 599
211 7 334 735 1934 390 1633
212 23 529
213 5 717 108 1516
214 10 519 759 1390 1697 191
215 49 500
216 23 1988 1898 1089 1350
217 28 757 250 1943 770 466
218 13 1871
219 43 448 736 35
220 36 1302 412 1420 1129
221 12 423
222 49 763 1049 644
223 6 1250
224 35 524 1982 1064 406
225 20 87 510 709 262 188
226 34 1899 1668 337 224
227 39 853 1307 1013
228 47 80 167 350 1027 1901
229 11 1012
230 41 1898 933 1659
231 45 989 682 634 567 1629
232 7 1843 622
233 46 512 937 782 660
234 48 1912
235 43 314 998
236 27 584 121 889 944
237 43 1007 1650
238 10 1943 326 1867 1428 189
239 29 1022 405 1217
240 29 296 881 1423 677
241 49 392
242 38 729 340 61 1281 1320
243 11 134 29 1172 1771
244 48 1773 699
245 2 1108 1114 410 1461 686
246 46 1820 403 1951 1543 1239
247 31 973 1508 1400
248 24 632 119 605 41 1166
249 14 1784
250 30 1796 306
251 42 1419 1407 1844 1206
252 4 809
253 2 1686 1390
254 20 598 1415 1402 84
255 49 1995
256 38 1431 1769
257 40 1618
258 48 1231 376 1850
259 24 1441 1323 297 690
260 47 879 103 1279 1180 1877
261 41 1537
262 44 1493
263 23 778 1190 1922 1634 535
264 21 257
265 50 1166 1368 738 1106 197
266 18 432
267 4 1598
268 30 961 952
269 41 1021 158
270 5 1380 1838 182
271 14 1104 997 251
272 30 354 719 910 371 485
273 47 888 1018 665
274 6 531
275 50 66 291 1465 21 1795
276 22 155 913 1658 1355
277 42 1136
278 48 538
279 16 448 1778 167
280 29 1522 156 741 820 1856
281 9 1529 425 455
282 16 1775 938
283 38 182 1509
284 28 1383 1016
285 45 1085
286 38 1490
287 24 1195
288 30 142
289 10 1543
290 39 231
291 19 1591 1242 675 644 1896
292 44 1892 959 1038
293 35 1184 1899
294 47 344 1991 1484 1892 1555
295 7 1523 812
296 19 1686 649
297 24 1042 283 647
298 29 684 1193 546 1853
299 42 161 1424 1012
300 48 1183
301 9 1542 1298 1604 924 1464
302 6 1083 1858
303 3 814 1367 754 977
304 35 1419 289 1948 1007 1602
305 49 92 1331
306 48 262 193 854
307 18 1834 1059
308 31 1063 1521 1794 542 883
309 15 1984 1474 110 1018 504
310 48 200
311 49 1156 328 801
312 48 1892 1697
313 9 1133 14 1592 1655 918
314 47 56 1184 756
315 26 629 1532
316 39 1412
317 12 1962 1890 1361
318 20 828 1110 1091
319 24 93 248 1679 777 687
320 28 1680 1404 115 638 1093
321 30 1253
322 12 290 358 713 1315 265
323 39 86 421 357 768 355
324 27 999 1238
325 21 1713 1757 144 715
326 48 352
327 22 779 1475
328 22 1336 1537
329 14 1131 239 1586 1878
330 23 1328 997 92
331 50 1710 1436 296
332 21 1800 225 753 1932 470
333 17 413 373 714 1013 293
334 16 1177 1962 287
335 45 1361 1062
336 16 1162
337 35 1352 1947 800 495 1001
338 1 1749 1158
339 39 1004 664 1092 1319
340 5 1246 630 501 1781
341 19 1579 1438 257
342 35 213 764 160 1087 868
343 45 270
344 33 384 304
345 19 1629 1376 1241
346 42 701
347 41 998 975
348 17 158 549 1301
349 49 1622 1895 1963
350 28 1703 1998 807
351 32 133 937
352 12 214 870 707 617
353 2 1496
354 22 747 1423 567 1351
355 35 896 1063 199
356 5 266 1548 1158
357 28 1420 57
358 33 861 1054 744 1138
359 11 662 1621 1627 583
360 9 1789 1531 1379
361 24 1796 904 914 754 400
362 38 876 1194 1299 1937
363 44 1641 489
364 46 1060 1185 578
365 21 1002 1734 923
366 41 1085
367 14 1673 646 1529 420
368 17 481 853 794 1516 1685
369 14 416 1891 432 1981
370 26 1444 277 948
371 44 1860 604 1270 393
372 44 862
373 17 636
374 39 1646 1823 1204 1688 1514
375 20 790 696
376 2 1419 528 1433
377 39 1584 580 686 668 1237
378 6 1714 1424 692 1723
379 26 108 240 692 1363
380 20 1722 1562 1603 1252
381 32 1020 1241 496 462 178
382 31 1366 1294 921 893
383 11 429 461 1062 811 35
384 45 76 813 414 210
385 6 436
386 9 827
387 6 431 1703 791 250 585
388 5 1300 767
389 25 1631 316
390 34 1529 922 897 1733 428
391 22 297
392 19 1708 1715 1698 1027 258
393 25 1627 136
394 46 853
395 40 1160 1271 1263
396 20 1161 1831 593 198 1016
397 32 1618 478 77 78 885
398 22 500 1589 1580
399 40 1529 935 1742 1438 376
400 44 50 525 1185 446
401 12 558 1921 1505
402 31 793 1211 1842 1240 844
403 34 1858
404 23 1906
405 39 1248 1388
406 22 1004 1006 857 1178 1525
407 38 570
408 31 1056 989 647 4
409 49 1528 914 671 1829
410 29 1563 773 270 382
411 40 626 953 1002 1565
412 15 1125
413 35 658 1799
414 36 980 827
415 27 150 338 1616
416 1 1587
417 48 1300 1963
418 37 401 235 765
419 25 1719 52
420 11 151 512 1855
421 12 1764 928 1176 351
422 23 1430 286 508 1903
423 7 1132 268 1782
424 29 1249 378 580
425 20 1433 928 988 1190 459
426 3 1710 1114
427 4 757 808 36 28 1734
428 37 701 1189 532 1835
429 1 166
430 10 1610 778 491
431 3 582 81 1073 1814 1994
432 23 1098 1299 672
433 8 1783 1740
434 28 1442 23 1526 1772 297
435 45 827
436 41 565
437 37 761
438 23 709
439 45 1075 1829 1055 1120
440 18 1976 1609 66 295
441 33 729 943 1207 182
442 25 1613 1821
443 20 1375 367 378 1498 175
444 23 882 405 1425 1150
445 32 1672 138 1239 693 1575
446 46 719 372 1065 1309 1069
447 21 1031 1095 1742 885 238
448 8 1596
449 28 462 615 251
450 21 518
451 38 1987 488 1646
452 46 543
453 49 703
454 14 77 751 220
455 42 342
456 27 1140 1082
457 9 1028 38
458 16 1441 1187 141 1574
459 43 1134 1145
460 3 1356 770 932 407 1146
461 8 1995 201
462 37 19 936 596
463 9 1773 631 509
464 8 1415
465 36 336 628
466 28 483
467 25 481 878 2000 425
468 25 979 1176
469 32 1060
470 3 1468 837
471 46 1297 1033 982 1880
472 36 1815 1878
473 41 1585 609 1530
474 29 16 1055 263 1609 181
475 25 280 80 1481 556
476 43 991 1173 1268 1554 694
477 17 210 1635 544
478 9 1549 946
479 40 524
480 33 820
481 4 633 210 1270
482 31 1684 475 1548 129
483 4 1930 1725 591 1555 371
484 35 799 354
485 42 1832
486 7 1365 1581
487 38 450 2 1175
488 42 427 1502
489 43 549 862
490 17 1600 1014 40
491 35 1689 78 909 1563
492 40 912
493 29 1067 1697 342
494 30 933 1004
495 32 467 1054 124 730 1294
496 29 227 1829 570 387
497 27 446
498 12 9 1858 1804 912
499 23 217
500 44 831 26 701 180
501 28 1696 1049
502 35 943 1027
503 11 11 1402 225
504 43 216 29
505 46 1747 1218 856
506 38 1988
507 1 1598 272
508 7 504 433 697 169 881
509 27 1091
510 22 744 1809
511 50 1401 1322
512 32 672
513 9 1352 759
514 45 1930 50 1738 1609 1245
515 31 881 1011 1532
516 13 1018
517 47 621 584 1545
518 47 87 859
519 4 1387 1666 1890 1451
520 36 849 901 1751 560 871
521 9 1946 1956 463 345 1872
522 38 727 1875 1519 432
523 47 275 564 1837
524 40 181 345
525 28 1959 46 714 1846
526 36 1615 695 597 1783 1632
527 27 1916 917 1949 712
528 39 155
529 45 80
530 29 1864
531 45 78 1282
532 43 1137
533 48 1320 633
534 46 792 1627 369 533 991
535 13 784 1587 1557 1209 159
536 47 812
537 23 1461 1143 1127 1106 398
538 41 1309 1448 1767 1113
539 2 642 453
540 13 170 924 1516 1968
541 8 88 1901 1949 1069
542 21 1075
543 26 1165 694
544 15 255 1884 1021 1845
545 35 1103 186 1736 1106 586
546 30 247
547 23 852 865 443 528
548 25 740 1095 304 933
549 48 1633 1190 1594
550 30 482 1890 924 468
551 36 199
552 23 1103
553 29 36
554 34 1672 1017 1508 1386
555 43 1197
556 11 880 478 180 740 831
557 14 1668 1544 722 1592 681
558 37 631 137 1561 1723 1932
559 26 1406 1130 587 1732
560 27 242 233 446 1242 1359
561 41 1641
562 19 1269 1768 1645
563 4 85 222 431 1552 1134
564 31 924 18 111
565 45 1160 614 1894 578 1843
566 20 434
567 14 1306 587 906 1890 374
568 4 954
569 34 1077 1551 5
570 46 1588 1931 1983 1847 852
571 10 1481 1435 1961 1558
572 39 1394 547
573 2 1761 138 1740
574 10 995
575 25 595 276 1203 1838
576 21 1737
577 12 1808 908 1867 861
578 29 209 59
579 30 277 1948 1651
580 6 1350 605 515
581 36 1433 1437 1119 1574 747
582 33 1012
583 33 1770 1848 498 1772 485
584 37 390
585 9 918 715 1662 687
586 29 743
587 49 699 632
588 7 375
589 39 803 280 1154
590 5 999 88 1651
591 7 1080
592 13 1171 1707 1410 1036
593 24 890
594 39 1175 378
595 40 137 1863 846
596 21 773 1063 238
597 22 151 1928
598 36 1277 1048 571 606
599 1 182 1148 902
600 46 1544 220 1449 133 1132
601 12 542
602 5 913 522
603 50 245
604 36 1062 1970 787 51 507
605 42 122
606 4 820
607 23 1005
608 9 1690 168 98 1330
609 1 244 651 1287
610 21 1080 313 1190 142 1912
611 14 911 1624
612 30 1539 916 787 581
613 31 1397
614 17 1951 882 1308 1769 1448
615 33 1942 6
616 43 1131
617 20 23 406 596 416 1563
618 18 1321 1710 592 863
619 48 1521 463 207
620 30 62 1884
621 29 992
622 24 312 77
623 25 1649
624 10 1100 1355 2 1623 1093
625 10 1179 1238 883 476 1724
626 27 1002 279
627 40 459 854 1210 295 1136
628 21 222 1628 135
629 38 858 1052 215 942
630 7 759 1175
631 35 1755 1053
632 50 1402 1847 1679 599
633 30 556 126 500 891
634 43 1370 1611 980 1066
635 27 1649 359 1388
636 46 529 1142 1856 1703 1409
637 49 1951
638 37 1162 988
639 47 773 678 596 1368
640 34 324 1291
641 42 295
642 24 1099 771 594 1509
643 8 699
644 32 399 1457 1975 1392 1247
645 21 1307 961
646 7 255 477 1260
647 28 123 1114 1320 358 628
648 45 1324
649 30 1049 1279
650 34 122 1528 573 774 1816
651 6 270
652 23 1831
653 24 332 1966 1913 1330
654 29 482 915 1735 757 808
655 5 406 637 1486 1218 1199
656 39 699 269 1460 1052 282
657 9 913 287
658 40 466 402 1787
659 27 97 1160
660 47 717 1001 1941 1331
661 3 411 1187 1229 1503
662 24 342 796 133
663 43 623 33 1315
664 38 1302
665 32 500 1030 737 1897 1896
666 37 770 1709 1753 1442 451
667 16 1703 539 751
668 49 1133 1472
669 27 700
670 3 1217 90 157 150
671 6 1683 1001 550
672 27 17 833
673 10 1710 128 1495 1208
674 2 1553 1273 1882 584
675 44 1293 442
676 44 83 417 734
677 37 702
678 46 1664 528 1798
679 3 321 597 670 1330
680 23 889 1374 1773 1458 857
681 43 832 1692 793 928
682 15 1039 929 1734 658 1240
683 22 502 985 920 352 673
684 29 972 643 1539 1746
685 23 30 1487 1202
686 42 1090 77 487 632
687 13 628 1073 405 147
688 39 492
689 2 541 1584 921
690 36 1486 707 1654 1570
691 24 396 1360 1658
692 1 56 100
693 43 1177 287 1838 1618
694 5 713 1431 408 1906 1225
695 31 234 1925 1558 360 1071
696 2 1718
697 31 152 1547 753 1067 1657
698 29 1431 1863 54
699 36 115 1940 1239
700 20 1358
701 29 1120 1356 1625
702 22 1937 1456 228
703 22 1607
704 25 1217 424 959 667 1345
705 21 1879 1263 470 1903 1165
706 36 602 1555 12 244
707 48 1967
708 5 1531 742 92 1087
709 24 1497 684 248 997 403
710 8 584 605
711 10 1224 333 1041 1643
712 33 330 1807 475 1527
713 15 524
714 34 511
715 23 1811 1902 1007 1545
716 31 1376 1742 277 1310
717 32 1213 517 1312 1232 462
718 35 1316 1554 657 1763 1855
719 37 259 112 84
720 42 706
721 14 40 1877 326 441
722 21 762 416
723 24 605 981 110 1576
724 14 818 1185
725 13 1849 1730 1145 1381
726 18 1278 992 1696 73
727 33 1776 58 1709 622
728 32 1233 979
729 14 65 1538
730 20 424 888 352 858 312
731 14 487 563 1273
732 4 27 1180 616
733 45 522
734 8 1473 613 1707
735 49 1481 1125 439 1464
736 35 1962 1564 968 1309
737 10 655 370 1161 963 325
738 21 1336 1482 577 688 143
739 40 1357
740 18 214 321 1885 1058 1351
741 19 735
742 40 1283
743 10 431 762
744 32 14 1477 1574
745 4 1145 660
746 15 1599 1306 1159
747 47 1143 1189
748 46 1947 707 1819 72 978
749 22 1055 1984 1479 82
750 23 1996
751 13 603 1769 118
752 44 227
753 14 882 461
754 18 1126
755 33 625 1974 504 1248 1414
756 36 1323 1622 1506 1747
757 2 908
758 11 141
759 13 1192 1684
760 26 687
761 32 412 1474
762 1 393 867 1369
763 30 1112
764 3 487 1915 820
765 41 1286
766 48 795 1310
767 37 106 1807 1388 893 1839
768 38 84 1051 1399 1709 1250
769 27 1425
770 7 353 1045 794
771 40 1240 306 1544
772 27 488 1723 1830 1620
773 26 1353 908 1182 967
774 41 1616
775 11 1469 1844 1973 360
776 45 31 306 1245 1986 1567
777 34 1728 575 1364 1052
778 27 708
779 26 1776 780 1316
780 2 559 445 1520 1370
781 39 1410 1621 1753 562 211
782 7 1403 808 1467
783 21 606 1783
784 49 1986
785 9 5 1285 1479 1434 1161
786 42 54 993 1176
787 44 1582 1776 1474 771 209
788 29 901 1857
789 37 1888
790 9 673 1949 862 1702
791 28 588 1793 1134 367
792 39 1458 1235 113 1329
793 48 1504 878 797
794 13 1976 561 135 893 1086
795 17 802 203
796 20 1370 825 676 1911
797 18 817 599 487 1907 366
798 16 1478 69 1244 1858
799 42 1870 960 135
800 46 988 1960 1796 1795 1109
801 33 1568 1957 1478 1257 897
802 10 1842 438
803 33 397 1108 1624 490
804 44 1964 1555 895 1726 1103
805 11 704 1686 877 1830
806 16 1197 1579 957
807 46 1054 1666
808 7 1480 155 341 1041 1339
809 16 445 292 1158 1807
810 17 1854 420
811 20 1963 1883 28 861 1688
812 23 1846 1176 990
813 48 1709 1300
814 6 1544 1489 1659 326 1737
815 20 121 535 1259
816 13 56
817 39 1334
818 48 454 1916 1455 251 873
819 7 501 952 751 78
820 1 187 245 1556
821 34 506
822 29 1187 1399
823 46 221 296 642 864 1895
824 3 1490
825 23 1842 383 1404 1791
826 43 326
827 39 1787 896 1816
828 5 414 1421
829 22 1126
830 37 755 45 983 31
831 8 1669 496 1685 1102
832 5 853 1748 1481
833 19 377 1993 255 1290 1485
834 13 1009 308 508 1945
835 46 1065 989 1880
836 47 894 932 1261 1508 851
837 39 1767
838 18 600 38
839 23 1747
840 10 772 1818
841 44 1030
842 37 143
843 30 1550
844 19 1506 572 1892
845 35 407 973 433
846 19 614 326 1768
847 6 1642 569 1326 1200
848 26 1534 1938 877 1989 1885
849 36 1740
850 45 441 1311 1992
851 35 1612 668 1288 1364 1223
852 20 1804 466 373 295 224
853 47 1229
854 39 1590
855 7 1670
856 50 1055 818
857 38 1935 842 1421
858 39 476 156 207 924 1855
859 46 804 1285 791 113 1594
860 13 1363 70 225
861 49 1158 213
862 38 345 1200 218
863 45 1632
864 23 881
865 26 88 1454
866 29 1414 1792
867 3 1484 929 1332 321
868 45 868
869 14 1844 772 202 347
870 34 1030 1140 1716
871 37 362 1394 1209 122 692
872 17 120
873 23 1044 346 1685 1342 966
874 7 799 1374 425 987 1005
875 24 108 1468 896 1781
876 50 303 74 113 1821
877 49 1695 88 49
878 5 917 1680 1795
879 50 1304 1408 1846
880 29 1551
881 26 1747 712 1836
882 32 1412 1572
883 27 1937 1059 617
884 30 1018 68 173 628 84
885 14 374 450 823 1082
886 14 654 245
887 5 131
888 3 640
889 24 1108 832 256
890 14 510 208 1122
891 24 1744 24
892 14 966 1245 1555
893 23 1940 169 616 513
894 45 774 1792 70
895 43 1031 1406
896 42 1853 494 566
897 37 1123
898 37 817 707 430
899 27 1293 270 1457
900 6 731 148 1127
901 17 1726 1951 343
902 41 995 1913
903 33 174 1747 580
904 45 234
905 3 839
906 47 1624 772
907 26 110 1105 724 1389
908 45 1155 550 956 890
909 11 1372
910 24 1178 1695
911 41 713
912 32 829 353 1284 1790 957
913 5 1109 451 601 1312
914 13 639 282 941 278 474
915 12 1706 1299
916 46 1253
917 45 1179 1671 1263 581
918 22 1054
919 48 501 954 465 240 1001
920 23 960
921 35 413 756 104
922 37 1388 1863
923 28 686 1340 1594 1737
924 30 596 51 1799 175 861
925 44 1525 1020 444 1337
926 34 733 1247 846 1995 1698
927 44 891
928 49 1960
929 30 1853 1900 114 700
930 32 1172 177 776
931 50 813 38 1255 823
932 24 1547 1973 928 1064
933 26 1776 828 455 596 41
934 17 1608
935 48 709 688 1394 1055
936 3 47 21
937 39 1534 1078 164 1556
938 5 946 909 411 79 442
939 37 1267
940 50 1169 747 920 1037 1429
941 3 1697
942 48 1555 860 1072 913 627
943 48 858
944 3 1866 558 1553 1046
945 5 1236 637 186 744
946 20 1474 1189 1295 1588 874
947 11 21 327 780 1273
948 41 1059
949 21 23 1979
950 50 1284 365 709 554
951 19 1118 1211 766 1779
952 40 488 817 1105 277
953 41 291
954 15 1028 1263 358 950
955 45 1825 1483 1455 1223
956 31 1253 259 107 394
957 8 480 1904
958 20 7
959 8 325 995 1259 464
960 42 995 1051 12 1879 699
961 37 1494 518
962 30 548 716 1068
963 11 1337 1565 1517 848 53
964 47 1901 1908
965 47 72 1434 1633 1288 1515
966 50 734 1195 711 998 44
967 21 1697 1934 349
968 6 529 1726 790 1361 1855
969 30 1747 355 1830 1556
970 30 1797 1165 1122
971 48 564
972 30 1930 1325 1157 913
973 23 1623 1502 1609 1226
974 29 1593 405
975 3 51 1620 1192 246 1374
976 20 291 1411 1440
977 33 1119
978 41 427 504 1231
979 10 321 58 549
980 13 977
981 39 1020 63 1525
982 32 486
983 22 555 1 929 948 378
984 15 78
985 9 657 613 1156 1424 1095
986 16 364 1635 1504 1775 302
987 21 1073 758 1551 1693
988 3 1260 925 1982 1988
989 38 1221 1486 1496 1382
990 36 429
991 13 1263 316 727 1960 1099
992 50 1660 1536 439
993 3 483 24 1651 1683
994 44 1669 1671 871
995 50 334
996 11 272 1957 797 1105 1359
997 38 1275 710 1098
998 38 452 1486
999 20 921 1075 1383 718
1000 40 1433 470 520 887 649
