2000 100
1 26 324
2 44 437
3 54 577
4 53 902
5 18 683
6 71 193
7 44 964
8 70 351
9 60 553
10 69 872
11 67 309
12 20 326
13 63 431
14 87 500
15 42 194
16 12 317
17 27 532
18 31 282
19 60 212
20 50 712
21 24 97
22 93 351
23 55 422
24 31 902
25 25 645
26 13 311
27 89 640
28 72 45
29 24 320
30 80 33
31 78 308
32 16 580
33 10 529
34 46 706
35 42 137
36 3 378
37 68 110
38 9 109
39 39 320
40 51 242
41 33 895
42 53 805
43 91 626
44 8 358
45 91 696
46 42 544
47 51 362
48 2 313
49 73 109
50 73 620
51 50 308
52 96 529
53 41 993
54 16 991
55 96 213
56 2 376
57 84 967
58 7 514
59 54 423
60 61 892
61 42 276
62 88 894
63 51 520
64 35 416
65 22 815
66 69 710
67 20 662
68 71 425
69 47 652
70 97 659
71 54 666
72 62 284
73 85 911
74 38 608
75 92 354
76 68 430
77 19 938
78 74 904
79 13 920
80 80 368
81 16 287
82 30 202
83 96 773
84 88 74
85 45 903
86 72 721
87 94 797
88 55 425
89 22 736
90 51 599
91 33 835
92 58 49
93 55 918
94 85 884
95 69 956
96 98 944
97 74 725
98 16 604
99 90 704
100 75 601
101 85 799
102 41 70
103 80 367
104 44 572
105 66 207
106 19 63
107 90 371
108 11 747
109 57 202
110 11 41
111 53 883
112 83 862
113 93 107
114 37 780
115 45 49
116 2 776
117 51 330
118 20 349
119 16 296
120 49 947
121 88 789
122 83 614
123 34 466
124 67 770
125 23 911
126 40 530
127 8 913
128 41 266
129 72 584
130 70 768
131 57 547
132 85 871
133 72 955
134 39 919
135 15 450
136 45 939
137 96 704
138 75 853
139 94 495
140 68 67
141 86 496
142 89 137
143 28 722
144 62 175
145 23 823
146 78 947
147 35 257
148 93 786
149 91 841
150 50 259
151 83 631
152 95 480
153 30 653
154 20 318
155 55 731
156 19 756
157 98 56
158 79 64
159 3 287
160 100 655
161 83 311
162 30 381
163 97 252
164 67 173
165 79 867
166 21 571
167 61 601
168 83 171
169 72 951
170 43 145
171 79 931
172 13 943
173 73 115
174 14 466
175 42 766
176 65 11
177 48 907
178 19 254
179 83 946
180 83 619
181 18 60
182 3 70
183 80 502
184 3 147
185 25 220
186 24 638
187 96 152
188 95 805
189 47 155
190 65 499
191 22 659
192 44 199
193 33 732
194 67 947
195 49 108
196 1 22
197 42 108
198 11 519
199 27 708
200 12 346
201 59 859
202 47 448
203 86 223
204 83 622
205 68 643
206 48 795
207 54 626
208 75 123
209 4 990
210 89 722
211 44 734
212 74 876
213 29 592
214 80 507
215 100 44
216 8 230
217 32 175
218 45 416
219 52 246
220 97 890
221 41 926
222 31 93
223 46 74
224 26 145
225 20 375
226 33 212
227 6 837
228 49 851
229 93 754
230 28 635
231 36 859
232 16 593
233 26 35
234 52 586
235 17 225
236 77 969
237 37 877
238 95 301
239 35 52
240 87 804
241 92 729
242 99 412
243 52 945
244 15 40
245 31 925
246 95 600
247 47 647
248 15 606
249 56 224
250 47 479
251 9 766
252 43 877
253 99 130
254 89 651
255 21 977
256 18 110
257 65 872
258 62 387
259 8 65
260 15 990
261 97 448
262 46 771
263 50 177
264 34 488
265 35 407
266 69 95
267 34 819
268 53 361
269 44 422
270 5 340
271 19 339
272 81 974
273 36 636
274 45 946
275 14 327
276 21 204
277 69 82
278 13 753
279 45 741
280 44 252
281 89 405
282 86 833
283 48 595
284 5 629
285 82 210
286 36 575
287 13 998
288 92 658
289 59 403
290 97 966
291 6 757
292 86 598
293 88 337
294 59 927
295 23 269
296 1 198
297 74 229
298 2 292
299 66 557
300 32 116
301 77 643
302 67 133
303 71 561
304 4 86
305 98 114
306 82 846
307 61 787
308 90 26
309 72 83
310 28 78
311 92 305
312 100 183
313 92 72
314 59 336
315 21 631
316 68 144
317 11 380
318 14 639
319 62 262
320 88 217
321 68 449
322 55 488
323 15 374
324 17 608
325 38 12
326 75 833
327 50 867
328 21 652
329 16 833
330 12 436
331 11 125
332 80 963
333 32 488
334 69 69
335 38 30
336 8 202
337 35 316
338 28 771
339 16 305
340 18 61
341 69 118
342 95 710
343 23 66
344 66 644
345 25 803
346 12 684
347 7 299
348 20 16
349 64 447
350 61 513
351 15 978
352 31 933
353 91 374
354 48 767
355 48 685
356 30 53
357 57 51
358 78 408
359 97 773
360 73 421
361 88 258
362 91 510
363 3 556
364 10 571
365 37 721
366 97 460
367 40 959
368 75 411
369 60 585
370 22 509
371 45 887
372 88 162
373 12 821
374 54 220
375 25 34
376 96 659
377 63 85
378 100 580
379 47 924
380 65 499
381 8 805
382 85 442
383 37 899
384 34 370
385 22 900
386 10 232
387 92 751
388 93 105
389 2 868
390 67 842
391 23 102
392 51 574
393 89 928
394 98 100
395 48 691
396 13 558
397 4 669
398 93 119
399 62 866
400 6 505
401 23 111
402 83 461
403 89 285
404 8 133
405 10 685
406 16 471
407 7 557
408 32 155
409 68 722
410 6 638
411 83 176
412 88 386
413 5 855
414 19 408
415 14 818
416 85 551
417 84 165
418 45 737
419 75 82
420 45 575
421 51 734
422 22 339
423 13 961
424 96 552
425 2 66
426 59 33
427 88 565
428 52 612
429 53 553
430 62 498
431 63 332
432 60 856
433 43 679
434 53 589
435 14 543
436 24 621
437 84 128
438 98 899
439 65 337
440 70 436
441 67 598
442 42 64
443 68 299
444 51 994
445 1 908
446 95 377
447 11 684
448 61 42
449 22 862
450 70 366
451 35 106
452 39 476
453 42 249
454 38 38
455 93 196
456 75 420
457 8 327
458 57 743
459 40 205
460 94 989
461 1 923
462 19 263
463 1 212
464 92 438
465 92 51
466 55 125
467 26 815
468 100 240
469 36 603
470 63 636
471 4 771
472 49 85
473 70 928
474 65 234
475 81 63
476 15 286
477 35 352
478 37 288
479 63 939
480 33 320
481 81 586
482 89 131
483 22 220
484 66 346
485 93 67
486 83 550
487 38 433
488 12 988
489 61 685
490 38 954
491 36 390
492 61 67
493 59 628
494 92 389
495 76 393
496 88 803
497 44 516
498 7 77
499 14 986
500 76 329
501 29 272
502 30 845
503 77 393
504 2 197
505 100 622
506 69 882
507 37 554
508 54 413
509 2 198
510 51 31
511 11 312
512 86 859
513 92 47
514 42 31
515 95 866
516 21 791
517 20 972
518 25 939
519 20 155
520 69 314
521 36 885
522 37 298
523 89 973
524 69 725
525 63 763
526 63 186
527 1 476
528 42 137
529 78 195
530 96 443
531 19 269
532 48 195
533 11 872
534 32 748
535 88 50
536 35 569
537 93 719
538 14 736
539 35 740
540 66 124
541 41 11
542 65 26
543 82 452
544 15 891
545 1 811
546 97 784
547 59 105
548 51 716
549 48 266
550 50 892
551 100 948
552 20 758
553 42 872
554 11 625
555 85 727
556 11 703
557 22 606
558 54 523
559 64 753
560 16 715
561 67 25
562 44 289
563 88 712
564 35 582
565 77 629
566 73 654
567 19 533
568 72 384
569 5 344
570 76 652
571 94 291
572 81 646
573 3 813
574 47 303
575 17 158
576 39 512
577 81 142
578 60 171
579 55 64
580 30 524
581 79 250
582 96 924
583 91 513
584 44 485
585 67 782
586 28 436
587 79 430
588 90 47
589 51 395
590 25 899
591 24 274
592 8 327
593 17 934
594 18 862
595 8 446
596 99 740
597 54 577
598 45 387
599 64 581
600 11 128
601 19 495
602 24 389
603 7 415
604 30 78
605 27 553
606 94 301
607 64 211
608 19 411
609 1 80
610 48 726
611 35 540
612 82 899
613 95 948
614 71 747
615 25 687
616 94 261
617 14 806
618 26 547
619 68 893
620 47 950
621 11 275
622 50 160
623 91 965
624 53 907
625 17 272
626 31 478
627 55 864
628 78 519
629 82 987
630 58 734
631 9 466
632 36 507
633 2 632
634 80 320
635 30 300
636 19 463
637 98 690
638 72 271
639 25 511
640 32 404
641 26 277
642 26 727
643 60 522
644 99 232
645 44 804
646 85 268
647 51 348
648 23 660
649 70 507
650 24 757
651 32 973
652 10 298
653 39 27
654 58 787
655 94 186
656 27 985
657 42 305
658 69 156
659 90 707
660 21 32
661 3 768
662 43 765
663 77 299
664 50 660
665 9 955
666 26 144
667 62 276
668 46 245
669 63 610
670 50 347
671 33 883
672 45 903
673 50 253
674 79 648
675 70 983
676 6 715
677 100 134
678 45 936
679 30 801
680 60 20
681 40 461
682 41 905
683 10 550
684 69 56
685 72 993
686 41 763
687 52 471
688 92 853
689 58 786
690 53 275
691 65 95
692 11 579
693 70 806
694 70 387
695 41 208
696 93 93
697 53 837
698 91 341
699 59 150
700 16 512
701 86 135
702 18 504
703 23 918
704 71 251
705 78 261
706 69 649
707 45 279
708 90 509
709 45 697
710 84 452
711 35 886
712 71 161
713 18 768
714 72 827
715 7 80
716 26 150
717 17 907
718 89 918
719 98 951
720 54 832
721 80 268
722 72 847
723 13 426
724 44 227
725 53 700
726 90 538
727 60 797
728 97 93
729 54 723
730 10 935
731 44 447
732 85 173
733 93 199
734 75 532
735 16 931
736 30 777
737 12 287
738 14 930
739 28 659
740 74 810
741 85 357
742 30 57
743 63 467
744 64 228
745 62 238
746 55 788
747 69 487
748 53 379
749 94 775
750 45 419
751 85 25
752 54 278
753 40 114
754 67 970
755 70 135
756 42 254
757 57 297
758 13 431
759 85 438
760 59 396
761 47 595
762 58 335
763 33 768
764 29 159
765 89 365
766 20 656
767 7 696
768 32 754
769 55 908
770 36 509
771 81 442
772 57 501
773 45 784
774 62 53
775 81 97
776 93 121
777 56 712
778 22 340
779 2 179
780 92 268
781 68 86
782 93 24
783 98 335
784 33 177
785 6 525
786 4 112
787 66 177
788 20 568
789 31 706
790 19 702
791 20 638
792 39 137
793 7 10
794 21 652
795 51 528
796 42 111
797 73 192
798 23 331
799 86 857
800 2 428
801 60 772
802 82 168
803 73 260
804 62 281
805 64 747
806 100 551
807 58 714
808 100 74
809 61 946
810 41 221
811 47 173
812 5 482
813 6 457
814 17 185
815 55 932
816 27 292
817 19 877
818 26 158
819 13 884
820 43 702
821 99 825
822 51 499
823 8 658
824 31 184
825 10 674
826 44 197
827 67 349
828 16 381
829 22 869
830 69 929
831 30 156
832 75 271
833 31 552
834 9 177
835 35 636
836 7 626
837 80 698
838 85 104
839 34 965
840 31 534
841 50 50
842 97 256
843 72 806
844 64 625
845 33 683
846 1 30
847 14 121
848 38 960
849 33 334
850 20 384
851 16 931
852 22 901
853 1 134
854 40 712
855 31 660
856 17 771
857 26 683
858 96 930
859 28 133
860 37 666
861 26 198
862 6 191
863 75 604
864 49 228
865 24 33
866 9 200
867 99 912
868 64 518
869 25 66
870 92 106
871 23 528
872 92 535
873 51 154
874 64 719
875 15 35
876 9 569
877 32 57
878 42 65
879 39 697
880 30 759
881 70 381
882 84 537
883 86 353
884 82 575
885 23 30
886 55 616
887 30 335
888 56 959
889 44 650
890 70 591
891 90 955
892 45 61
893 100 501
894 45 709
895 10 924
896 70 59
897 62 587
898 32 949
899 25 701
900 29 65
901 36 65
902 67 51
903 44 439
904 40 466
905 56 361
906 30 73
907 95 379
908 36 694
909 3 536
910 64 714
911 76 374
912 3 440
913 60 571
914 48 146
915 76 536
916 16 174
917 47 439
918 71 720
919 17 985
920 22 332
921 40 841
922 98 496
923 98 334
924 77 874
925 70 346
926 69 343
927 58 816
928 82 626
929 53 189
930 18 608
931 77 259
932 85 493
933 50 663
934 57 605
935 10 950
936 5 540
937 23 32
938 14 857
939 26 959
940 90 11
941 27 231
942 94 985
943 30 937
944 73 333
945 59 327
946 93 49
947 12 617
948 5 866
949 94 252
950 54 392
951 27 764
952 20 136
953 42 935
954 3 710
955 26 847
956 57 719
957 60 680
958 46 368
959 80 176
960 3 271
961 98 938
962 30 225
963 1 207
964 67 21
965 93 146
966 33 432
967 3 765
968 26 66
969 5 38
970 17 940
971 81 925
972 40 48
973 20 169
974 41 880
975 30 975
976 75 556
977 59 63
978 72 240
979 63 496
980 66 204
981 73 672
982 74 302
983 74 895
984 18 614
985 65 171
986 48 953
987 38 769
988 38 820
989 14 68
990 52 31
991 90 193
992 31 752
993 23 672
994 74 971
995 84 543
996 2 910
997 89 841
998 41 18
999 71 628
1000 67 503
1001 26 839
1002 32 420
1003 42 769
1004 22 217
1005 24 776
1006 79 68
1007 4 776
1008 87 883
1009 36 536
1010 47 453
1011 98 175
1012 6 181
1013 78 118
1014 30 508
1015 11 880
1016 23 478
1017 30 33
1018 28 210
1019 85 188
1020 77 631
1021 36 46
1022 44 439
1023 96 128
1024 88 979
1025 50 842
1026 20 274
1027 83 161
1028 77 77
1029 80 689
1030 18 281
1031 51 92
1032 17 453
1033 33 776
1034 56 821
1035 50 895
1036 10 303
1037 24 96
1038 89 739
1039 39 516
1040 13 329
1041 100 639
1042 24 635
1043 69 612
1044 26 682
1045 24 483
1046 47 545
1047 87 382
1048 31 901
1049 83 783
1050 89 240
1051 96 529
1052 80 672
1053 84 421
1054 95 403
1055 53 636
1056 96 566
1057 15 575
1058 5 276
1059 59 839
1060 82 580
1061 96 201
1062 51 51
1063 28 919
1064 32 614
1065 32 465
1066 55 311
1067 72 893
1068 62 567
1069 20 928
1070 98 128
1071 50 526
1072 38 736
1073 20 152
1074 7 410
1075 79 795
1076 33 601
1077 65 355
1078 68 295
1079 20 886
1080 98 185
1081 75 56
1082 62 473
1083 95 229
1084 61 40
1085 30 171
1086 84 876
1087 53 804
1088 64 302
1089 82 80
1090 22 340
1091 42 369
1092 16 784
1093 85 791
1094 58 992
1095 26 490
1096 35 272
1097 80 564
1098 52 195
1099 63 91
1100 79 636
1101 79 256
1102 52 154
1103 44 22
1104 19 297
1105 98 251
1106 64 212
1107 6 999
1108 62 355
1109 62 655
1110 78 208
1111 39 20
1112 8 597
1113 15 456
1114 31 505
1115 92 700
1116 75 417
1117 34 630
1118 92 643
1119 69 653
1120 9 146
1121 42 154
1122 79 754
1123 55 818
1124 46 710
1125 95 385
1126 31 937
1127 13 517
1128 81 150
1129 20 461
1130 61 483
1131 53 402
1132 85 867
1133 43 85
1134 5 879
1135 87 91
1136 56 355
1137 86 961
1138 43 704
1139 10 773
1140 31 658
1141 13 731
1142 78 204
1143 24 313
1144 40 473
1145 92 102
1146 17 575
1147 29 554
1148 26 983
1149 71 339
1150 54 569
1151 9 865
1152 31 405
1153 64 575
1154 17 540
1155 17 491
1156 62 930
1157 36 427
1158 33 384
1159 37 980
1160 25 137
1161 72 965
1162 54 832
1163 88 957
1164 26 69
1165 96 905
1166 57 635
1167 59 954
1168 39 791
1169 96 263
1170 48 332
1171 26 903
1172 9 242
1173 72 125
1174 28 747
1175 65 565
1176 93 745
1177 67 47
1178 3 17
1179 97 796
1180 33 838
1181 77 143
1182 99 865
1183 58 23
1184 27 393
1185 17 586
1186 8 707
1187 27 412
1188 35 453
1189 37 945
1190 12 99
1191 7 753
1192 46 840
1193 31 661
1194 64 490
1195 73 473
1196 58 903
1197 75 408
1198 10 990
1199 38 601
1200 60 329
1201 56 839
1202 35 81
1203 80 687
1204 27 752
1205 77 750
1206 9 332
1207 89 380
1208 71 623
1209 73 61
1210 90 478
1211 43 992
1212 26 209
1213 30 702
1214 73 514
1215 89 626
1216 47 716
1217 30 805
1218 82 838
1219 10 547
1220 25 199
1221 9 372
1222 46 840
1223 40 881
1224 14 548
1225 13 516
1226 30 282
1227 69 987
1228 59 678
1229 1 198
1230 47 436
1231 70 753
1232 73 305
1233 51 701
1234 6 260
1235 46 837
1236 28 484
1237 31 406
1238 52 926
1239 88 972
1240 69 827
1241 49 607
1242 20 760
1243 98 19
1244 99 632
1245 24 48
1246 62 196
1247 51 203
1248 79 33
1249 20 365
1250 20 769
1251 11 931
1252 69 368
1253 2 581
1254 74 794
1255 38 315
1256 8 439
1257 65 740
1258 26 241
1259 33 232
1260 21 716
1261 2 503
1262 91 79
1263 49 746
1264 100 29
1265 43 213
1266 87 210
1267 58 982
1268 66 860
1269 16 863
1270 81 659
1271 86 581
1272 59 502
1273 87 814
1274 46 179
1275 82 725
1276 56 419
1277 37 975
1278 63 197
1279 92 938
1280 44 670
1281 64 441
1282 23 657
1283 53 118
1284 6 709
1285 42 363
1286 86 757
1287 61 10
1288 96 918
1289 22 142
1290 11 67
1291 34 353
1292 22 797
1293 47 147
1294 31 234
1295 67 795
1296 19 710
1297 39 664
1298 20 56
1299 7 552
1300 65 85
1301 94 568
1302 77 188
1303 73 779
1304 59 860
1305 71 107
1306 94 989
1307 1 954
1308 97 629
1309 53 279
1310 7 864
1311 17 861
1312 70 936
1313 36 122
1314 70 342
1315 37 547
1316 52 13
1317 89 548
1318 96 591
1319 78 715
1320 60 64
1321 10 132
1322 69 143
1323 7 96
1324 2 717
1325 56 746
1326 81 527
1327 31 175
1328 90 228
1329 31 578
1330 16 363
1331 42 659
1332 85 199
1333 35 213
1334 99 115
1335 22 12
1336 26 589
1337 72 828
1338 7 891
1339 77 926
1340 23 405
1341 35 556
1342 76 393
1343 78 926
1344 5 739
1345 14 580
1346 38 724
1347 27 401
1348 39 92
1349 96 213
1350 63 133
1351 21 969
1352 43 841
1353 85 917
1354 52 42
1355 16 705
1356 7 485
1357 19 335
1358 67 206
1359 56 141
1360 96 191
1361 68 766
1362 37 236
1363 47 229
1364 83 502
1365 9 760
1366 30 33
1367 27 339
1368 50 47
1369 89 789
1370 62 801
1371 13 412
1372 2 656
1373 30 488
1374 75 772
1375 8 328
1376 74 220
1377 85 557
1378 44 69
1379 23 261
1380 1 717
1381 37 128
1382 75 171
1383 41 413
1384 52 172
1385 1 912
1386 19 539
1387 7 429
1388 34 474
1389 15 808
1390 76 787
1391 84 906
1392 2 424
1393 100 717
1394 21 933
1395 36 110
1396 12 943
1397 54 334
1398 10 501
1399 59 95
1400 27 898
1401 5 931
1402 92 78
1403 34 317
1404 47 651
1405 5 218
1406 67 14
1407 39 402
1408 52 907
1409 51 979
1410 51 185
1411 77 743
1412 78 825
1413 31 177
1414 26 813
1415 21 281
1416 88 433
1417 49 820
1418 6 439
1419 24 782
1420 9 645
1421 70 355
1422 30 390
1423 58 316
1424 23 287
1425 98 705
1426 5 782
1427 97 863
1428 28 234
1429 19 458
1430 41 679
1431 63 825
1432 85 500
1433 25 954
1434 98 19
1435 36 341
1436 60 365
1437 17 19
1438 89 113
1439 84 692
1440 79 913
1441 26 966
1442 20 467
1443 70 922
1444 82 558
1445 70 863
1446 74 24
1447 43 808
1448 10 597
1449 36 555
1450 97 659
1451 84 805
1452 14 494
1453 88 672
1454 91 159
1455 34 447
1456 73 440
1457 40 689
1458 23 669
1459 7 300
1460 93 970
1461 100 403
1462 23 372
1463 77 536
1464 35 216
1465 82 592
1466 70 325
1467 36 254
1468 67 506
1469 10 976
1470 83 678
1471 25 930
1472 58 444
1473 36 312
1474 94 684
1475 62 298
1476 13 717
1477 73 335
1478 97 654
1479 41 147
1480 72 790
1481 49 614
1482 72 430
1483 63 670
1484 60 43
1485 57 221
1486 23 202
1487 75 181
1488 13 59
1489 98 220
1490 84 105
1491 83 848
1492 69 719
1493 82 256
1494 14 485
1495 51 726
1496 91 103
1497 14 842
1498 32 240
1499 54 134
1500 75 108
1501 55 297
1502 18 764
1503 92 828
1504 86 751
1505 1 45
1506 13 222
1507 80 214
1508 100 307
1509 54 388
1510 47 737
1511 98 79
1512 91 930
1513 2 371
1514 84 944
1515 4 418
1516 45 692
1517 20 979
1518 75 929
1519 25 270
1520 40 55
1521 53 999
1522 38 530
1523 68 833
1524 95 732
1525 22 733
1526 60 941
1527 33 286
1528 56 54
1529 33 335
1530 70 393
1531 46 450
1532 71 165
1533 31 745
1534 42 398
1535 58 44
1536 43 635
1537 97 103
1538 52 328
1539 21 962
1540 63 713
1541 27 395
1542 96 306
1543 73 574
1544 36 781
1545 33 428
1546 79 206
1547 69 909
1548 83 569
1549 20 520
1550 43 857
1551 85 472
1552 44 794
1553 49 348
1554 30 248
1555 26 541
1556 69 712
1557 75 886
1558 9 924
1559 79 537
1560 40 753
1561 20 314
1562 67 493
1563 28 604
1564 75 38
1565 61 944
1566 82 290
1567 62 887
1568 67 56
1569 69 455
1570 82 808
1571 56 367
1572 62 96
1573 56 440
1574 47 745
1575 50 551
1576 35 39
1577 83 580
1578 74 307
1579 35 564
1580 2 862
1581 23 615
1582 51 514
1583 19 687
1584 55 270
1585 99 714
1586 35 530
1587 83 539
1588 77 710
1589 69 806
1590 90 467
1591 1 82
1592 29 295
1593 43 668
1594 9 612
1595 38 999
1596 41 56
1597 78 418
1598 68 166
1599 43 311
1600 33 915
1601 12 325
1602 53 881
1603 25 323
1604 87 516
1605 81 458
1606 28 968
1607 92 850
1608 17 680
1609 51 985
1610 32 437
1611 88 180
1612 9 544
1613 72 25
1614 14 907
1615 64 672
1616 63 38
1617 6 68
1618 14 557
1619 56 395
1620 5 269
1621 64 433
1622 8 36
1623 1 176
1624 38 91
1625 77 97
1626 69 564
1627 73 680
1628 36 356
1629 30 556
1630 88 794
1631 59 10
1632 40 618
1633 73 541
1634 54 323
1635 35 630
1636 29 114
1637 34 726
1638 33 201
1639 83 834
1640 44 218
1641 59 896
1642 38 542
1643 14 937
1644 38 749
1645 75 177
1646 62 49
1647 58 944
1648 21 382
1649 28 376
1650 71 313
1651 86 547
1652 34 673
1653 70 653
1654 12 529
1655 52 31
1656 80 358
1657 74 281
1658 4 335
1659 37 717
1660 38 88
1661 3 790
1662 1 784
1663 57 453
1664 6 577
1665 98 317
1666 96 767
1667 81 675
1668 71 863
1669 20 646
1670 26 419
1671 36 783
1672 37 949
1673 100 690
1674 17 826
1675 57 802
1676 42 187
1677 6 855
1678 41 799
1679 52 405
1680 19 786
1681 88 836
1682 28 981
1683 10 529
1684 53 354
1685 18 402
1686 7 859
1687 4 11
1688 1 74
1689 38 698
1690 46 559
1691 18 705
1692 61 77
1693 27 254
1694 92 641
1695 20 265
1696 13 816
1697 73 175
1698 90 567
1699 7 100
1700 62 174
1701 94 291
1702 49 277
1703 22 603
1704 20 287
1705 98 949
1706 22 469
1707 62 909
1708 48 826
1709 96 949
1710 19 708
1711 98 692
1712 42 361
1713 16 579
1714 34 296
1715 83 838
1716 46 940
1717 90 623
1718 55 613
1719 13 61
1720 50 297
1721 5 497
1722 21 518
1723 72 361
1724 65 814
1725 73 515
1726 81 80
1727 37 839
1728 79 736
1729 4 518
1730 66 902
1731 73 701
1732 43 422
1733 12 182
1734 49 487
1735 40 177
1736 25 729
1737 65 392
1738 1 509
1739 66 166
1740 3 589
1741 14 823
1742 31 659
1743 60 726
1744 68 60
1745 20 751
1746 88 300
1747 60 750
1748 39 530
1749 74 268
1750 26 714
1751 73 796
1752 32 801
1753 55 405
1754 93 989
1755 38 238
1756 30 762
1757 78 261
1758 54 391
1759 48 474
1760 14 687
1761 40 939
1762 61 781
1763 93 694
1764 20 51
1765 29 95
1766 63 647
1767 73 988
1768 15 702
1769 56 980
1770 10 586
1771 89 927
1772 11 311
1773 41 822
1774 71 903
1775 95 30
1776 71 951
1777 63 264
1778 28 346
1779 29 782
1780 22 328
1781 71 999
1782 46 421
1783 3 754
1784 85 828
1785 13 845
1786 71 685
1787 57 506
1788 99 357
1789 51 444
1790 25 149
1791 49 859
1792 7 428
1793 10 124
1794 89 271
1795 72 555
1796 32 656
1797 74 626
1798 15 909
1799 29 539
1800 21 531
1801 3 765
1802 94 834
1803 60 269
1804 4 229
1805 89 162
1806 18 710
1807 53 913
1808 91 836
1809 24 34
1810 93 683
1811 56 608
1812 43 127
1813 29 822
1814 19 879
1815 88 845
1816 100 356
1817 12 68
1818 4 130
1819 62 648
1820 8 703
1821 96 342
1822 41 73
1823 49 879
1824 65 25
1825 4 860
1826 6 98
1827 36 791
1828 36 438
1829 2 945
1830 92 871
1831 27 650
1832 69 68
1833 22 717
1834 86 313
1835 71 282
1836 41 817
1837 30 919
1838 35 41
1839 80 971
1840 57 601
1841 69 126
1842 76 608
1843 38 370
1844 20 854
1845 82 332
1846 49 63
1847 71 818
1848 88 83
1849 18 727
1850 6 530
1851 9 747
1852 62 252
1853 74 850
1854 48 271
1855 10 218
1856 42 47
1857 29 654
1858 24 790
1859 3 94
1860 6 215
1861 52 964
1862 73 518
1863 15 462
1864 97 674
1865 3 838
1866 55 704
1867 11 267
1868 99 625
1869 87 433
1870 99 900
1871 66 664
1872 20 940
1873 83 340
1874 74 714
1875 78 313
1876 42 96
1877 5 812
1878 52 219
1879 57 918
1880 7 752
1881 87 629
1882 95 865
1883 36 964
1884 95 522
1885 83 530
1886 4 809
1887 3 532
1888 78 782
1889 97 943
1890 81 346
1891 28 866
1892 1 684
1893 30 666
1894 50 877
1895 6 104
1896 79 151
1897 58 248
1898 41 436
1899 69 317
1900 96 317
1901 92 876
1902 67 418
1903 85 930
1904 52 633
1905 9 792
1906 40 302
1907 6 457
1908 36 195
1909 32 190
1910 9 97
1911 6 719
1912 12 378
1913 38 829
1914 90 609
1915 53 705
1916 70 623
1917 40 485
1918 23 15
1919 58 280
1920 83 206
1921 86 611
1922 40 563
1923 27 873
1924 32 513
1925 80 454
1926 96 72
1927 53 985
1928 94 427
1929 50 860
1930 53 314
1931 8 335
1932 43 435
1933 36 263
1934 25 978
1935 87 130
1936 93 602
1937 74 954
1938 9 183
1939 28 369
1940 57 70
1941 65 988
1942 47 222
1943 69 86
1944 56 570
1945 90 455
1946 22 520
1947 34 574
1948 88 745
1949 27 449
1950 59 170
1951 73 356
1952 65 790
1953 30 493
1954 82 317
1955 84 836
1956 39 89
1957 77 47
1958 78 339
1959 28 117
1960 84 635
1961 89 186
1962 56 408
1963 78 856
1964 2 656
1965 31 471
1966 20 816
1967 33 221
1968 58 383
1969 64 218
1970 50 622
1971 48 192
1972 38 688
1973 39 889
1974 25 295
1975 77 729
1976 2 751
1977 56 349
1978 43 528
1979 23 158
1980 84 472
1981 5 836
1982 81 75
1983 22 466
1984 15 860
1985 20 570
1986 67 378
1987 28 633
1988 91 976
1989 34 786
1990 48 990
1991 48 156
1992 25 339
1993 62 161
1994 57 149
1995 65 935
1996 55 765
1997 67 998
1998 60 11
1999 50 311
2000 84 279
1 198 53
2 437 71
3 436 94
4 196 89
5 366 40
6 334 98
7 162 21
8 359 45
9 311 31
10 127 84
11 345 49
12 166 69
13 427 74
14 482 46
15 484 70
16 189 37
17 486 93
18 322 65
19 373 81
20 199 41
21 169 64
22 121 92
23 479 100
24 350 66
25 347 40
26 366 73
27 140 85
28 434 90
29 100 65
30 221 80
31 276 97
32 353 31
33 446 27
34 392 67
35 176 71
36 181 42
37 250 15
38 411 43
39 406 10
40 449 81
41 190 77
42 412 82
43 205 75
44 260 85
45 116 53
46 430 15
47 167 74
48 124 72
49 331 11
50 287 62
51 360 73
52 207 71
53 190 72
54 191 91
55 344 64
56 269 92
57 290 82
58 136 21
59 207 31
60 263 64
61 166 42
62 324 78
63 403 16
64 234 47
65 436 83
66 210 11
67 471 11
68 342 19
69 166 72
70 398 21
71 343 21
72 400 40
73 494 28
74 288 15
75 378 48
76 396 73
77 392 78
78 305 61
79 468 68
80 274 32
81 283 66
82 221 74
83 420 14
84 496 83
85 346 68
86 414 79
87 428 37
88 387 35
89 305 88
90 476 45
91 298 56
92 457 75
93 301 47
94 382 21
95 329 66
96 306 39
97 406 51
98 243 36
99 418 48
100 334 37
1 98 566
2 78 793 443 1509 1901 641
3 91 1449
4 47 698
5 29 736 350 871 1866 1701
6 33 1860 1926 1786
7 99 1604 698
8 58 1030 678 1134 1728
9 84 1374 901
10 44 1967 1048
11 72 1345 1052
12 44 448
13 15 1156 612
14 22 1016
15 16 246 1690 1664 254 114
16 57 1414 1915
17 45 1345 46 1481 1317
18 19 898 502 276
19 86 1655 1443 586 201 1164
20 97 249 90 1799 394 836
21 95 967 1776 1186 1815 1868
22 76 1380 755 277
23 100 1499 1558 1096 1530
24 43 1906 1092
25 96 1504 140
26 63 1785 1725
27 62 1655
28 72 1069 1540 255
29 8 163 713 1194
30 77 1826
31 97 1564 361 586 1684
32 62 1667
33 33 1835
34 14 1475 492 154 1992
35 50 1080 45 734
36 45 1328 916
37 27 231 974 1623 530
38 47 711 549 172 729
39 36 1221 1593 608 67
40 96 1507
41 38 1085
42 85 271 711
43 13 1926 1999
44 7 802 1021 312 1203 1641
45 34 1977 172 1593 1896
46 49 1389 44 514 1272
47 96 141 1382 1870 760
48 69 1509 1385 1618 1967 263
49 26 452 634 613 1062 1723
50 27 809 1348 1916
51 26 111
52 90 1015 560 544 732
53 50 1350 1529 191 1245
54 74 1279
55 38 1516 1986 1363 771
56 68 1124 49 1531
57 80 1463 762
58 4 899 602 1905 437
59 69 1848 1294
60 85 1287
61 29 359 309 297
62 85 811 1012 1258 1995
63 45 510 1327 55 902
64 84 429
65 2 291 1517 1073
66 8 1944 298 281
67 57 417 1826 768
68 40 1643 724 1483 481
69 20 422 1625 1800 1589 1963
70 88 1746
71 94 1934 1937 1990 1054 688
72 68 1088 1891 1555
73 21 1732
74 20 1621 1087 471 1250 1653
75 34 401 1541 265 1617
76 55 1863 1932 1809 1589
77 62 18
78 88 1406 572 623 197
79 80 184 1839 218 882 99
80 49 550 1019
81 90 1727 672
82 66 1458 622 869 1573
83 91 1376 1120 945 1005
84 18 1396 623 1340 1814 1302
85 78 1748 377
86 57 242
87 12 1512 1584 1356
88 84 1585
89 26 1016 19 1795
90 17 1049 835 1943 1001 443
91 68 895
92 37 926 1126 202 587
93 82 941
94 17 634 1540 1978
95 49 1546 526 1401
96 98 681 5 297 1580
97 41 1527
98 17 1394 1297 1371 437
99 89 831 751 259 1497
100 11 1588 511 1076 811
101 88 509 1147 1984 1599 937
102 60 884 1833 1037 417
103 91 235 1313 779 446
104 56 686 189
105 21 1040 1449 796 769
106 60 1251 397 601
107 3 263 991 1337 1847
108 92 1221
109 44 461 97
110 93 1717 1036 1054 124 1607
111 83 1982 1285 327 1737 790
112 73 1192
113 90 504
114 34 1327 711 1380 462 1747
115 91 967 1579 910
116 78 1913 906 914
117 92 177 1089 547 652 32
118 15 1312 501
119 28 1878 571
120 63 1342 732 175
121 68 797 905 320
122 7 241 1245 1503 441
123 100 198 1927 1343 290 1198
124 14 1323 1422 343
125 11 876 252 226 1964
126 69 1842 7 1853 430 197
127 73 1593
128 29 1390 503
129 41 1062 467 1351
130 97 780 1506
131 17 1388 1788
132 2 921 877 1507 232 1452
133 100 1656 972
134 11 161 993 1498 1489
135 52 1508 863 434 728
136 35 924 1120 591
137 9 1372 269 913 690
138 78 212 1095
139 45 895 1597 1081 397 670
140 93 410 1514
141 64 432
142 45 737 1834
143 35 1699 806
144 85 312 65
145 3 1102 1544
146 41 129 959 647 1295
147 41 123 1394
148 89 341 1817 578
149 44 603
150 5 370
151 79 1784
152 47 1454 1945
153 45 92 1056 556 912
154 53 139
155 74 1808 1400 1197 863 41
156 26 812 1588 482
157 67 808 1165 317 562 1854
158 1 742 729 236 1123 1106
159 9 9 1824 1243
160 24 1693 1329
161 86 1522 1444 431
162 38 915 1179 1063 1622
163 97 986
164 95 497 1215
165 33 129 1704 441 1728
166 18 62 1561
167 55 57 714
168 83 1850 575 243 327
169 18 313 952 725 1559 1163
170 34 437
171 98 174 1554 5
172 97 975
173 89 107 698 1084 1356
174 69 1609 1841 1203
175 44 544 326 1624
176 60 27 1996 1892 347
177 9 816
178 35 1145 1830 1567 197 1823
179 58 1477 436 1190 668
180 12 1191 1359 1410 1099 56
181 5 526 276 1303 501
182 27 1048 1372 1
183 16 1369
184 23 617 616 701 694 764
185 1 272 1586
186 16 1679 486 318 1530 1847
187 72 514 1129
188 34 908 24 1475
189 12 704 38 1936 1351 818
190 39 788 729 1783 285 1342
191 63 733
192 17 782 398 1820
193 89 1813 929
194 99 1179 1638 1076 1187 591
195 100 48 1767 1491 311
196 32 59 191 1164 1588
197 36 1012 168 359 1951
198 22 1620 511 338 1940 1698
199 34 122 1828
200 60 819 729 549 452
201 33 78 1268
202 61 1745 1290 1844 1025
203 25 1013 182
204 54 1188 35 137 1707 900
205 44 315 271 621 1131 787
206 47 1249 1293 1461 1040
207 87 63 329 1641
208 80 1278
209 59 976 1956 776 346 223
210 14 1347 1028 1813 281
211 15 281
212 68 1784 206 1701
213 23 109 933 964 766 569
214 36 643 1120 122
215 5 478
216 15 829 550 598 1089
217 100 1413 1164
218 80 599 1956 230 1412 1963
219 61 1942 885 445 228
220 33 1596 165
221 63 89 784 421
222 16 863
223 74 705 645 601
224 41 1478 1408
225 86 481 513 247 801 1784
226 95 1993 1452 639
227 45 1188 422 842
228 90 1632 1265 1163 1373
229 29 214 525
230 26 817 333 1078 1605 577
231 100 1127
232 81 919 1671
233 39 1384 1180 1165
234 20 725 689 691
235 97 1934 1993 1040 453
236 65 263 172 932
237 53 302 319 1410 1552
238 85 383 1231 616
239 65 1121 1016 1468 991
240 70 1207 1043 300 1904
241 86 96 1366 1813 495
242 26 27
243 16 171 432 1393 1689 1865
244 94 1976 219 726
245 52 842 1787 1502
246 51 1874 917 1929 226
247 40 1261 620 1926 1637 1568
248 65 442 1405 1130 571 564
249 10 744 536 212 480
250 33 1907 339 1105 1059 430
251 47 1666 953 1238 1742
252 10 653 4 952 812
253 73 160
254 96 1124 1267
255 71 898
256 28 1645 1127 793
257 5 1827 36 1139 1518 1724
258 52 1977 1393 1653 916
259 97 259 1908 1135
260 76 1749 577 540
261 49 815 601
262 21 893 375 802 596
263 84 1236 890 1060 1890
264 46 698 1864 1305 855
265 30 1991 1634 1586 713
266 1 537 174 736
267 19 138 207
268 60 153 1054 1271
269 4 1204
270 58 842 711 848 1069
271 29 35 1669 1599
272 11 1784 29
273 18 1781 1389 1249 276
274 49 1545 1592 804 426
275 91 1607 1523
276 36 802 779 1851
277 12 1619 1386
278 60 1962
279 72 1210 464 1224
280 14 1992 1413 1747 372 1669
281 95 1880 304 1743 1425
282 17 917
283 79 1227 1596 1088 1938 979
284 82 328 1739 96 996
285 28 455 400
286 37 960 986 70 1414
287 60 652 433 1174 883 1176
288 38 1028
289 66 1060 225 1473
290 28 905
291 81 1674
292 37 929 698
293 31 1608 707
294 21 1940 1388 613
295 98 1925 1796
296 45 1744 137 323
297 88 1208 245 284
298 58 235 759 1460 1216 625
299 39 499 1080 292 1919
300 95 468 490 1891
301 43 1394 1480 333
302 13 146 1603 484 1862 1472
303 29 884
304 35 569 1346 1321 1187
305 67 1985 1343 262 534 411
306 58 1991 1873 298
307 97 950 1171
308 24 711 1330 641 1710
309 83 756 579 1751 1480
310 65 146 1216
311 9 303 1247
312 17 861 1217 288 360 1265
313 77 894 602 90 1119 1707
314 35 1597
315 1 1717 1092 621 212 306
316 45 1066 1309 426 900
317 12 1643
318 22 1654 1257 297 167
319 3 457 1113
320 20 428 212 1948 527 1500
321 88 1304 199 1610 1885 49
322 37 1123 1838 1376 857 1032
323 38 1624 560
324 93 34 953 578 1063
325 67 1581 1533 59
326 43 1012 1957 1627
327 26 363
328 55 670 1767 697 1181
329 67 1077
330 56 1824 1259
331 26 791 1476 1181
332 60 1746 1846 82 213
333 54 1793 1322
334 11 1362
335 4 1796 485 1330 1614 322
336 14 494 1680 1977 500 1982
337 18 1178 955 294
338 48 1969 1
339 40 1798 1644 981
340 16 1497 275
341 47 1521
342 23 117 909 1550
343 79 1299 1469 1306
344 65 1271
345 8 671 1373 1981
346 61 546 999 1955 1820
347 58 1903 1633
348 99 570 1758 550
349 83 859 1241 1313
350 45 367 1240 1970
351 54 1717 1629
352 12 570 853
353 78 1770
354 19 484 1217 1326 792
355 73 383
356 14 22
357 41 1634 1401 843 184
358 72 275 345 1039 824 72
359 92 1718 690 920 1440
360 42 209 791 823 833
361 56 262 805 1626
362 35 1930 877 1712
363 83 866 349 124 989 21
364 3 1267 1697 469 1763 1997
365 53 1449 1536
366 63 389 434 168 1302 292
367 46 635 240 1106
368 92 138 1434 1353 1786 1184
369 90 654
370 99 1219 1986
371 50 1155 127
372 29 1116 1656 1055
373 28 1417 1426 159 693
374 5 1997 834 87
375 3 866 70 844
376 8 255 1269
377 32 1473 980 1137 1332 1198
378 100 257
379 63 387 124 1106 475
380 27 451
381 18 1024 938 66
382 94 585 1960 1399
383 30 1460 485 247
384 28 912 1717 34 20
385 40 1468 1395 656 1209
386 37 1393 497 368
387 90 1083 583 657
388 40 144 914
389 21 1064 1943 631 1786 156
390 21 911 1351
391 49 481 1652
392 86 1128 510 856 1386 218
393 19 313 1346 1922 35
394 33 1371 1544 1994 1001 353
395 2 1112 801 1883
396 41 336
397 74 1184 770 171 1430 876
398 72 1590
399 61 548 322 786
400 14 271
401 34 1473 125 836 1076
402 18 884
403 14 609
404 55 1642 546 1547 1968 808
405 99 5
406 42 1562 298 1380 1540 1861
407 62 1961 104 1714 370
408 5 1776 806
409 13 104 202 597 1969 634
410 25 759 1182 874 1803 1859
411 32 1741 1423
412 59 1306 1555
413 4 893 1350 1109 891
414 86 1974 839
415 96 756 1534 1991 1792
416 81 3 1266 1611 1674 1435
417 89 1326 52 1141 28 1310
418 34 782 1837 328 1763 1194
419 26 1391
420 45 1912 1125 725 917
421 72 1451
422 21 833 1528 861 1413 1536
423 13 1333
424 97 1234 1406 434 1929 829
425 86 1996
426 42 195 1126 1898
427 90 616 69
428 97 1574 1714
429 55 1677 801
430 82 1110 1888 159 174 430
431 86 1677 1523 671 1787
432 84 1284 1556 1807 751
433 1 908
434 11 209 524 420 1542
435 34 667 478 734 684
436 1 1308 875 1856 159
437 21 1406 667 404 1592 1322
438 99 890 1031 838 493 355
439 39 1543 12
440 4 1970
441 37 1531
442 67 762 1582 1354 411
443 70 638 741
444 9 1815 1883 666
445 24 768 1558 1526
446 13 968 610 840 579 1487
447 6 1899 53 775
448 4 169 643 1593 600 1776
449 45 888
450 82 855 1153 1558 462
451 87 1466 107 104
452 91 199 386 140 1598
453 18 308 566 1881 147
454 13 1764 1015 657 420 1398
455 79 1750
456 83 1344 1717
457 77 699 1238 1371 1732
458 5 1396 1808
459 8 808 1383 1121 529 1735
460 82 75 1842
461 25 134 828
462 7 215 118
463 49 828 187 826 478 1023
464 76 776
465 94 1060 468
466 66 1440 1598
467 82 728 955 237 1022 312
468 19 1330 1523 1789 79 567
469 19 1614 804 912 56
470 67 1319 1376 634 1671 1418
471 75 1102 1255
472 40 914 1401 947 859 1314
473 86 1366 489 369 429 622
474 90 62
475 10 125 1915 818 1143
476 35 1726
477 75 1819 228
478 53 766 1782 1050 1503
479 16 10 1973 1476
480 38 1452 1974
481 13 977
482 19 833 425 1434 830
483 58 1377
484 21 1245 278 125 1701 730
485 4 285 1781
486 72 297 801
487 8 320 1248 131 781 1084
488 69 483 1935 188 652
489 36 475 322 1784
490 19 121 1512 1041 1548
491 83 1663 54 993 992
492 78 1590
493 75 1595 1297 253 1043 1585
494 61 1395 50 101
495 76 907 1173 390
496 10 1765 1952
497 6 798 1367 1611 31 21
498 80 243 1236 55 1127 1298
499 29 1906 907 325 475
500 81 1088 1845 1055 1134
501 50 1180 1108 140 285 1570
502 92 1371 804 476 726 1594
503 12 1457
504 24 1013 368 149 429
505 76 164 94 1951
506 87 921
507 41 1436 1019 35 60
508 73 1103 853 1143 1924 436
509 58 425 157 1332
510 72 429 514
511 80 297 350 1518
512 79 369 1475
513 68 1676 1811 1033 298 92
514 90 826
515 13 1720 1515
516 44 1171 1363 933 1002
517 23 1087 1736 383 401 1574
518 87 147 669 45 1487 801
519 74 507 311 251
520 55 444
521 9 1570
522 31 675 754 621 1944 1696
523 97 1385 1473 1548 1894
524 47 171 137 453 1027 295
525 79 1185
526 57 1548 698 1079
527 85 765 1527 908 1266
528 28 1026 1972
529 58 468 1250 941
530 61 228
531 86 1627 1616 556 346
532 34 1628 1310 1270 391 878
533 29 666
534 35 888 1379
535 95 1593 100 1727 1810 608
536 93 1232
537 10 543
538 85 1743 1276 55
539 35 27 1244 1377 1634
540 59 1849 815
541 29 1325
542 86 645 1778 223 572 353
543 38 1944
544 80 1908 876 1637 1288 1354
545 54 1275 85 1039
546 64 1122 940 1437 1745 1725
547 47 1870 24 1799 1517
548 42 88 1329
549 29 1387
550 40 1715 1973 229 1403 1275
551 56 113 657 143
552 27 1473 25 887 699 370
553 80 1981 1256 1590
554 96 68 375 540
555 7 357
556 50 563
557 25 1218 1181 13 632
558 18 1353 811 1939 407 802
559 80 1906 118
560 88 1665 570
561 100 1608
562 47 471 467 237
563 37 239 1068 1009
564 97 848 923 826 1509 847
565 100 624
566 74 569 587 1435 1250 430
567 76 1550 505 499 1863
568 74 1270 1436
569 50 777 1786 139 691
570 37 642 1067 1852 372 437
571 12 731 1162 1874 888 1426
572 43 5 1847 451
573 91 590 1832
574 34 987 991 590 1163
575 27 895
576 13 1751 1014 1654 1410 442
577 21 1546
578 21 1656 1713 1530 1036 1837
579 66 585
580 82 1132 794 1446 1762 897
581 96 933 1466 1103
582 18 1498 1657 137 262
583 41 365 116
584 75 755 839 835 1621
585 42 547
586 56 1528 886 1074 816 1949
587 54 826 400 1693 552
588 50 1476
589 22 1332 1593 1255
590 66 1154 80 1022
591 56 1967 659 1654 551
592 87 1170 1535 1379 1918 1474
593 47 1065 1222 245
594 71 1411 245 324 351 935
595 37 1272 1804 253 502 1508
596 60 116 1225
597 95 1864
598 17 1257 333
599 39 1588 1346 963 768
600 60 516 988
601 1 1376
602 21 1646 1765 1227
603 12 1274
604 8 1103 756 1398
605 37 787
606 38 79
607 71 1018
608 48 285 1551 663
609 80 1914 223 1160 422
610 39 275 253 1156 1587
611 18 1831
612 67 492
613 1 673
614 78 1794 193 1415 516
615 12 558 373 246
616 86 539 1387 1699 424
617 97 702 144 37 139 240
618 19 464 963 727
619 66 1933 1788 513
620 62 1129
621 55 334 1997
622 7 1777
623 77 1162 1455 913 1101 1933
624 59 1944 162 1053
625 12 658 736 1217 641
626 61 733 197 397 1761 1570
627 56 216 667
628 19 1453 154 1554 1989 1662
629 67 343 873
630 48 568 1521
631 17 344 470
632 25 1226 516
633 40 1065 1848 867
634 14 574 1656 1444 1506
635 29 1751 900 1513 649 1861
636 9 476 1090 1034 376 561
637 71 1929 1616
638 28 1951 498 1474 1522
639 98 1295 1410 262
640 65 545
641 85 860
642 5 874 1285 178 1436
643 51 94
644 76 1069 641 547 959 830
645 100 43
646 23 1105 225 508 232 1180
647 81 16 1812
648 90 1826 1013
649 37 1227 1675 484
650 44 1901 693 1876 328
651 99 1546 414 1478 515 40
652 91 88 903 487
653 72 797 1339
654 9 1679 982 1897 1273 661
655 73 1680
656 78 1239 1432 800 88 550
657 45 752 544 501
658 66 1945 1276 522 362 1409
659 68 1778 1528 1037 42 1641
660 68 800 229
661 56 1574 218 1826 164 416
662 15 1972
663 23 497 455 1054
664 38 823 1749 426 1217
665 91 711 1361 1890 704 1159
666 36 32
667 89 142 914 1245 1541
668 12 1337
669 65 1918 1522 640 143 732
670 27 1368 1661
671 89 1880 22
672 21 821 1141
673 2 238 1953 91 1716 1270
674 64 479 957 207 1747 1323
675 81 1068 1618
676 61 1703 1344 356 1625 1204
677 28 473 312 1802
678 36 1490 1424 1558 418
679 30 945 1118 503
680 87 1098
681 50 1010
682 39 510 1876 1618 926
683 7 346 459
684 10 672 1445 435 1635
685 43 305 1418 751 599
686 23 757 687 239 1951
687 25 1599 1868
688 77 1562 223 426 1404
689 34 196 864 83
690 60 740 875 456 1128 1689
691 22 1635 1199
692 79 403 1031
693 68 1370
694 64 1157 495 524 489 41
695 4 213 802 1355 1124
696 59 1323 762 411
697 48 1204 31 1666 881
698 35 1831 1554 530 1586 308
699 98 1307 1489 110
700 28 504 137
701 5 1344 793 409 1745
702 49 1499 1787 1366 872
703 27 114 1489 428 1108 111
704 43 928 867 321 1993 951
705 55 1404
706 98 34 1139
707 36 1061
708 60 416 1701 231 998
709 57 1533 1066 1364 1166
710 26 1642 1199 1780
711 66 1974 1762
712 23 1865 1743 235 807
713 25 986 1882 536 1697
714 39 1755
715 72 1617 605 1524 1346
716 30 1278 1158 993 1253 623
717 53 1778 1062 1255 1377
718 1 1775 1065
719 29 1796 11 1762 757
720 92 1438 1044 1252
721 61 1258 1801
722 90 1450 1014 882
723 27 301
724 17 740
725 65 1970 469 421 318 541
726 62 1875 345 1835
727 22 160 830 1692
728 18 320 1940 381 1768 1107
729 70 172 1369 125 239 1330
730 78 500
731 29 703 234 1690
732 80 1898 1141
733 93 482 267 203 1745 651
734 23 1187 63 867 741
735 87 228 365
736 59 1463 1692 1074 1261 1128
737 60 1577 1038 1364 1313
738 61 1474
739 89 1514 1918 1873 560 806
740 60 262 1539 885 1015
741 41 362 721 201 1130 264
742 55 821 1976 1690 1126
743 46 1905 669
744 78 390
745 74 670 1202 1814 1048 1103
746 63 1354
747 27 1630 299 1287 43
748 37 1986 941 24 1033 951
749 27 1648 137
750 72 1927 1013 926 1483 441
751 61 660 1842 1972
752 44 324 187 1089 330 211
753 12 1985 1874
754 13 1571 790 771 1342 1031
755 91 955 838 731 1936 1105
756 73 1449
757 96 427 40
758 81 491 263 1195 1874 61
759 78 1903 1755 438 1825 1941
760 82 824 185 1933 1610 1994
761 73 1663 510 1103
762 9 1147 1708 1919 1188
763 57 962 1742 748 1067 966
764 63 1400 1031 743 1465 973
765 91 1914
766 4 1153 1113 1923
767 4 802 885 487
768 7 750 444 355 1294 1918
769 69 708 435 1162
770 65 662
771 80 1447 1518
772 69 1481 1384 1303 259
773 12 1864 1789 764 723
774 52 292 1495
775 75 834 1442
776 30 946 24 1629
777 25 168 808
778 45 1009 1221 727
779 61 738
780 38 676 620 545 97
781 1 1120 640
782 1 939 1883 1189 726 1437
783 8 1828
784 87 1140 475 1963
785 50 1455 1791 402 259
786 35 1761 1399
787 15 114 379 1587
788 36 717 382 1051 1703 736
789 98 579 247
790 13 350 1987
791 94 778 822
792 21 1475 613 1189
793 28 1121
794 13 1952 153 1988 272 250
795 90 594 1583 273 889
796 84 1498 426
797 42 302 1850 784
798 42 1248 1485
799 49 966 465 1728 562
800 25 371 1607 555
801 38 823 320 334 1582 540
802 84 1943
803 52 187 652 249
804 78 685 1515 981 631 1437
805 39 1254 410 1043 1162
806 33 549 230 161 394
807 34 1547 1426 169 180 295
808 24 887
809 15 741 80 1500
810 41 1051 1352
811 67 388 95 1047 572
812 47 433 1024 756
813 55 522
814 63 1855 1378
815 36 1160 1068 1308 1562
816 99 1655 841 1047
817 69 1702
818 51 1579 944
819 47 886 287 265 314 47
820 12 590
821 39 1486
822 57 1872
823 71 947 990
824 25 725 27 302
825 92 1653 923 781 933 1169
826 87 87 403 887
827 55 443
828 13 230
829 59 502
830 91 1694 1797 488 1139 293
831 94 917 438
832 63 1340 546
833 9 583 1766 1390
834 40 31 262
835 64 1840 317 770 328
836 66 265
837 39 855 1444
838 84 1168 1017 1198 291
839 25 754
840 35 403
841 80 1115 115 138 1170
842 70 892 1545 1905
843 1 584 1229 577 223 402
844 36 1995 1686 686 811 178
845 49 705
846 7 1073
847 75 1752 1309 1767 1848 1290
848 7 1350
849 32 1712 1312 266 593
850 48 1130 1133
851 41 830 432 1535 141
852 82 1388 353 890
853 82 403 1179 1252
854 7 655 1896 1252 253 123
855 65 1461 341 204 89 639
856 12 1096 953
857 68 113 1692 82 1636
858 42 1995 190 386 526
859 38 440 1163
860 16 600 1714 121 1797 452
861 85 870 1059 1184 717 989
862 52 284 1513
863 11 252 937 1957 1060
864 79 1266 1867 1280
865 23 1624 1082 1098
866 60 486 298
867 24 724 1419 199 654 628
868 64 910 974
869 95 470 971
870 7 95 1021
871 29 915 1698 126 1170
872 47 553 712
873 73 1377
874 5 332 542 527 794 957
875 27 152 1212 1968 1362 1784
876 28 901 1377
877 53 1986 1198
878 55 1977
879 86 577 1255 565 34 1408
880 43 1236
881 83 1285 1965 565 692
882 10 429 945 589 706 1873
883 75 782 944
884 29 685 1164 276 1630 1985
885 5 1298
886 50 1528 1301 476 1080 486
887 14 1503 1913
888 21 1039
889 100 1095 1220 1410 1682
890 36 1052
891 50 190 1481
892 82 1860
893 100 1090 1639 685
894 8 360 563 34 1071
895 68 1049 791 1493 330 815
896 13 387 1779 1886
897 8 901 1796 414 1739 1911
898 19 1022 1034 890
899 2 1605 978 325 414
900 100 1858 1373
901 93 27 743 1378 894
902 63 147 8 1826 663
903 71 946 1911
904 21 1924
905 98 1197
906 78 1709 1203
907 50 962 869
908 18 1885
909 46 1017
910 71 1319 1830 644
911 23 1296 386 924
912 85 1435 1318 1525 270 1148
913 78 345 1033 708 1214 489
914 61 311 1539 896
915 32 1871 2000
916 35 510 32
917 59 204 678
918 38 1952 1203 655
919 86 1981 1697 535 1493 903
920 63 1398 935 480 237
921 54 1816
922 90 1349
923 53 1134 538
924 55 1383 1491 565 104 1506
925 34 312 931 594 1687 1765
926 5 1265
927 55 1393
928 81 1338 1448
929 100 1737 701
930 94 1745
931 98 1840 715 660
932 56 892 791
933 30 933
934 85 552
935 45 1230 252 27 1302 447
936 46 1685 1115 472 1911
937 76 1969 1903
938 27 1014
939 60 240 1862 406 1042 1555
940 90 369 1808 732
941 72 268
942 17 32 645
943 62 63 208
944 89 1397 1718
945 100 389 1500
946 84 1637 203 290 120
947 39 182 295 1858 191
948 16 1462
949 54 1680
950 33 1440
951 58 610 1274 952 622 1364
952 58 1259 1333 1400
953 69 1106 229
954 19 901 708 528
955 55 1160 1721
956 66 281 754
957 15 1734
958 45 1316 1168 849
959 29 997 93
960 97 677 1601 847
961 64 709 1850 1156 1462
962 30 1531 698
963 52 1790 1751 231 843 1557
964 78 37 207 1530
965 41 281 1498
966 1 1284
967 100 847 1122 696 754 923
968 57 71 1905
969 24 712 908
970 71 1171
971 77 447 1942 1687
972 17 1073 1669
973 45 544 781 44 958 1580
974 44 521
975 97 1201
976 3 98 430 1187
977 7 1944
978 67 1459 1300
979 76 1985 1152 1945 1081 1823
980 21 194 169 1078 877 190
981 2 1988 1325 1884 1704
982 38 140 394 1789 1087
983 38 932 1608 410 381 1508
984 70 842 1941 1642 249 108
985 13 61 1682 1617
986 9 1999 1633 196 1670
987 62 281 1708
988 61 1383 1148 1216 595 1269
989 3 823 1315 506
990 93 1788
991 66 744
992 55 1955 842
993 95 572 1039 279 951
994 73 1685 1616 112
995 20 863 1841 479 1512
996 60 1247 234 1732 1223 504
997 1 1559 936 1502
998 64 1145 33
999 98 979
1000 45 1755 857
