2000 50
1 2 978
2 29 116
3 9 146
4 23 622
5 39 808
6 29 224
7 38 44
8 35 21
9 41 326
10 32 972
11 23 821
12 29 983
13 49 917
14 13 573
15 32 664
16 31 726
17 24 200
18 2 497
19 24 986
20 16 343
21 18 118
22 15 575
23 21 148
24 39 570
25 31 30
26 6 653
27 26 833
28 12 595
29 11 373
30 31 460
31 30 149
32 34 989
33 18 688
34 25 78
35 48 90
36 32 178
37 36 66
38 15 559
39 31 515
40 47 508
41 36 108
42 18 427
43 17 864
44 10 559
45 33 225
46 43 917
47 41 664
48 4 706
49 49 111
50 15 903
51 8 338
52 17 649
53 6 227
54 36 221
55 24 590
56 25 515
57 49 592
58 38 168
59 32 108
60 12 449
61 47 790
62 14 624
63 46 630
64 32 302
65 5 296
66 26 467
67 10 46
68 10 554
69 44 857
70 41 787
71 45 299
72 39 160
73 2 695
74 26 548
75 6 197
76 37 939
77 28 274
78 39 593
79 27 170
80 38 99
81 10 516
82 36 453
83 39 381
84 41 249
85 43 961
86 49 749
87 26 310
88 38 129
89 30 981
90 25 690
91 7 203
92 28 126
93 35 536
94 29 121
95 49 178
96 29 207
97 23 72
98 37 73
99 26 410
100 20 907
101 23 512
102 2 727
103 31 66
104 34 626
105 17 18
106 30 486
107 8 38
108 10 670
109 24 135
110 26 104
111 2 254
112 30 873
113 19 410
114 49 485
115 35 460
116 30 735
117 43 586
118 12 216
119 22 194
120 34 370
121 38 49
122 39 752
123 11 683
124 42 915
125 20 788
126 23 370
127 14 817
128 28 765
129 44 578
130 25 467
131 18 378
132 33 600
133 35 467
134 4 715
135 44 401
136 39 556
137 31 797
138 34 980
139 23 333
140 14 569
141 9 535
142 42 186
143 45 154
144 24 316
145 25 598
146 9 274
147 24 145
148 38 371
149 45 49
150 48 729
151 8 441
152 7 175
153 20 126
154 33 223
155 8 802
156 15 565
157 31 119
158 14 598
159 44 769
160 23 41
161 3 315
162 22 437
163 11 679
164 7 642
165 34 95
166 26 385
167 40 42
168 36 880
169 2 279
170 46 659
171 21 146
172 43 672
173 4 684
174 50 893
175 35 867
176 18 949
177 24 516
178 45 46
179 14 601
180 5 759
181 16 665
182 50 641
183 18 890
184 27 421
185 15 253
186 5 227
187 13 178
188 7 337
189 44 655
190 13 429
191 31 331
192 25 935
193 2 730
194 40 248
195 34 453
196 35 15
197 32 654
198 1 540
199 23 846
200 23 952
201 30 375
202 42 269
203 40 108
204 1 673
205 50 216
206 42 13
207 35 952
208 35 270
209 40 650
210 15 118
211 21 928
212 44 244
213 21 380
214 4 518
215 44 518
216 23 830
217 4 794
218 15 486
219 3 961
220 38 581
221 25 645
222 31 690
223 47 637
224 30 488
225 22 712
226 42 377
227 18 983
228 34 280
229 50 41
230 25 747
231 4 778
232 11 898
233 25 881
234 31 861
235 46 602
236 21 691
237 39 348
238 22 212
239 32 96
240 19 195
241 20 534
242 39 644
243 17 888
244 38 650
245 40 124
246 19 386
247 35 634
248 34 31
249 22 810
250 9 433
251 40 274
252 5 523
253 34 74
254 25 998
255 5 547
256 24 173
257 27 38
258 5 862
259 24 859
260 22 26
261 30 166
262 32 527
263 15 371
264 11 543
265 47 595
266 4 136
267 1 576
268 43 172
269 30 948
270 20 488
271 43 714
272 21 136
273 7 214
274 12 961
275 30 882
276 41 703
277 16 119
278 17 635
279 22 610
280 16 944
281 38 639
282 14 414
283 46 653
284 43 914
285 14 183
286 14 581
287 4 255
288 16 637
289 18 723
290 39 886
291 35 882
292 44 941
293 4 883
294 22 61
295 38 19
296 8 986
297 18 495
298 34 446
299 25 682
300 26 216
301 48 839
302 13 401
303 5 945
304 15 648
305 12 135
306 1 708
307 14 607
308 33 379
309 1 185
310 29 961
311 35 937
312 11 504
313 4 362
314 37 708
315 29 301
316 1 322
317 16 469
318 20 559
319 6 731
320 26 442
321 20 561
322 40 656
323 10 319
324 17 98
325 36 462
326 10 158
327 29 45
328 4 204
329 40 322
330 49 36
331 25 832
332 5 453
333 6 855
334 20 608
335 13 90
336 37 562
337 19 326
338 4 279
339 47 666
340 29 849
341 31 327
342 46 890
343 28 196
344 35 921
345 28 46
346 40 526
347 33 330
348 4 725
349 41 21
350 19 106
351 31 882
352 1 903
353 19 24
354 11 457
355 30 874
356 30 631
357 31 93
358 48 284
359 1 391
360 10 156
361 6 794
362 47 298
363 1 152
364 24 11
365 2 834
366 45 487
367 24 193
368 32 941
369 47 702
370 17 690
371 18 441
372 50 20
373 38 439
374 7 436
375 44 618
376 45 291
377 13 404
378 27 808
379 8 274
380 38 700
381 28 94
382 27 620
383 40 311
384 11 508
385 37 980
386 41 836
387 42 685
388 24 314
389 17 961
390 28 26
391 28 785
392 47 228
393 7 120
394 30 654
395 11 62
396 35 758
397 28 791
398 4 847
399 4 387
400 50 800
401 38 482
402 37 268
403 14 316
404 7 526
405 9 673
406 9 961
407 21 902
408 1 925
409 49 497
410 24 130
411 49 320
412 42 905
413 40 234
414 44 499
415 23 595
416 40 268
417 19 377
418 33 148
419 15 279
420 48 491
421 4 170
422 41 889
423 49 331
424 2 759
425 18 620
426 19 610
427 31 172
428 39 590
429 26 294
430 23 152
431 13 823
432 7 468
433 25 743
434 43 933
435 43 538
436 44 214
437 35 770
438 35 669
439 47 649
440 29 591
441 46 713
442 26 846
443 35 353
444 8 124
445 28 214
446 27 191
447 18 866
448 6 307
449 7 749
450 22 817
451 42 184
452 50 865
453 32 840
454 18 309
455 18 639
456 19 89
457 3 330
458 22 26
459 10 929
460 19 758
461 39 473
462 3 917
463 6 751
464 15 167
465 25 24
466 50 281
467 30 405
468 1 193
469 12 94
470 45 471
471 2 104
472 1 382
473 40 854
474 48 191
475 39 990
476 12 726
477 22 35
478 14 438
479 14 476
480 49 359
481 16 329
482 12 125
483 38 882
484 21 57
485 30 464
486 9 984
487 48 34
488 20 768
489 22 832
490 21 991
491 19 573
492 3 688
493 40 630
494 26 898
495 10 572
496 14 488
497 1 570
498 47 178
499 16 205
500 22 510
501 21 18
502 2 604
503 7 578
504 44 853
505 30 411
506 3 11
507 26 435
508 34 759
509 27 139
510 38 336
511 8 66
512 42 275
513 33 288
514 23 627
515 45 410
516 44 746
517 20 578
518 25 315
519 37 474
520 7 355
521 2 167
522 38 270
523 38 856
524 19 348
525 21 842
526 36 67
527 23 610
528 24 161
529 8 259
530 9 755
531 5 943
532 10 475
533 38 77
534 33 33
535 22 93
536 25 384
537 39 456
538 50 230
539 36 675
540 10 112
541 7 748
542 26 436
543 45 62
544 25 483
545 42 863
546 11 569
547 15 363
548 44 104
549 12 171
550 44 618
551 16 409
552 13 800
553 39 607
554 5 75
555 47 141
556 36 383
557 38 400
558 2 633
559 43 325
560 11 750
561 49 264
562 12 981
563 12 910
564 35 834
565 22 463
566 41 647
567 22 514
568 20 488
569 32 461
570 19 654
571 26 934
572 35 108
573 2 583
574 31 268
575 15 260
576 27 83
577 49 645
578 11 917
579 17 902
580 12 880
581 29 337
582 18 47
583 49 340
584 44 310
585 21 288
586 21 161
587 34 245
588 27 460
589 21 167
590 38 678
591 36 117
592 9 48
593 20 993
594 13 47
595 7 299
596 40 595
597 12 122
598 23 24
599 46 822
600 1 237
601 12 531
602 36 849
603 8 565
604 35 476
605 23 721
606 37 94
607 41 399
608 12 222
609 12 484
610 28 575
611 39 808
612 12 922
613 34 298
614 25 48
615 19 174
616 7 981
617 43 511
618 5 500
619 37 172
620 45 403
621 29 802
622 25 97
623 8 775
624 24 264
625 24 257
626 35 962
627 11 57
628 33 537
629 45 789
630 23 479
631 22 837
632 18 340
633 8 67
634 13 10
635 7 447
636 21 657
637 34 141
638 12 959
639 4 15
640 27 213
641 34 757
642 37 978
643 22 999
644 44 214
645 48 114
646 10 585
647 41 712
648 39 85
649 14 754
650 20 37
651 43 494
652 41 467
653 9 20
654 44 342
655 45 419
656 8 482
657 31 457
658 2 99
659 46 638
660 39 423
661 16 814
662 26 523
663 48 414
664 38 16
665 48 946
666 29 906
667 39 364
668 28 217
669 21 79
670 2 224
671 9 661
672 27 41
673 34 157
674 8 131
675 50 168
676 20 439
677 2 675
678 34 342
679 4 409
680 23 844
681 34 730
682 18 760
683 8 770
684 23 264
685 24 376
686 30 822
687 26 372
688 7 407
689 49 975
690 13 256
691 8 350
692 28 998
693 12 730
694 47 844
695 13 660
696 1 555
697 23 113
698 7 825
699 38 94
700 3 212
701 6 394
702 44 526
703 48 989
704 27 835
705 11 249
706 14 556
707 17 681
708 23 544
709 20 514
710 9 315
711 33 708
712 8 781
713 17 179
714 2 927
715 5 371
716 46 23
717 34 497
718 1 949
719 42 858
720 21 102
721 1 579
722 9 898
723 20 694
724 4 24
725 5 28
726 19 536
727 9 348
728 18 676
729 16 975
730 18 136
731 50 911
732 10 567
733 12 466
734 43 713
735 21 678
736 49 133
737 30 791
738 26 437
739 4 130
740 43 972
741 16 105
742 14 645
743 50 906
744 49 186
745 17 707
746 25 430
747 39 106
748 17 948
749 14 484
750 17 888
751 39 923
752 40 716
753 46 29
754 28 793
755 32 989
756 18 507
757 17 139
758 21 940
759 15 783
760 29 802
761 28 79
762 16 60
763 23 879
764 37 94
765 14 979
766 19 774
767 3 676
768 33 841
769 27 174
770 33 894
771 18 61
772 35 114
773 42 569
774 47 920
775 35 316
776 20 156
777 8 909
778 14 355
779 9 719
780 19 979
781 29 154
782 20 822
783 20 604
784 35 980
785 45 307
786 17 198
787 46 451
788 49 315
789 13 466
790 34 41
791 9 417
792 26 948
793 4 494
794 40 196
795 18 708
796 22 328
797 2 875
798 20 230
799 6 541
800 46 192
801 25 542
802 46 313
803 32 483
804 27 41
805 4 376
806 43 938
807 30 779
808 48 395
809 7 869
810 23 146
811 1 11
812 36 505
813 24 70
814 45 861
815 30 628
816 47 261
817 34 969
818 12 255
819 50 457
820 50 409
821 19 979
822 7 660
823 17 793
824 6 715
825 17 965
826 37 749
827 16 23
828 22 383
829 11 940
830 29 322
831 46 920
832 29 347
833 4 310
834 22 136
835 33 749
836 33 305
837 34 343
838 16 86
839 42 684
840 12 783
841 14 413
842 40 170
843 23 402
844 32 811
845 34 557
846 37 631
847 18 42
848 7 603
849 29 28
850 10 248
851 4 329
852 48 144
853 43 116
854 26 10
855 23 208
856 33 163
857 7 725
858 8 96
859 27 927
860 15 129
861 45 281
862 23 350
863 41 207
864 15 913
865 32 48
866 42 378
867 7 596
868 17 211
869 7 764
870 45 883
871 2 26
872 28 343
873 38 235
874 31 448
875 21 460
876 41 195
877 4 244
878 37 717
879 3 39
880 26 996
881 43 939
882 12 182
883 26 77
884 17 354
885 2 121
886 18 205
887 31 660
888 18 777
889 17 223
890 45 851
891 19 47
892 9 451
893 42 897
894 15 320
895 38 575
896 1 124
897 41 103
898 10 454
899 50 713
900 33 68
901 48 466
902 34 779
903 20 834
904 26 799
905 10 367
906 49 65
907 25 299
908 16 945
909 1 744
910 5 991
911 45 746
912 39 673
913 8 342
914 19 370
915 5 271
916 18 720
917 13 335
918 45 688
919 4 542
920 27 797
921 30 400
922 7 811
923 16 545
924 11 618
925 16 226
926 21 187
927 6 715
928 45 209
929 11 535
930 26 978
931 38 70
932 31 392
933 44 984
934 18 708
935 32 205
936 13 859
937 21 327
938 17 945
939 20 635
940 16 705
941 37 305
942 2 657
943 22 473
944 11 718
945 39 532
946 19 161
947 30 493
948 1 539
949 41 301
950 14 72
951 26 483
952 46 977
953 4 408
954 23 37
955 16 683
956 2 518
957 13 233
958 41 342
959 43 48
960 35 905
961 42 60
962 50 422
963 16 921
964 1 279
965 6 456
966 25 401
967 12 377
968 36 404
969 2 333
970 18 786
971 12 81
972 48 839
973 45 30
974 29 776
975 5 133
976 47 633
977 11 722
978 34 22
979 37 568
980 49 166
981 15 736
982 7 809
983 36 639
984 34 756
985 13 117
986 46 743
987 10 498
988 32 36
989 23 261
990 13 125
991 42 853
992 27 942
993 43 306
994 41 18
995 24 338
996 5 82
997 17 840
998 36 992
999 37 221
1000 9 859
1001 17 344
1002 34 334
1003 34 716
1004 6 956
1005 31 490
1006 43 699
1007 45 585
1008 22 393
1009 10 300
1010 1 333
1011 23 839
1012 49 422
1013 39 146
1014 13 91
1015 13 289
1016 31 474
1017 19 308
1018 36 588
1019 25 641
1020 18 760
1021 7 121
1022 35 76
1023 43 930
1024 20 440
1025 46 960
1026 45 817
1027 45 501
1028 46 858
1029 24 506
1030 9 139
1031 5 68
1032 24 43
1033 50 243
1034 33 941
1035 39 759
1036 25 520
1037 20 422
1038 17 303
1039 37 650
1040 24 255
1041 37 537
1042 14 376
1043 8 81
1044 7 116
1045 20 25
1046 50 923
1047 27 493
1048 49 113
1049 36 437
1050 4 226
1051 14 782
1052 1 70
1053 45 375
1054 32 877
1055 25 327
1056 2 61
1057 49 326
1058 30 109
1059 4 603
1060 33 360
1061 35 443
1062 9 270
1063 44 101
1064 14 28
1065 32 309
1066 28 473
1067 19 414
1068 36 716
1069 14 174
1070 10 682
1071 31 364
1072 45 87
1073 26 392
1074 28 948
1075 8 380
1076 13 434
1077 34 231
1078 43 16
1079 30 16
1080 38 320
1081 4 196
1082 34 973
1083 37 358
1084 9 240
1085 50 224
1086 20 207
1087 38 532
1088 42 99
1089 21 162
1090 49 73
1091 10 204
1092 10 977
1093 20 280
1094 32 965
1095 18 500
1096 36 210
1097 38 684
1098 3 51
1099 45 42
1100 2 147
1101 29 133
1102 6 339
1103 21 309
1104 15 933
1105 4 870
1106 40 934
1107 6 823
1108 29 511
1109 50 981
1110 38 640
1111 41 188
1112 4 965
1113 11 333
1114 37 164
1115 44 489
1116 8 905
1117 50 267
1118 30 660
1119 19 207
1120 9 408
1121 32 440
1122 39 259
1123 26 925
1124 21 229
1125 47 971
1126 40 191
1127 19 617
1128 34 549
1129 9 115
1130 35 617
1131 41 776
1132 42 33
1133 12 263
1134 37 283
1135 7 972
1136 24 117
1137 34 698
1138 45 950
1139 36 336
1140 41 236
1141 12 846
1142 43 798
1143 37 455
1144 45 64
1145 24 325
1146 19 327
1147 48 135
1148 31 720
1149 38 88
1150 48 474
1151 16 116
1152 42 424
1153 36 454
1154 9 584
1155 10 373
1156 44 24
1157 2 33
1158 17 165
1159 9 573
1160 16 129
1161 14 969
1162 23 438
1163 26 262
1164 1 209
1165 37 331
1166 25 470
1167 45 443
1168 41 820
1169 16 240
1170 13 834
1171 19 666
1172 50 946
1173 6 416
1174 21 541
1175 5 601
1176 32 683
1177 43 293
1178 25 153
1179 26 879
1180 32 849
1181 38 679
1182 39 814
1183 33 295
1184 11 388
1185 43 325
1186 26 55
1187 41 743
1188 30 30
1189 27 292
1190 35 877
1191 22 629
1192 36 571
1193 4 530
1194 47 837
1195 10 585
1196 12 411
1197 37 959
1198 22 895
1199 7 513
1200 39 984
1201 4 50
1202 48 558
1203 28 393
1204 14 617
1205 13 66
1206 34 143
1207 6 766
1208 48 268
1209 31 842
1210 39 785
1211 48 262
1212 4 177
1213 36 459
1214 12 728
1215 35 199
1216 34 402
1217 44 900
1218 4 476
1219 22 176
1220 33 627
1221 2 364
1222 8 878
1223 31 27
1224 36 918
1225 32 932
1226 26 908
1227 29 469
1228 1 448
1229 2 279
1230 32 433
1231 27 288
1232 24 66
1233 48 91
1234 16 925
1235 2 525
1236 24 193
1237 50 296
1238 14 89
1239 29 783
1240 25 667
1241 15 810
1242 4 372
1243 11 619
1244 12 431
1245 22 169
1246 4 348
1247 36 491
1248 7 962
1249 12 411
1250 39 925
1251 15 250
1252 4 500
1253 24 219
1254 29 449
1255 35 145
1256 36 308
1257 45 50
1258 14 132
1259 38 127
1260 13 974
1261 28 234
1262 16 782
1263 5 443
1264 6 297
1265 17 521
1266 26 986
1267 23 102
1268 37 54
1269 41 259
1270 48 537
1271 11 10
1272 47 554
1273 4 743
1274 10 486
1275 17 844
1276 49 469
1277 18 134
1278 43 360
1279 19 726
1280 32 764
1281 43 116
1282 37 172
1283 13 851
1284 45 342
1285 7 100
1286 9 555
1287 3 731
1288 26 609
1289 6 445
1290 3 89
1291 1 293
1292 18 607
1293 20 182
1294 2 11
1295 44 558
1296 50 147
1297 26 628
1298 41 935
1299 37 745
1300 8 711
1301 2 1000
1302 8 623
1303 39 196
1304 2 287
1305 48 586
1306 49 732
1307 2 741
1308 43 471
1309 19 519
1310 19 485
1311 17 795
1312 1 538
1313 45 484
1314 9 960
1315 16 887
1316 44 326
1317 21 453
1318 2 635
1319 48 679
1320 1 195
1321 29 107
1322 42 267
1323 22 660
1324 19 804
1325 39 950
1326 18 622
1327 28 95
1328 45 60
1329 45 457
1330 48 798
1331 40 476
1332 36 524
1333 31 488
1334 6 527
1335 22 835
1336 15 584
1337 3 712
1338 13 848
1339 48 603
1340 34 178
1341 26 951
1342 13 811
1343 26 331
1344 50 614
1345 49 197
1346 13 542
1347 7 388
1348 37 702
1349 21 810
1350 17 267
1351 34 38
1352 31 645
1353 19 311
1354 25 110
1355 35 654
1356 34 460
1357 5 766
1358 9 892
1359 37 343
1360 3 747
1361 39 740
1362 22 844
1363 4 875
1364 32 363
1365 35 622
1366 22 896
1367 29 502
1368 28 214
1369 48 892
1370 15 965
1371 36 225
1372 36 783
1373 12 33
1374 1 344
1375 32 525
1376 4 375
1377 19 649
1378 33 72
1379 12 749
1380 50 227
1381 47 164
1382 43 974
1383 41 397
1384 14 920
1385 3 774
1386 34 679
1387 18 909
1388 3 136
1389 7 861
1390 13 568
1391 7 757
1392 6 764
1393 30 349
1394 9 689
1395 25 507
1396 40 914
1397 14 693
1398 46 333
1399 1 928
1400 33 688
1401 10 11
1402 38 602
1403 14 412
1404 19 68
1405 21 488
1406 30 91
1407 33 752
1408 8 943
1409 31 391
1410 8 980
1411 15 564
1412 12 401
1413 6 632
1414 34 305
1415 44 263
1416 12 130
1417 13 166
1418 27 91
1419 34 809
1420 6 413
1421 1 256
1422 15 157
1423 2 972
1424 24 110
1425 47 656
1426 46 388
1427 1 482
1428 47 881
1429 36 206
1430 45 701
1431 41 98
1432 2 397
1433 15 909
1434 27 54
1435 15 568
1436 14 163
1437 41 866
1438 18 385
1439 22 751
1440 18 53
1441 32 591
1442 22 539
1443 48 87
1444 5 25
1445 18 303
1446 32 43
1447 10 760
1448 48 423
1449 34 488
1450 6 271
1451 24 318
1452 16 195
1453 8 205
1454 11 37
1455 32 288
1456 24 102
1457 39 798
1458 19 700
1459 7 385
1460 1 405
1461 35 672
1462 15 348
1463 9 167
1464 7 352
1465 34 409
1466 31 841
1467 39 718
1468 31 830
1469 5 110
1470 32 889
1471 45 193
1472 6 943
1473 4 176
1474 40 436
1475 35 586
1476 11 830
1477 7 900
1478 44 854
1479 1 79
1480 46 486
1481 22 93
1482 18 453
1483 28 202
1484 27 695
1485 15 797
1486 19 347
1487 22 357
1488 6 122
1489 21 196
1490 47 273
1491 45 311
1492 39 479
1493 17 266
1494 30 480
1495 38 152
1496 42 800
1497 25 979
1498 8 161
1499 11 205
1500 43 885
1501 13 915
1502 44 408
1503 9 692
1504 32 32
1505 9 628
1506 40 544
1507 49 109
1508 46 244
1509 1 551
1510 49 569
1511 14 563
1512 29 986
1513 21 917
1514 26 569
1515 22 329
1516 49 970
1517 17 609
1518 7 650
1519 25 455
1520 41 426
1521 15 868
1522 32 322
1523 19 847
1524 37 678
1525 29 20
1526 6 729
1527 41 531
1528 6 378
1529 6 483
1530 11 479
1531 30 656
1532 49 278
1533 34 69
1534 2 694
1535 4 493
1536 45 338
1537 37 958
1538 2 396
1539 12 916
1540 3 333
1541 9 937
1542 47 527
1543 20 508
1544 35 249
1545 34 264
1546 5 387
1547 28 520
1548 28 722
1549 12 313
1550 1 174
1551 41 739
1552 47 800
1553 40 570
1554 33 879
1555 48 729
1556 39 384
1557 15 246
1558 45 812
1559 31 744
1560 7 856
1561 24 705
1562 5 167
1563 47 70
1564 16 732
1565 23 844
1566 49 901
1567 15 718
1568 17 181
1569 4 730
1570 24 727
1571 42 369
1572 1 255
1573 22 591
1574 27 93
1575 5 277
1576 3 548
1577 25 995
1578 49 716
1579 44 226
1580 45 103
1581 11 732
1582 10 579
1583 8 701
1584 11 981
1585 35 430
1586 18 883
1587 44 176
1588 47 338
1589 40 643
1590 25 39
1591 17 87
1592 10 793
1593 48 653
1594 16 612
1595 25 354
1596 30 159
1597 32 972
1598 35 420
1599 4 27
1600 36 440
1601 14 965
1602 41 695
1603 34 39
1604 18 509
1605 22 378
1606 4 491
1607 23 251
1608 12 643
1609 6 375
1610 26 699
1611 39 531
1612 44 457
1613 31 511
1614 48 604
1615 21 964
1616 10 277
1617 23 147
1618 35 879
1619 6 331
1620 11 37
1621 44 536
1622 4 645
1623 34 794
1624 40 935
1625 34 930
1626 8 755
1627 36 796
1628 25 497
1629 10 423
1630 17 87
1631 13 542
1632 30 487
1633 24 85
1634 20 389
1635 14 801
1636 5 791
1637 40 157
1638 46 278
1639 25 439
1640 11 624
1641 42 802
1642 27 337
1643 12 222
1644 40 231
1645 43 219
1646 13 71
1647 20 602
1648 35 917
1649 28 89
1650 28 487
1651 38 825
1652 43 120
1653 9 659
1654 33 425
1655 1 661
1656 12 84
1657 48 626
1658 1 84
1659 3 593
1660 32 209
1661 13 179
1662 44 989
1663 14 941
1664 50 527
1665 12 752
1666 18 209
1667 1 649
1668 34 466
1669 47 268
1670 20 811
1671 37 963
1672 20 226
1673 24 272
1674 9 202
1675 33 165
1676 36 689
1677 34 229
1678 30 418
1679 45 459
1680 26 965
1681 37 896
1682 29 997
1683 49 472
1684 8 987
1685 38 741
1686 39 603
1687 28 295
1688 40 748
1689 50 312
1690 28 125
1691 18 92
1692 50 244
1693 5 736
1694 48 130
1695 41 162
1696 16 468
1697 1 633
1698 13 431
1699 44 291
1700 36 208
1701 34 869
1702 16 308
1703 35 44
1704 46 933
1705 12 672
1706 40 973
1707 25 410
1708 11 638
1709 47 920
1710 11 916
1711 5 605
1712 44 328
1713 2 388
1714 26 198
1715 37 144
1716 22 110
1717 19 147
1718 7 721
1719 21 818
1720 50 452
1721 2 296
1722 7 456
1723 15 976
1724 37 801
1725 31 889
1726 9 456
1727 8 779
1728 14 14
1729 37 976
1730 4 554
1731 26 99
1732 26 551
1733 22 599
1734 19 563
1735 48 852
1736 24 316
1737 49 563
1738 41 16
1739 43 244
1740 42 372
1741 29 837
1742 3 508
1743 14 584
1744 8 826
1745 7 940
1746 4 878
1747 19 585
1748 46 798
1749 38 861
1750 19 222
1751 48 294
1752 25 473
1753 29 422
1754 7 899
1755 39 728
1756 29 828
1757 41 88
1758 34 222
1759 2 852
1760 41 427
1761 34 89
1762 28 727
1763 37 516
1764 9 511
1765 36 667
1766 45 657
1767 47 878
1768 38 247
1769 8 259
1770 41 939
1771 20 959
1772 40 162
1773 13 866
1774 45 72
1775 16 390
1776 34 620
1777 43 685
1778 12 837
1779 43 401
1780 33 199
1781 26 619
1782 13 282
1783 20 741
1784 9 32
1785 23 608
1786 23 212
1787 7 528
1788 16 337
1789 7 588
1790 32 195
1791 48 123
1792 25 390
1793 8 547
1794 24 360
1795 26 425
1796 19 98
1797 24 914
1798 18 258
1799 35 446
1800 42 174
1801 32 172
1802 13 966
1803 50 695
1804 44 595
1805 22 264
1806 16 437
1807 40 467
1808 32 580
1809 15 257
1810 2 322
1811 31 799
1812 37 909
1813 12 623
1814 11 367
1815 16 634
1816 45 128
1817 42 688
1818 34 339
1819 2 479
1820 40 653
1821 36 287
1822 3 726
1823 33 634
1824 3 303
1825 21 713
1826 47 697
1827 10 221
1828 38 173
1829 25 394
1830 13 317
1831 35 684
1832 5 721
1833 3 591
1834 11 185
1835 6 206
1836 15 173
1837 34 286
1838 15 514
1839 24 586
1840 13 966
1841 48 523
1842 13 426
1843 22 23
1844 19 857
1845 30 31
1846 30 68
1847 42 889
1848 32 728
1849 34 980
1850 45 386
1851 21 70
1852 44 438
1853 37 184
1854 6 284
1855 14 87
1856 16 325
1857 42 452
1858 33 850
1859 14 957
1860 8 865
1861 37 719
1862 42 20
1863 2 682
1864 21 811
1865 42 956
1866 20 520
1867 48 523
1868 34 958
1869 4 451
1870 36 20
1871 35 24
1872 26 599
1873 45 655
1874 3 905
1875 31 540
1876 16 715
1877 24 64
1878 8 505
1879 49 313
1880 31 766
1881 12 867
1882 39 322
1883 21 680
1884 5 401
1885 3 969
1886 35 646
1887 24 256
1888 41 792
1889 37 462
1890 7 240
1891 24 850
1892 47 221
1893 31 752
1894 13 856
1895 29 156
1896 16 495
1897 49 211
1898 8 440
1899 13 290
1900 48 833
1901 33 204
1902 14 826
1903 14 790
1904 3 432
1905 44 401
1906 34 805
1907 10 621
1908 41 861
1909 46 440
1910 8 320
1911 49 801
1912 21 216
1913 48 560
1914 25 892
1915 32 466
1916 49 788
1917 20 377
1918 2 698
1919 21 676
1920 30 359
1921 39 888
1922 36 242
1923 1 159
1924 22 351
1925 3 998
1926 37 973
1927 8 581
1928 40 31
1929 8 273
1930 43 602
1931 17 295
1932 44 37
1933 42 979
1934 22 96
1935 43 242
1936 18 335
1937 18 562
1938 20 817
1939 20 893
1940 14 336
1941 6 230
1942 11 33
1943 49 935
1944 16 995
1945 29 962
1946 20 873
1947 32 420
1948 34 396
1949 11 315
1950 40 60
1951 45 407
1952 30 796
1953 31 75
1954 12 308
1955 24 529
1956 23 254
1957 44 640
1958 19 219
1959 25 254
1960 42 524
1961 34 94
1962 39 600
1963 47 356
1964 50 716
1965 5 751
1966 42 260
1967 28 336
1968 22 221
1969 33 802
1970 1 632
1971 38 545
1972 18 50
1973 18 156
1974 46 765
1975 15 675
1976 27 666
1977 29 688
1978 38 267
1979 1 485
1980 7 75
1981 45 878
1982 5 113
1983 40 30
1984 5 26
1985 45 773
1986 40 34
1987 15 920
1988 14 828
1989 32 159
1990 23 943
1991 10 858
1992 9 891
1993 18 747
1994 34 821
1995 27 774
1996 16 896
1997 41 88
1998 40 383
1999 46 265
2000 19 619
1 337 19
2 160 24
3 450 83
4 178 85
5 432 65
6 245 84
7 214 58
8 191 91
9 314 96
10 298 78
11 198 13
12 350 73
13 437 65
14 300 71
15 463 99
16 313 14
17 135 11
18 246 27
19 115 61
20 308 49
21 407 44
22 487 18
23 178 61
24 258 65
25 371 48
26 130 76
27 218 87
28 255 82
29 367 88
30 247 19
31 417 72
32 299 42
33 392 31
34 151 76
35 469 39
36 203 64
37 103 54
38 359 40
39 296 18
40 476 59
41 297 26
42 331 66
43 201 100
44 473 44
45 337 60
46 489 89
47 402 24
48 206 42
49 372 49
50 249 74
1 19 539 1032 1582 1972 1596
2 41 366 1437
3 21 755
4 11 350 459
5 12 87 1918 1473
6 37 1621 1249 1436
7 36 37
8 48 1457 409 103 1586 1631
9 13 1864 736 718 903
10 38 824 520
11 2 1382 336 789 190
12 38 328
13 44 1528 365 467 1280
14 33 1961
15 47 467 372 185 396
16 31 336 1405
17 47 1911 379 428 149
18 47 1481
19 28 978 1633
20 1 1392 1559 922
21 44 1776 919
22 44 433 1524
23 7 1469 1199 569
24 35 113 1499
25 13 482 189
26 37 587 443 410
27 42 59 709 1596 979
28 32 335 276 1849 596
29 23 897 610 80
30 27 1517
31 41 1196 1275 472 1745
32 7 1276
33 37 900 1273 286
34 41 941 570 411 1358 697
35 8 1278 1459 159 935 771
36 9 152 340 1144 142 783
37 13 1474 1002 1519
38 27 1664 377 912
39 26 1728 1014 1803 437
40 9 896 961 1132 243
41 20 879 911 1135 159
42 29 1177 742 1117 220
43 45 957 690 1791
44 10 1797 890 17 1779 1549
45 17 409 1250 915 956
46 40 507 34 751 1806
47 15 990 1418 1044 493
48 43 1204 618 1850
49 17 1185 667
50 6 1471 55
51 47 952
52 12 1024 1057
53 24 64 168 770 373
54 42 1708 942
55 48 464 245 469
56 6 762 768 1744
57 8 148 165
58 2 92 1003 653
59 4 1537 1418 814 1511 1364
60 50 821
61 18 805 1316 1474 1762
62 1 798
63 6 556
64 29 617 1331
65 41 549 1342 748 1973
66 5 1585 1023 1709
67 17 402 1082 916
68 27 840 1621
69 10 1544 1363 1584
70 23 1664 1045 1150 1408 1044
71 18 1678 67
72 47 817 671
73 13 1925 1301 1952
74 3 1567 1149
75 32 1698 1526 1191 1853 524
76 11 180
77 48 1089 242 1337 595 699
78 35 75 965 1637
79 27 11 773 1330 698 592
80 37 1739 394 1023 557
81 21 1821 1160 258 1925
82 42 532 1035 586
83 30 605 25 775 1725 1587
84 33 508 1264
85 14 1053 198
86 9 799 1738 1099
87 28 1169 1043
88 35 237 990 607
89 2 1522 250
90 35 1918 1415
91 44 177 1227 1463 1173 281
92 49 238
93 17 1292 1410 1729 688
94 4 1954 1929 876
95 6 1166
96 40 1373 820 107 1593
97 45 1974 477 1359 1358
98 3 1003 450 1578 956
99 35 1481 477
100 40 796 1065 1212
101 42 438 1168 757 1196 445
102 50 528 101
103 27 947
104 30 1388
105 40 1564
106 21 703 1541 942 1414
107 30 1888 1783 6 642 314
108 2 1864 626 160 1226 1456
109 13 1711 1930
110 26 476 684
111 1 1647 499 195 1108 831
112 27 1951 454 297 681 1272
113 34 203 340 753 654
114 32 1040 1200 698 1753
115 17 1301 550 1023
116 46 440 293
117 11 172 1620 1641 1692 591
118 32 1809 1330 1292 191 1043
119 18 1609
120 42 14 1816 1952 1328
121 9 215 1882 1074
122 15 413 848
123 45 1019
124 23 737
125 38 712 1702 741 1461 1580
126 4 100 437
127 15 1649 1139 846 1977
128 4 878 947
129 20 1416 227 1867 958 707
130 34 688 1705 497 128
131 41 1462 320
132 3 241 901
133 8 1307
134 42 1066 775
135 38 818 1241 1847 1452 1323
136 26 399 1738
137 38 1056 1742 581
138 16 1680 1682
139 13 1157 80 705
140 30 164
141 22 442
142 49 1105 398
143 4 1848 124 1250 1133
144 46 1691 170 139 67 43
145 42 1410 1873 606 370 1867
146 18 291 1899
147 44 285 741 1177
148 37 1070 1217 1642 37
149 19 1433 468 58 1406 570
150 31 514 33
151 31 689
152 14 754
153 37 667 734 254 19
154 23 788 375 807 1225
155 22 645
156 26 486 1038 228
157 32 1246
158 17 841 430 1036 1029
159 24 32
160 45 982 793 989
161 2 1201
162 26 1477
163 32 1207 346 244 835 1862
164 43 783
165 44 1853 1832
166 19 494
167 7 1081 417 260 920
168 40 156
169 46 1613 586 904 1585
170 34 1102 1790 1271
171 39 1800 222 1171
172 45 422
173 35 1012
174 9 1898 1878 728
175 37 1078 1530
176 20 759 433 81
177 3 1826 244 111 504
178 15 1694 1174
179 22 877 631 1773 310
180 32 11 364 328
181 21 1747
182 27 804 1506 337 864
183 20 1113
184 41 865 547
185 49 964 932 296 1742
186 7 1469 593 748 1819 1231
187 45 432
188 36 1621 1175
189 32 691 1853 1662
190 48 938 296 1475 682
191 31 868 1226 602 564 1982
192 10 1218 1166 1123
193 25 1619
194 25 1688 68
195 25 1792 150 1418 724
196 41 201
197 26 1120 832 1893 460 1279
198 6 803 220
199 17 652 1419
200 46 892 1388 555 938 1256
201 35 1663 505 1531
202 6 1375 1923 722 998 1598
203 20 1909 754 395
204 28 936 1194
205 21 770 295 1184
206 2 1592
207 42 1655 1931 461
208 3 1980 1838
209 19 1683 1677 883
210 8 1269 238 886
211 5 223 1885 811
212 48 473 1381 1640
213 13 1696 27 640 136 1863
214 26 1865
215 38 1436 1856 1858
216 16 1019 1077 1730
217 5 1733 1962 1806 326 1881
218 50 131 757
219 36 1721 171 41
220 24 407 107 154 1401
221 23 313 1638
222 35 172 1369 888
223 36 674
224 37 3 653 753 533 1016
225 21 151 828 1157 1269 1640
226 49 1054 574 824
227 7 185 147
228 15 1784 709
229 49 27 1841 1446 1125 283
230 28 1328 1778 1065 473 596
231 40 651
232 22 575 1822 227
233 38 1812 41
234 8 1166 1469 1165
235 18 849 1047 56 1571
236 7 1250 1032
237 31 1318 5 439
238 14 1846 1105 83
239 47 1919 1615 1101
240 1 852 1227
241 12 31 880 282 1182 697
242 30 985 348
243 28 373 649
244 25 281 170 551
245 22 41 760
246 41 1085 1740
247 37 1571 1794 568 1144 731
248 22 1046 726 51 1938 1159
249 3 426 1060
250 38 1170 49
251 43 1369 1657 812 1332
252 41 1273
253 42 1959 735 374
254 50 1006 1352 1627 938
255 42 1834
256 19 311 1840 1506 163 1238
257 4 1836 79
258 20 1904 1940 365 759 1927
259 18 917 1531 1294 1530 903
260 6 1753 571 1254 1012
261 40 1247 1664
262 28 812 760 710 59
263 16 1822
264 46 768 43 1141 1348
265 7 764 1725 571
266 29 250 722 590
267 15 700 1060 446 158
268 17 906 197 622 1582
269 18 772 1779 832 1118 1218
270 9 1883
271 37 1152 173
272 44 46 1782 859 867 1212
273 1 725 1370 1379 790
274 36 517 342 1779 633 878
275 18 1935 570 1527 1719 647
276 43 1737 1390
277 32 1476
278 9 791
279 45 1271 196 522
280 45 1397 1532 1819 1721
281 20 1445 587 1176
282 4 626 1716 1975 845
283 14 904 1774 1981
284 47 48 1970 280 599 930
285 21 923 1877 502 85
286 11 417
287 27 372 78 660 470
288 1 1627 920 1383 226 154
289 44 1519 843
290 15 1452 85
291 38 593 1027 1222 1977
292 42 518 678 134 1372 1526
293 9 1041
294 35 1741 868 1555 1784 1529
295 6 1303 1562 1309
296 4 916 86 1315 1803 1640
297 29 683 1457 753 1765 1417
298 2 666 433
299 35 738 742 551
300 47 299 221 1231 672
301 31 352
302 19 1376
303 48 1845
304 23 1343
305 46 1305 1057
306 1 1541 1123
307 15 288 1294 591
308 14 1418 538 192 19 1498
309 18 1652
310 48 1855 1272 1876
311 38 751 424
312 19 1108 1032 630 1631
313 33 29 675 1062 395 523
314 22 757 1848 1439 609 217
315 46 1112 1470
316 38 116
317 2 1925
318 9 1897 1195 1391
319 23 1477 18
320 37 322 122 461 1944
321 49 383 840
322 33 814 20 1558 258
323 37 1816 1927
324 13 1965 726 1903 55
325 34 345 731 1038
326 50 1543 43 247
327 7 1619
328 14 276 1964 1612 982 1895
329 44 302 1394 1295 1300 301
330 22 1473 129 589 847 1769
331 41 1010
332 15 471
333 27 1215
334 6 1061 771 202
335 24 498
336 43 1292 803 1362 1564
337 47 1678
338 7 1786 1505 651
339 27 1650 1961 351 924
340 10 111
341 35 761 1257 1236 1792 1344
342 5 1103 511 1916 551 845
343 22 1217 1876 763
344 7 1191 1376 1571 1582 139
345 1 1520 8 630 1043 48
346 31 411 1229 1104 1124 1142
347 23 704 1688 298 1873
348 22 284 813 1529
349 5 1482 1738
350 35 1789 1105 935 1223 1012
351 16 1344
352 44 1049 1358 679 25
353 22 1307 1814
354 48 451
355 30 515 261 592 569 1078
356 49 31 510 1917 427
357 7 535 533 122 457
358 35 1500 358 690
359 31 955 1275 1936 548
360 48 1673 819
361 34 956
362 9 1410 1813 1860
363 15 604 382 1765 489 1824
364 49 889
365 24 1099 1804
366 7 562 1424 125 179
367 27 325
368 41 4 332 697 616 1110
369 20 701 415 1049
370 49 312
371 47 431 584 210 769
372 9 1082 793 1416 1829 915
373 27 523 1001 467
374 50 542 717 471 926
375 25 122 267 960
376 38 1228 508 487
377 2 471 1189
378 11 601 124
379 23 816 1927
380 5 1761 781 1925 1652
381 5 1080 719
382 25 1747 453 44 1462
383 32 271 1590
384 31 1789 121
385 20 1904 50 1842 1642
386 50 531 762 603 864
387 2 647 1954 267
388 27 1672 562
389 26 1570 769
390 44 1351 1913 1948 1298
391 37 924 1456 1072 536 1120
392 9 1289
393 38 1045 1868 1393 1194 1771
394 4 965 340
395 5 679 673 1635
396 40 257 1322 1999 1707
397 49 881
398 33 721 883 560 384 1257
399 15 1180
400 27 1202 1633 1639 439
401 45 1066 1615 316 204 1764
402 1 1998 919 1182
403 43 1454 596 858 559
404 23 11 1950 508 875
405 16 589 17 569
406 42 1606
407 11 850 30 1211
408 1 913 1842 423 497
409 20 321 1698 230 1508
410 12 884 60 1876 638 1309
411 23 1012 2000 42 363
412 15 1651 1982 1514
413 15 1034 1998 372
414 41 1403 1743 1701 160 1575
415 5 1724 1717 1512
416 47 1113 660 1766 1897
417 41 161
418 31 1764 963 829
419 32 580
420 5 1601 499 226 1714
421 20 704 1042
422 38 635 213 973 1836
423 42 1293 967 282 836 394
424 22 668 1110 1869
425 30 1882 1841 217 1831
426 8 1726 1746 1831 186 235
427 26 187 1035 1629 1869
428 49 719
429 14 1740 1982 868 1598 13
430 18 688
431 30 1020 1303
432 34 1601
433 1 1480 925 1202
434 15 1887 1909 63
435 50 1560 1707 97 1929
436 6 1419 979 1217 359
437 27 1862
438 37 496
439 30 441 1563 1173 1377
440 7 878 1673
441 7 1801 1838 1708 303
442 35 578 551 57 328 402
443 32 1776 1405
444 30 108
445 33 1255 603 915 1455 492
446 14 387 1448 1843
447 22 1566 1744
448 27 272 1427 1059 1980 424
449 29 1472 493 1515
450 21 658 1047 820 1971 1012
451 41 1438
452 13 705 1500 1784 64 1179
453 15 322 1416 1212
454 43 346
455 14 885
456 12 1834 1839 58
457 20 1213 1129 1022 223
458 9 1129 873 1265 48 1888
459 19 158 626 1143 182 1715
460 7 186
461 47 1793 865 1306 1659 1492
462 19 894 183 953 1995
463 2 1524
464 33 42
465 24 131 917
466 6 1445 1072 23
467 6 903 1602 677 1837
468 9 1244 1660 1646
469 29 838 1837 1716 1342
470 26 116
471 32 1829 52 221 375 1211
472 22 143 1548 8
473 47 1426 318 1810
474 23 1744 1641
475 7 883 1798
476 46 1986 868 171 1517
477 13 1090 118 611 1956
478 42 1790 1653 1612 1502 1905
479 46 1755
480 17 268 1863 1760
481 22 1440 1304
482 29 1893 1328 888 113 1142
483 37 1241
484 36 1645 1258
485 48 309 1099 126 547 1164
486 21 143 309
487 15 60 355 930
488 7 1253 1821
489 10 1998
490 9 2000
491 18 1898
492 27 743 1726 1867
493 23 574
494 47 394
495 23 853 1388 130
496 49 1292 512 569 453 321
497 36 1224
498 22 594 1318 1980 341 1512
499 26 837 344 74
500 5 1283
501 30 99 592 1604 1839 1814
502 25 244 1987
503 28 1055 669 1250
504 4 1298
505 49 125 1694 918
506 43 548 1607 1359
507 3 1616
508 12 259 985 1744
509 8 1690 840 1860 1174
510 6 596
511 48 1488
512 46 619 1895 1001 1231
513 12 817
514 38 1160
515 42 329 1947 1293 78
516 11 1836 1001 1142
517 30 1799 1760 747 1322
518 30 579 1034 1220 1698
519 17 336 1919 650 334
520 27 855 383 1307 473 1534
521 30 1954 836 406 286
522 5 1694 1159
523 41 1985 1512 269 326 1695
524 1 278 974 1698 657 1923
525 24 289 327
526 11 428
527 25 265 1615
528 14 742
529 21 337 138 1589
530 34 1445 1975
531 41 1848
532 44 1396 1737 565 1428 149
533 28 328 1311 1437 1327
534 4 895
535 41 1717 1383
536 12 1976 1823 1012 1738
537 23 1825 1916 1834 769 783
538 36 1065 874 1366 1594
539 39 568
540 34 830 1309 2000 1753 1025
541 12 581 1979 1470
542 6 1412
543 44 684
544 2 1931 1644 1578 259 779
545 3 156 1227 1941 907 246
546 2 128
547 45 1275 1227 1294 132 1229
548 17 74 467 1208
549 39 820
550 10 1049 1426 1791
551 48 993 754 876 252
552 11 1305 1114 950
553 49 390 164
554 10 1134 958 268 565 46
555 36 268 1569 868
556 46 225 1025
557 29 25 1931 1392 1794 58
558 36 879 1968
559 11 1524 1537 1911 1775 6
560 6 280
561 5 1640
562 17 1619 665 173 255
563 25 841
564 47 1295 1773 584 696
565 37 622 144
566 14 1189 1121 1714
567 47 472 375 1905
568 14 46 805 927 1181 1398
569 10 822 436 1422 654
570 46 1225 862
571 31 655
572 16 1893 1760 973 1355
573 25 610 334 599
574 16 994 316 1834 1975 28
575 49 1232
576 35 1302 1231 1591 728 1988
577 39 1695 1765 1212
578 45 1649 1795 61 906 276
579 4 820 1746 1814 1014 1066
580 25 1334 1205
581 32 1591 1213 963
582 10 260 1682 945 287 1308
583 3 780 1407
584 15 130 356
585 38 295 1928 1109 1450 645
586 2 547 501 125
587 20 477
588 37 306 1410
589 12 287 333
590 5 195 774 715
591 48 435 1623 53
592 19 904 791 369 1031 245
593 34 1873
594 15 577 605 50 1204 246
595 12 1826 117 744 1450
596 10 502 1071 1785 403
597 9 1645 507 312 173 1463
598 37 1517 1651 95
599 19 604 1157 1827 1652 1914
600 32 830 195
601 2 1463 1474
602 26 1467 1265
603 9 452
604 45 1438 637 413 939 1145
605 2 864 573 645
606 3 1313
607 49 316
608 50 251
609 10 113 326 1959 1858
610 11 1792
611 11 1103 632 1003 842 625
612 8 1069 1658 600 45
613 14 1697
614 43 1906 534 1799 78 287
615 8 1696
616 44 1638
617 25 863 807 542
618 26 1961 1499
619 31 352 456 1324
620 26 1308
621 12 501
622 18 476 1439 1088 1550 589
623 38 323
624 32 1072 292 1777
625 38 933 1737
626 38 1027
627 9 1006
628 6 1479 1681 55 687 1570
629 17 867 328 1140 111 1379
630 19 1362 164 269
631 31 183 1307 388
632 48 839 1778 1373 115
633 16 623 1978 1215
634 37 680 1075 775 481 1524
635 20 1464 266 339 1754
636 48 200 1747 359 1588
637 47 517 246 1776
638 38 78 392 946
639 5 207 651 930 1409
640 35 1061
641 1 770 544 1487 1982 938
642 34 1365 744 1080 943
643 28 1495 841 474 296 357
644 34 521 340 609 1309 1160
645 43 364 666 202 859 424
646 24 572 141 1271
647 4 810 1 792 74
648 2 1939 367 1244 721 1330
649 40 1071 1338 1213 760 1222
650 3 600 989 1501 1078
651 11 1286 1459
652 5 1808
653 37 1654 1931 1162 254
654 30 1448 1152 1235
655 6 1563 495 38 1313 529
656 39 723
657 50 182
658 6 444 1339 1597 611 1544
659 49 1101 1196 1641
660 16 1431 1747 565 168
661 8 1283 1256 1566
662 6 1590 181
663 38 1423 1695 834
664 48 1913 1059
665 8 1664 1660
666 15 499 234
667 50 1238 243 888
668 48 1782 1564 1814
669 7 978
670 7 1105 1908 47 974
671 42 1111 1230 1755 375 547
672 22 1008 967 554 1194 1478
673 11 698 1396 78 1272 1779
674 30 1566 562
675 41 934 1262 1066 117
676 34 1538 1828
677 22 1782 1415
678 34 93 1387 1698
679 43 142 209 908 1343 1538
680 30 1405 1944 758 1175
681 19 900 1725 1561
682 19 728 660 152 1334
683 25 1531 96 185 1457
684 15 411 881
685 26 1082
686 49 1102
687 10 1154 159
688 33 298 432 595 1969 1752
689 11 182 1060 1756
690 23 1482 1371 582
691 47 872 918 676 163 293
692 23 766
693 46 1814 1929 1356
694 20 679
695 21 766 1364 1338
696 32 279 321 431
697 39 902 260
698 47 1643 607 591 1578 616
699 20 1603 511
700 48 408 1393 440 513
701 42 784
702 3 305
703 35 1626
704 50 1642 1607 1175 1698 1413
705 44 1763 1921 895 688 1339
706 14 1704 992 689 465
707 29 1984 1702 532
708 49 266 1043 798 1837
709 46 1326 118 869
710 28 1218 1849
711 26 116 1624 1303 1171 770
712 7 974 511
713 14 548 42 379
714 23 98 282 907 355 1680
715 41 518 827 1269 57 787
716 25 353
717 10 1261 293 1549 1318
718 50 1668 921 1705 56
719 19 700 395
720 26 1911 911
721 1 403 260 409 613
722 2 1983 1384 1026
723 26 804
724 44 1106 507 289
725 39 1497 1587
726 5 689 866 1927 1362 1718
727 47 851 709
728 29 555 757
729 22 417
730 11 411 213
731 20 41
732 8 834
733 13 1494 781
734 12 1137 1738 184
735 26 1155
736 11 1288 302 1033 934 5
737 32 1737
738 11 1241 559 1545 158
739 40 1088 913 1859 784
740 19 1795 802 1663
741 21 1371 274 1663 1201 269
742 17 1251 1571 982 380 405
743 18 134
744 29 450 552 1755
745 10 1512 1194 1727 1212 28
746 2 122 1164 932 674
747 48 401 705 868 387 421
748 28 259 1220
749 14 282 1101 1739
750 39 1486
751 16 1126
752 19 265 1468
753 42 684 1740 1719
754 25 807 892
755 14 1570 158
756 15 650 931 1326 1812
757 43 469 162 467
758 25 1002 689 1486 1952
759 21 533 477 1946
760 34 1307 1278
761 21 240 696 1844
762 36 1585 1343 1303 853
763 2 1842 126 933 574 972
764 31 919 1350
765 15 11 1419
766 10 455 1979 1541 465
767 15 466 85 1140 1315
768 1 154 427 539 254 511
769 7 96
770 21 1972 303 97 1384 669
771 38 643 900 1432 927 999
772 45 825 746 1525 1162 351
773 46 838 1946 1203 292
774 28 1123
775 49 1395 70
776 37 1156 1590 1519 1634 355
777 32 1528 1852
778 10 420 1000 313 1770 633
779 42 732 1905 581
780 35 1458 1669 619
781 30 34
782 33 1224 872 1094 1774
783 12 244 1135 534 913
784 18 1527 46 501
785 39 1941 1057 293 818 478
786 5 1858 1230 1201
787 29 488 1708
788 50 1367 1049 337 1729 1104
789 11 618 1960
790 13 751 1804 1466 816 545
791 4 1846 1174 445 1854
792 18 175 1930 452 1711 1648
793 25 1511 118 1959 1097
794 43 1343 936 1438 778 415
795 44 956 1051 1169 1407 827
796 13 1356 1869 1791 1060 401
797 31 342
798 2 1571 1592 340 60
799 16 132 101 740 1919
800 49 1975 374 569 1877
801 44 1633 986
802 18 655 610 1293
803 19 1046 1400 352 1457
804 24 1762 543 950 194
805 31 1715 1865
806 19 1581
807 3 456 396 545
808 13 1041
809 14 1368 610 1799 1841 1279
810 21 1406 396
811 35 854 1307 1079 336
812 36 1453
813 35 1896
814 20 1300 1575 586 1390 1716
815 22 942 1327 223 319
816 6 1159 2000 1759
817 23 1060 867 140 120 897
818 42 1370
819 50 564 931 1530 52 698
820 45 539
821 41 1412
822 7 1476
823 9 1714 677
824 14 442 406 487 1002
825 42 696 786 236 903
826 38 435 1587 1757 897
827 21 1535 1530 1250
828 42 1495
829 27 1610 1414 1867
830 3 187
831 47 1664 1012 1003 1139 1703
832 15 534 1848
833 41 1952 96 1616 737
834 44 703 171
835 4 1715 616
836 8 1682 51 567 1918 1691
837 30 1170 1446 1864 610 1850
838 10 1202 1228 1987 237 1398
839 35 1081 251 1290
840 12 1039 1017
841 17 1243 966 1550
842 18 1955 994
843 23 548 63 840 1442
844 5 1939
845 34 1322
846 26 687
847 7 743 1882 1574 1487
848 12 1411 987 1239 1644 1249
849 3 343 124 739 1700
850 47 743 486 301 945 1830
851 18 777
852 35 1544 186
853 12 1775 1741 664 855 845
854 19 911 1218 1213 1909
855 23 842 31 1408 880
856 29 517 162 514 16 525
857 36 1019 625
858 31 619
859 38 290 350 817 224
860 37 670
861 29 1701 19
862 48 1386 1170 1562 1914 1164
863 38 1257 708 225 1356 413
864 28 852 1963 1564 612
865 28 1063 615 1382 243
866 23 1075 1310 1478 127
867 6 1629
868 16 1596 1905 797 1509 1455
869 1 1415
870 37 775
871 39 227 1152
872 15 1772
873 5 937 870
874 3 1881
875 34 1973
876 23 1849 1930 1545 685
877 35 1900
878 11 852 366
879 19 327 908 177 1236
880 17 1033 335 1508
881 21 869 1613 171 174
882 24 710 1000
883 22 1284 1856 448 979 1296
884 22 1063
885 24 813 328 760 245 877
886 8 1071 606 1332
887 13 1711 681 618 174 80
888 20 979
889 2 1179
890 16 1264 984 966 1195 883
891 14 1965 734 1617 159
892 18 1462
893 18 593
894 42 1457 585 1146 1748 949
895 30 1635 1900 327 1527
896 18 1294 1681
897 38 1667 1422 717
898 3 928 543 1013
899 42 299 1056 1073 1475 1936
900 13 754
901 18 1580 298 279 360
902 4 1392
903 45 1198 1909 621 1094 437
904 19 701 965 407 446
905 11 1361 1044 1732 1837
906 47 886
907 44 243 333
908 49 745 464 574 1364 542
909 26 113 158 532 1674 1747
910 8 1285
911 2 1132
912 14 1950 424 756 1663
913 38 428 939
914 40 1747 862 483 1732
915 12 662 1686 1092
916 43 1489
917 13 567 779 1460
918 50 729 317 1111
919 33 1456 1615 418
920 4 401
921 25 135 452 1980
922 13 242 1842 483 727 1168
923 31 1131 991 208 1178
924 14 1342 421 1500
925 9 1211 1105 781 71
926 28 544
927 3 1307 1553 955 743
928 16 843 137
929 9 11 1177 1286 1235
930 11 440
931 16 1015 678
932 35 1289
933 32 1226 125 233 483
934 11 1721 1670 41 739 180
935 15 1771
936 22 1861 974 470 1881 654
937 50 1937 1214 1329 1982
938 47 908 920 165
939 43 1782 1253
940 40 1173
941 32 1940 1167
942 5 1871 342 117
943 35 1730 1241 155
944 38 820 1092 339 1749
945 29 375 647 197
946 21 482 453
947 4 557 61 1674 1513
948 29 447
949 33 828
950 25 1984 1983 703
951 5 1902
952 13 1057 372 1489 735
953 42 834 1956 1858 134 789
954 5 87 974 443 474 719
955 3 1122 1293 112 1453
956 48 1143 437
957 9 1155 1892 1820 859
958 18 607 553 4
959 12 324 111 641
960 44 1838 1656
961 27 1930 281 251 717
962 10 356 1738 108 631 137
963 30 195 944
964 15 1398 170 1937
965 47 1101
966 43 1412 591 1156 854
967 29 1578 504
968 20 958
969 39 988 1687
970 11 1807 313 174 1624
971 16 1007
972 29 276 1897 1877
973 15 451 1326
974 49 48 925 818 622 876
975 39 179 1810
976 10 1224 1002 1090 807
977 40 1479 384 644
978 10 1614 1891 1368
979 20 1684 1293 76 1668
980 22 1943 1345 1648 1052
981 28 1353 942 1684
982 5 347 1673 1932 553 1591
983 18 1867 1784 978 1718
984 21 1428 1683 378 1779 598
985 22 727 1344 1714 146 1190
986 48 1170 1677
987 30 150
988 19 585 628 656 1919 447
989 39 619 647 1463
990 38 455 1771 1371 1185 207
991 13 1982 289 1973 1615 909
992 25 1449 388 84 1617
993 3 1665 1375
994 41 264 1614
995 5 319 493 1252 1923
996 4 1400 375 1050 1522 1492
997 40 833
998 43 1243 1116
999 33 939 1420 1683 999
1000 21 834 236 128 1880 134
