101 2
1 2 287
2 2 646
3 1 418
4 2 683
5 1 699
6 2 628
7 1 128
8 2 57
9 1 403
10 1 398
11 2 618
12 2 59
13 1 175
14 1 154
15 2 921
16 2 524
17 1 634
18 1 652
19 2 701
20 1 197
21 2 597
22 2 786
23 1 383
24 1 607
25 1 927
26 1 62
27 1 594
28 2 93
29 1 727
30 2 754
31 2 772
32 2 535
33 2 885
34 2 396
35 1 509
36 2 45
37 1 700
38 1 712
39 1 848
40 2 493
41 1 905
42 1 551
43 1 870
44 2 372
45 2 548
46 2 823
47 1 645
48 1 142
49 2 187
50 2 495
51 1 975
52 2 793
53 2 845
54 2 792
55 2 510
56 1 451
57 2 851
58 2 918
59 1 841
60 1 644
61 2 554
62 2 126
63 1 624
64 2 369
65 1 787
66 1 346
67 1 51
68 1 708
69 1 246
70 2 373
71 2 275
72 2 749
73 1 107
74 1 698
75 1 687
76 1 780
77 1 201
78 2 544
79 2 487
80 2 366
81 2 405
82 2 443
83 2 725
84 1 39
85 1 72
86 1 932
87 2 806
88 2 437
89 1 847
90 2 57
91 2 270
92 2 511
93 1 938
94 2 412
95 2 433
96 2 932
97 2 624
98 1 10
99 1 702
100 1 819
101 1 760
1 366 47
2 441 79
1 2 32 73 80 31
2 2 34 48 15 85
3 1 76
4 1 85 82 94 26
5 2 48 76
6 1 68 74 7 6 80
7 1 19 30 88 12
8 2 13 91 35
9 1 82 22
10 2 1 26 9
11 2 43
12 2 58 87 93 73 59
13 1 30 78 52 20 47
14 1 15 36
15 1 9 20 8 27
16 2 28
17 2 61
18 2 92 27 85
19 2 1 34 46
20 1 43 44 14 60
21 1 34 51 77 3 95
22 1 81 1 4 79
23 2 25 43 96
24 1 54 59 7 34 80
25 1 35 67 62 17 53
26 2 81 89 66 5 71
27 1 3 81 21 14
28 2 58 42 84 87 92
29 2 100
30 2 25 73
31 2 6 45 83
32 2 71 79 11 63
33 1 77 37
34 1 59 23 88 81 89
35 1 80 89 18 3
36 1 44
37 2 59 90 57
38 1 60 59
39 1 95 5 87 43
40 1 51 37
41 1 78 85
42 2 67 66 99 13
43 1 98
44 1 36 57 23 71
45 2 93 33
46 1 50 33 49
47 1 46 79
48 2 96 78 99 16
49 2 62
50 2 98 70
51 2 36
52 1 23 82 101
53 2 47 85 11 21 66
54 1 12 64
55 2 31 78 79 25 93
56 1 89 80 37
57 1 20 73
58 2 66 50 71 37
59 2 42 9 40 8 89
60 2 58 19 60
61 2 40 64 22 81 83
62 1 91 38 2 36 16
63 1 4 15 24
64 2 89 76
65 2 8 99 63
66 1 90 30
67 1 6
68 1 25 93 90 6 77
69 1 83 11 56 95 26
70 1 24 29
71 2 76 72 77 64 82
72 2 89 53 61 26 91
73 2 83
74 2 21 97
75 1 43 63
76 2 1 37 98
77 2 5
78 2 48 77 67
79 2 43 8 1 79 17
80 2 41 10 11 38
81 1 64 94
82 1 89 17 48 55 8
83 1 15 89 22
84 2 28
85 1 87 68 60 7
86 2 22
87 2 40 70 24 100
88 1 81 87
89 2 11 57
90 1 19 36 76 3 20
91 2 61 47
92 2 40
93 1 7 55
94 1 52 17
95 2 40 75 58
96 2 4 72
97 2 35 54 58
98 1 46 51 74 99
99 1 83 18 72 44
100 2 89 8
101 2 61 21
102 1 71
103 2 46 80
104 1 75
105 2 59
106 2 32
107 2 60 37 75
108 1 51 5 81
109 2 89 52 8
110 1 99 33
111 2 79 60 27 88 7
112 2 5
113 2 43 51 30 7 62
114 2 71 48
115 2 23
116 1 56
117 2 77
118 2 17 42
119 1 7 52 31 46 79
120 2 101 57 13 49 26
121 1 32 63
122 1 99 72 53
123 2 49 79 45 34 14
124 1 64 16 54 80 98
125 1 81 60 94
126 1 2
127 2 23 29 27 48 68
128 1 58 81 60
129 2 28 88
130 1 49 25
131 2 7 85 35
132 2 7 17 57 94
133 2 9 85 76 55
134 2 2 25 26 95 77
135 1 66 69 10
136 1 67 73 45 90
137 1 60
138 2 26 53 10 1 64
139 2 18
140 2 57
141 1 87 90 94
142 1 45 72
143 1 3 90
144 2 52 42 45 61 57
145 2 100 39 92
146 1 61 4 74 37
147 2 51 101 56
148 1 72 34 57 74
149 1 82 30 9
150 1 25 6 94
151 1 58 71 19
152 1 85
153 2 22 85
154 2 33 98 80 51 8
155 2 96 48
156 1 70 51 101
157 2 70 13 41
158 1 94 11
159 1 64 1 54
160 2 16 80 14 95
161 1 8 62 25 31 53
162 1 18
163 1 40 80 75 90 31
164 2 67
165 2 3 100 58 86 21
166 2 24
167 2 101
168 2 60
169 2 73 53
170 2 15 88
171 1 10 25 41 48 6
172 2 9
173 1 10
174 2 67 7 100 32
175 1 56 30 14 32 80
176 2 14 63 92 88 28
177 1 88 38 49 19 50
178 1 75 59
179 2 77 60
180 1 45 88 72 60
181 1 46
182 1 96 62 100
183 1 38 2 31 70 94
184 1 38 17 87 59
185 2 37 27 80 31 92
186 1 53 17 57 92
187 1 95 4 9
188 1 9 79 57 51
189 2 52 43 68 11
190 1 64 29 96 81
191 2 17 78
192 1 93 18 71
193 1 7 89 36 50
194 2 52 30 45
195 1 64
196 2 37 19 94 74
197 2 35 53 1 92
198 1 55 71 81
199 2 21 93 71
200 2 93 61 81 43
201 1 42 71
202 1 70 39 33 84
203 1 49 52 17 92 71
204 1 13
205 1 53 14
206 1 61 31 28 12 59
207 1 62
208 2 67 19 57 97 7
209 1 40 46
210 1 74 95 101 82 27
211 1 5 22 32
212 2 22 81 80
213 1 26
214 2 48
215 1 62 15
216 2 51
217 2 22 92 96 12 61
218 1 1 30 100
219 2 29 66
220 1 44 25 18 67
221 2 87 81 49 48
222 2 22 91 49 26 83
223 2 85 63
224 2 2 73 8
225 2 97 66 92
226 2 75 95 29 79
227 1 7 60 20
228 2 49 11 72 68 82
229 1 48 10 87
230 2 3 99
231 2 80 3 75 78 60
232 1 25 5 78
233 2 93 83
234 2 49
235 1 69 83 19
236 1 43 96
237 1 96 71
238 2 80 88
239 1 4 101 13 77 11
240 2 78 88 31 64 76
241 1 81 57 26 58
242 1 95 26
243 2 81 43 14 71
244 1 100 80
245 1 72 54 82 26 13
246 1 40 29 8
247 1 87 101 35
248 2 47 81
249 1 71 52
250 1 33
251 1 58
252 1 67 5
253 1 76 60 97
254 2 100 25 3 62 45
255 2 44
256 2 4 38 13 40
257 2 70 95 3
258 2 85 21 72
259 1 70
260 1 53
261 2 53 4 28 93
262 2 97 26 60 86 11
263 2 67 85 65 73
264 2 94 36 39 47
265 2 82 28 14
266 1 54 43 13 93
267 2 88
268 2 16 33 38 52 21
269 1 78 39 43 99
270 2 56 94 43 69 47
271 1 30
272 2 77 95
273 1 48 26
274 1 19 74 22 45
275 1 23 39 50 95
276 1 24 16
277 2 75 16 35 26
278 1 93 25 98 27
279 2 85
280 1 87 15 36
281 2 66 82 7 62 2
282 1 4 27 29
283 1 19 71 11
284 2 98 15
285 2 34 48 5
286 2 88 9 90 98 57
287 2 21 92 56
288 2 79
289 2 6 22 96
290 1 49 88 100 70 13
291 1 36 88 67 42 90
292 1 62 18 88 2 32
293 2 21 78 42
294 2 93 36 72 73
295 2 94 53 29 78
296 2 59 38 89 71 43
297 1 65
298 2 58 99 21
299 1 25 27 14
300 2 74 76 83 50 75
301 1 83
302 1 17 4
303 1 55 75 9
304 2 81 79 89
305 1 89 90 71
306 1 12 72 63 66 80
307 2 31 21 43 29
308 2 77 60 81 24 94
309 2 98 18
310 1 25
311 1 100 1
312 1 59 57 52 87 9
313 1 3 51 45 37
314 1 44 38 56
315 1 96 22
316 2 26 16
317 2 28 25 82 76 59
318 2 88 79 85 89 14
319 2 58 57 94 32 96
320 1 77 3 58 75 64
321 1 3 85
322 1 85 5
323 2 36 22
324 2 97 93
325 1 34
326 2 99
327 2 29
328 2 81 83 92 86
329 2 13
330 2 73 101 92 68
331 2 40 3 24
332 1 31
333 2 51 67 15 52
334 2 93 70 38 33 96
335 1 93 16 73
336 2 27 55 44
337 2 36 89 40 85
338 2 58 35 85 56 52
339 1 49 21 90 78
340 2 16 97 11 19 53
341 1 40 41
342 1 21 9 3 69
343 1 62 95 72
344 2 92 78 66 79 29
345 1 49 56 98
346 1 96 66 11
347 2 87 4 52 33 51
348 1 97 58
349 2 94 51 12 18 19
350 1 55 29
351 2 84 101 36
352 2 24 44
353 1 40 95
354 2 76 63
355 1 46
356 1 49
357 1 41
358 1 64
359 1 66 39 16 48 35
360 2 6
361 2 28
362 1 86 51 39
363 2 42 94
364 1 5 74
365 2 26 84
366 1 60
367 1 69 82 83
368 1 46 61
369 2 46 94 26 40
370 1 79 74 71 99 66
371 2 30 56
372 1 7
373 1 14 13
374 1 96 37 82 95 98
375 1 54 16 4 84 35
376 2 86
377 2 41
378 2 53 51
379 1 44 32 1
380 1 39 21
381 1 4
382 1 93 72 69
383 1 6 14 29 35 71
384 1 28 77 65
385 1 33
386 1 8 35 72
387 2 15
388 2 13 42 5
389 2 10 44 15 41
390 2 36
391 2 4 98 100
392 1 81 74 19 50 11
393 1 40
394 1 94
395 2 64
396 1 60 51 35 84
397 1 14 100 46 39 9
398 1 28 3
399 1 82 42 14 63
400 2 50
401 1 56
402 2 56 50
403 1 30 51 4 32
404 1 44 21 32 5
405 2 79 44
406 2 52 36 26 24 34
407 2 20 30 90 4 82
408 2 85
409 2 87
410 2 22 51 100 7
411 2 29 56
412 2 97 91
413 1 43
414 2 20 76 77
415 2 76
416 2 74 6 95
417 2 55 66 85
418 2 35 75 11 66 81
419 2 37
420 1 23
421 2 51 60 40
422 1 27 89 82 32
423 2 57 99
424 1 50 78 13 95 76
425 1 61 89 41 82
426 2 84 3 58 55 101
427 1 59 81
428 2 35
429 2 80 99 77 58
430 1 90 68
431 2 81
432 2 78 13
433 2 98 69 78 99 58
434 1 24 32 72 91
435 1 72 101
436 1 70 63 21
437 1 14 49 15
438 1 65 54 33
439 1 22 38
440 2 100
441 2 48 13 1 70
442 1 37 43 99 32
443 1 62
444 1 86
445 1 79 5
446 1 3 90
447 2 85
448 1 91 86 85
449 2 62 17
450 2 41 22 28
451 1 98 6 94 81
452 2 95 7 43
453 2 14 1 22 98
454 2 40 3 87 6 97
455 2 19 40 95 23
456 1 97 66
457 2 90 28
458 2 81 77 26
459 2 91 5 2
460 1 53 46 72 26 19
461 1 18
462 1 94 97 60 79
463 1 61 77 2 28
464 1 59 79
465 2 101 18
466 2 49 70 44 91 8
467 1 21 30 95 9
468 1 38 10 20
469 2 85 9 2 89
470 2 61 37 19 28
471 2 66 95 30 29 46
472 1 30 90
473 2 26
474 2 53 36 11 8 85
475 2 84 78 91 75
476 1 33
477 2 64 66
478 2 64 32 65 31 100
479 2 11 69 87 53 56
480 1 43 13 16
481 1 51 85
482 2 92 1 11 82 38
483 2 51 1 96 91 45
484 1 65 50 36
485 2 10 100 36 4 24
486 2 72 7
487 1 98 55 28 76
488 2 23 20
489 1 8
490 1 16 79 6
491 2 2 55 67 87 17
492 2 72 20 2
493 1 32 37 55 81 44
494 2 21 81
495 1 42 3
496 2 23
497 2 48
498 2 20 11 12 53 82
499 2 38 71
500 1 35
501 1 38 88 5 100 8
502 1 72 24 53 23
503 2 17
504 2 85 71 66
505 1 96 10
506 2 28 81 67
507 1 52 17 78
508 2 11 34 46
509 2 55
510 1 15 8
511 1 25
512 2 9 71 99 23
513 2 77 36
514 1 68 87
515 2 40 21 22 18
516 2 47 73 99 46 101
517 2 54
518 1 58 10
519 1 85
520 1 23 58
521 2 32
522 2 91 76 58 87 28
523 1 33 42
524 1 93 97
525 1 6
526 1 60 47
527 2 84 72 58 2 36
528 1 70 39 92 58 14
529 2 45 60 55 57
530 2 43
531 1 15 13 9 6 50
532 2 74 98
533 2 71 48
534 2 69 67 54 10
535 2 87 35
536 2 16 96 44
537 1 47 95
538 1 56 40 64 59
539 1 37
540 2 39
541 2 51
542 1 90 6
543 1 25 49 43
544 2 18 53 3
545 2 65 60 50 96
546 2 7 93 27
547 1 41 16 23
548 2 49 54
549 2 10
550 2 26 90
551 1 34 54 31 42 77
552 2 75 57
553 1 82 54
554 2 49 21 37 39
555 1 18
556 1 21 3 67
557 1 35 29 83
558 2 45
559 2 31
560 2 44 5 101
561 1 77
562 1 20 24 89
563 2 44 2 9
564 2 81 23
565 1 76 6
566 2 72
567 2 41 66
568 1 72 30 29 32
569 1 48 75 79 18
570 1 28 62 60 18
571 1 91 62 65 72
572 1 78 45 21 10 55
573 2 36 33 19 89 82
574 2 79 77 17 71 27
575 1 9 59 84 69
576 1 94
577 2 81 92
578 2 93 7 84
579 2 5 51 66 69
580 2 47 97 53 8 58
581 2 67 38 66 28
582 2 75 18 73
583 1 38 84 96 63
584 1 73
585 2 1 10 75 72 58
586 2 11 47
587 1 49 19 43 17
588 1 51 84
589 1 32
590 2 68 62 24 85
591 1 67 2
592 2 10 4 101 72
593 2 8
594 1 54 23
595 2 1 31 3 21
596 1 60 44 10 65
597 1 74 2 48 95 49
598 1 35
599 2 4 80
600 2 77 52 28
601 2 70
602 1 13 76 80 89 29
603 1 46 61 38
604 1 33 14 77 32 11
605 2 40
606 1 34
607 1 36 88
608 2 41 10 44 96 46
609 1 9
610 1 70 68 32
611 1 17 35 6 94
612 2 20 37 85
613 2 83 62 80
614 1 44 89 14
615 1 82
616 2 78
617 1 16 27 15
618 2 78
619 1 85 59 13 10 11
620 1 12 21 98 63 48
621 1 93
622 2 50 25 54
623 2 47 12
624 2 32 7 65
625 2 11 23 56 1
626 1 2 71 93 78 47
627 1 70 45
628 1 81
629 2 74 26
630 1 52
631 2 66 100 13 91 95
632 1 98
633 1 81 37 33 72
634 1 72 1 83
635 2 8
636 2 48 35 29 71 88
637 2 87
638 1 59 99 100 16
639 2 21 35 66 13
640 1 95 90 39
641 1 31 43 49 68
642 1 48 20 4
643 2 98 8 27
644 2 9 70 81 36 51
645 2 77 62
646 2 49 65 46 66
647 2 75 89 74 73
648 2 87
649 1 80
650 1 62 28 43 93 8
651 1 80
652 1 16 50 52 23
653 1 87 26
654 2 90 67
655 2 3 26 19 89
656 2 49 55 35
657 2 26 96 98 83
658 2 29 32
659 2 59 78 82 26 69
660 2 19 58 72
661 1 95 94 57
662 2 71 18 43 21
663 1 5 31 10 97 84
664 1 58 22
665 1 52
666 2 81 16 40 3
667 1 94 47 42 101 92
668 2 83 55 77
669 1 86 33 4 15
670 1 51
671 2 2
672 2 78 75 34 64
673 2 55
674 1 19 49 27
675 2 24
676 1 34 68 73 19 31
677 1 27 34 79 3
678 2 75
679 1 65 24
680 2 36 41
681 1 10
682 1 66 28 61 80
683 2 27 73 24 7 82
684 1 74 22 17 49
685 2 80 30 99
686 1 61 88 99 44 21
687 1 72
688 2 6 22
689 1 19 74 50 38 40
690 1 5 16 6 22
691 2 74 92 96
692 1 44
693 1 25 97 92 51
694 2 99
695 1 65 26 55
696 2 52 97 99 9
697 2 5 61
698 2 51 84 42 28
699 2 43 22 89 92
700 2 3 46 28
701 1 52
702 1 57 28 50 40 101
703 1 33 15 17 10
704 2 42 60 66 84 47
705 2 98 51 8 58
706 2 74 31
707 1 17 1 16 99 14
708 1 63 46
709 2 20 66 30
710 2 68 48
711 2 47 71 16 49
712 2 86
713 2 62 61
714 2 3 56
715 2 38
716 2 94
717 1 60
718 2 42 98 87
719 2 10 95
720 1 25 59 86
721 1 28 31 92 5 21
722 1 95
723 2 22 68
724 1 5 24
725 1 45
726 1 19 98 58 46
727 2 88 77 14 94
728 2 21 34 94 76
729 2 71 73 25 42 66
730 1 53
731 2 39 93 99
732 1 83 77 50
733 1 42 64
734 1 48 66 101 6
735 1 32 84 35
736 2 91 84 63 73
737 2 70 68 55 8
738 2 99 94
739 1 14 15
740 1 8 35 72 37 43
741 1 26 85 90
742 2 61 34 29 100
743 1 80 59 98 62 31
744 2 60 11 26 71
745 1 48 65
746 1 75 7 66 4
747 1 94
748 1 13 23 74 42 15
749 1 2 62 52 40
750 1 3 11
751 2 28 20 91 53 92
752 1 37 59 49
753 1 94 62 42 81
754 1 74 7 45
755 2 37 87 97
756 1 42 88
757 1 35 94 95 33
758 2 94
759 2 30 55 10
760 1 70 31 93
761 2 94 69 13 72 56
762 1 90 19
763 1 99 63 23
764 1 2
765 2 39 64 98
766 1 27 88
767 1 45
768 1 23
769 1 78 21 31 37
770 1 65
771 1 74
772 1 17 2
773 1 82 29
774 2 83 29 89 84
775 2 51 67
776 1 85 80 54 52 37
777 1 62 26 6 78
778 2 1 37
779 2 4 16 80 41
780 1 83
781 1 35 36
782 2 27 88 31 67 37
783 1 38 95 2
784 1 37
785 1 68 44 76
786 2 68 32 89 26
787 2 33 50 30 70 28
788 2 74 68
789 1 53 11
790 1 65 63 85
791 1 43 28
792 2 63 62
793 1 81 14 76 10
794 1 88 93 34 37
795 2 62
796 2 86 91 75
797 2 67 8
798 1 18 33 97
799 1 46 71 7 34 76
800 1 39 80 60 51 26
801 1 58 27 4 13
802 2 97 87
803 2 18 25
804 1 27 44 54 57 47
805 2 20 63 10 2 26
806 1 88 97 98 5
807 2 24 63 61 94
808 2 20 57 71
809 1 95 28
810 1 79 39 82 47
811 2 4 80
812 2 4 83 23 90
813 1 39
814 1 6 33 17
815 2 36 25 5 77
816 2 51 38
817 2 43 68 9 27 101
818 1 75
819 1 58 81 46 41 45
820 2 54 77 20 76 13
821 2 83 41 45 37 5
822 1 13
823 2 68 91
824 1 6 87 84
825 2 8 12 5
826 2 54 68 67
827 1 38
828 2 25
829 2 31 97 41
830 2 100
831 1 19 54 43 52 71
832 2 10 8 93 19 15
833 2 69
834 1 54 92 39
835 1 58 1
836 1 55
837 1 34 18 3 12
838 2 97 23 57
839 2 85 44
840 1 71 13
841 2 4 32 80 37 67
842 2 2 16 6
843 2 79 34 80 85 51
844 2 26 30 73 86 18
845 2 53 79 75
846 1 72 83 55 98
847 2 93 21 101
848 2 14 94 99 32 97
849 1 77 14 6 37 83
850 1 21 8 7 41
851 2 75 65
852 2 15
853 2 90 10
854 1 28 26
855 2 91 7 4 3
856 1 97
857 2 3 21 27 90
858 1 26
859 2 18 71
860 1 11 42 72
861 2 48
862 2 44 9
863 2 4 70 6
864 1 36 91 54 71 98
865 1 10 65 83
866 2 78 12
867 2 67 95
868 2 32 54 7
869 1 75 60
870 1 21 26
871 1 71 98 9
872 1 83 7 10 91 35
873 1 44 38 27
874 1 99 83 26 18 71
875 1 38 45 101 56
876 1 98
877 2 1 31 55
878 2 66 17 25 28
879 1 19
880 1 42 57 30 43 72
881 1 96 63 37 44 40
882 2 23 63 82 22
883 2 12 81 56 82 32
884 2 23
885 2 70 10 95 2
886 2 67 25 55
887 1 34 35 8 53 98
888 2 29 100 43 10 54
889 1 71 42 14 4 70
890 1 73 22
891 2 95
892 1 40
893 2 69 25 23 89 27
894 1 88
895 2 74 9 35
896 2 95 49 59 6 41
897 1 79 96 4 2
898 2 12 86 63
899 1 21 73 83 35 86
900 2 1 57
901 2 47 35 85
902 1 51 14 79 13
903 1 38 24 27
904 2 42 101 18 91
905 2 52 86
906 2 19 70 17
907 1 73
908 1 73 86 81 70
909 2 85 20 81 96 77
910 2 31
911 2 72 87 37 36 41
912 2 11 66 3 7
913 2 83 17
914 1 85 95 71 55
915 1 30 95 100 10 36
916 2 29 33 69
917 1 24
918 1 50 66 26 35
919 2 27 98 79 7
920 1 48 19
921 1 37 49 84
922 2 9
923 1 70 12 99
924 1 53 98
925 1 96 67
926 2 89 70 64 68 44
927 2 31 86 58 33 93
928 1 69 26 12
929 1 26
930 1 61 60 41 43 11
931 1 46 41 11
932 1 51
933 1 46 34 82 65 100
934 1 86 14 66
935 1 31 91 14 9 54
936 1 34 82 75 47 91
937 2 17 49
938 2 19 30 89 77 51
939 1 49 100 40 2 85
940 2 75
941 2 83 62 46
942 2 85
943 2 13 90 89
944 2 61 41
945 1 26
946 2 50 59 43 70
947 1 28 87 38 69 78
948 1 37 9 43
949 2 39 95
950 2 65 44 21 47 17
951 1 17 38
952 1 65 82 90 22 43
953 2 59 16 52
954 1 78 42 23 63
955 2 79 2
956 2 34 10 75 101 62
957 1 31 99
958 1 101 45 43
959 1 26 31 49 28
960 1 2 21
961 2 98 91 72
962 1 66 68
963 2 49 74
964 1 63 51
965 1 35 70 82
966 2 38 80 7 78 3
967 2 2
968 2 100 77 71 13
969 1 17 28 100
970 2 8 90 79 57 101
971 1 2 1 36 62
972 2 101 40 87 97
973 2 63 35
974 1 25
975 2 25
976 1 60 62 58 92
977 2 44 90 2 59
978 1 69 73 63 17 67
979 2 8 69 74 68
980 2 81 95 98 78 14
981 2 28 15 34 7 98
982 2 63 24
983 1 60
984 1 45 68 17 42
985 2 18 51 17 7
986 1 13 43 28 68 99
987 2 80 20 29 61
988 1 24
989 2 83 17 29 79
990 2 98 42 101 13
991 2 19 72 11 83 25
992 2 82 26 66 6 98
993 1 62 54 5
994 1 57
995 2 95
996 2 80 8
997 2 85 33 18
998 1 61 54 25
999 1 23 69 77
1000 2 41 32 97 58 98
