500 100
1 78 189
2 99 51
3 100 296
4 56 787
5 7 589
6 15 668
7 83 748
8 3 544
9 86 810
10 81 514
11 61 524
12 39 956
13 65 414
14 84 733
15 12 600
16 7 868
17 43 296
18 49 182
19 16 409
20 83 436
21 6 826
22 11 963
23 76 540
24 100 413
25 78 972
26 84 146
27 67 246
28 73 915
29 69 557
30 42 407
31 9 308
32 40 631
33 78 409
34 71 692
35 91 934
36 22 576
37 71 298
38 27 86
39 59 326
40 12 172
41 82 570
42 62 721
43 38 414
44 83 705
45 1 237
46 45 742
47 50 432
48 30 867
49 29 370
50 87 243
51 83 669
52 73 943
53 85 876
54 50 889
55 27 253
56 52 283
57 50 167
58 7 367
59 62 373
60 51 248
61 62 619
62 36 163
63 5 99
64 42 617
65 96 437
66 28 674
67 4 677
68 78 799
69 82 299
70 18 132
71 24 756
72 32 20
73 1 269
74 69 169
75 44 248
76 93 133
77 56 352
78 1 862
79 9 585
80 76 550
81 28 501
82 20 807
83 66 101
84 20 18
85 76 264
86 9 590
87 63 866
88 10 676
89 100 807
90 85 546
91 2 886
92 39 771
93 98 23
94 70 218
95 87 754
96 30 406
97 72 460
98 19 642
99 85 804
100 55 283
101 13 576
102 40 467
103 97 878
104 19 504
105 22 531
106 62 98
107 93 547
108 8 600
109 35 628
110 61 188
111 23 281
112 91 491
113 90 297
114 30 514
115 91 541
116 5 60
117 10 974
118 19 935
119 87 73
120 59 531
121 96 618
122 41 718
123 93 741
124 27 601
125 9 612
126 79 764
127 31 828
128 76 901
129 66 771
130 50 173
131 8 499
132 95 188
133 9 992
134 51 432
135 80 683
136 11 754
137 85 912
138 81 499
139 20 28
140 91 543
141 76 652
142 95 829
143 97 884
144 25 362
145 33 565
146 62 637
147 50 295
148 19 617
149 88 693
150 12 105
151 40 901
152 58 673
153 91 984
154 21 547
155 44 963
156 57 80
157 49 676
158 76 364
159 9 822
160 77 934
161 37 655
162 3 21
163 19 364
164 79 144
165 93 66
166 92 967
167 7 626
168 56 938
169 58 94
170 52 967
171 86 429
172 42 379
173 2 324
174 82 414
175 99 752
176 8 990
177 75 319
178 31 784
179 86 77
180 38 81
181 21 590
182 92 339
183 85 161
184 92 294
185 89 285
186 78 326
187 52 897
188 46 577
189 64 91
190 36 555
191 11 652
192 77 434
193 73 426
194 2 845
195 48 433
196 63 280
197 97 90
198 2 744
199 44 654
200 23 473
201 64 23
202 32 672
203 55 637
204 84 266
205 81 292
206 41 273
207 63 144
208 43 366
209 4 555
210 21 929
211 62 21
212 90 824
213 37 583
214 8 732
215 26 231
216 8 585
217 20 606
218 39 237
219 34 988
220 43 140
221 45 547
222 99 426
223 18 11
224 86 640
225 84 493
226 56 314
227 94 211
228 45 306
229 81 597
230 83 242
231 52 528
232 62 144
233 50 779
234 46 774
235 44 410
236 76 317
237 77 565
238 67 897
239 90 221
240 53 265
241 83 734
242 94 806
243 84 801
244 99 498
245 9 51
246 28 132
247 17 333
248 75 743
249 23 679
250 47 89
251 49 406
252 57 638
253 1 367
254 6 326
255 53 674
256 86 268
257 29 782
258 83 88
259 83 335
260 15 448
261 36 822
262 39 176
263 53 222
264 16 321
265 66 334
266 79 186
267 57 606
268 93 279
269 21 905
270 77 513
271 75 764
272 10 158
273 80 345
274 50 234
275 95 511
276 52 980
277 61 933
278 94 532
279 31 233
280 26 894
281 68 516
282 89 534
283 30 22
284 44 139
285 66 34
286 26 664
287 34 648
288 54 866
289 62 976
290 36 689
291 90 444
292 76 114
293 20 121
294 50 632
295 1 880
296 50 407
297 80 34
298 68 221
299 63 109
300 16 341
301 65 479
302 38 695
303 77 659
304 60 24
305 19 695
306 58 83
307 36 378
308 17 34
309 2 123
310 49 394
311 68 449
312 2 695
313 87 395
314 58 258
315 48 938
316 70 871
317 66 141
318 43 423
319 14 349
320 37 120
321 91 782
322 10 341
323 23 639
324 83 626
325 52 959
326 92 28
327 19 605
328 37 616
329 81 162
330 64 839
331 6 29
332 75 949
333 9 50
334 26 267
335 93 879
336 18 293
337 73 527
338 52 908
339 10 370
340 52 202
341 70 200
342 77 250
343 84 824
344 86 325
345 58 559
346 54 948
347 1 769
348 51 636
349 41 893
350 72 459
351 48 285
352 25 114
353 57 168
354 56 279
355 47 679
356 70 656
357 31 60
358 50 753
359 49 871
360 15 324
361 53 935
362 51 220
363 98 332
364 65 119
365 98 677
366 20 965
367 17 21
368 9 557
369 55 700
370 13 628
371 77 335
372 66 432
373 1 710
374 77 233
375 95 686
376 99 907
377 32 788
378 53 902
379 92 440
380 61 335
381 63 356
382 39 22
383 26 458
384 14 609
385 4 517
386 60 636
387 72 133
388 41 607
389 59 262
390 40 192
391 11 172
392 39 100
393 93 836
394 2 322
395 1 595
396 63 105
397 37 722
398 78 426
399 99 131
400 43 866
401 82 943
402 32 224
403 8 393
404 63 765
405 28 627
406 67 156
407 40 566
408 58 321
409 40 156
410 77 960
411 82 362
412 4 1000
413 34 122
414 59 304
415 75 747
416 86 483
417 81 825
418 77 808
419 45 306
420 79 549
421 11 386
422 60 335
423 8 184
424 50 257
425 88 220
426 44 682
427 45 361
428 86 487
429 93 587
430 19 643
431 24 268
432 71 690
433 100 818
434 99 140
435 53 530
436 95 835
437 42 829
438 67 485
439 49 514
440 98 248
441 34 563
442 86 267
443 58 769
444 42 464
445 70 534
446 12 596
447 65 992
448 23 992
449 99 532
450 92 546
451 26 443
452 40 960
453 38 106
454 86 172
455 28 127
456 19 604
457 89 838
458 52 639
459 31 717
460 99 77
461 50 490
462 16 289
463 50 275
464 67 966
465 54 124
466 75 819
467 73 717
468 16 62
469 43 535
470 84 184
471 6 518
472 78 607
473 45 224
474 70 949
475 32 272
476 76 406
477 55 225
478 21 824
479 89 464
480 53 687
481 93 886
482 8 838
483 96 802
484 37 470
485 74 359
486 13 890
487 32 880
488 32 466
489 100 858
490 20 538
491 42 178
492 33 707
493 58 772
494 40 872
495 54 144
496 50 280
497 100 833
498 52 491
499 16 383
500 74 413
1 317 98
2 385 67
3 306 98
4 247 37
5 268 53
6 296 43
7 493 65
8 117 13
9 164 65
10 441 58
11 415 55
12 450 62
13 417 60
14 344 59
15 229 23
16 489 87
17 109 81
18 206 22
19 151 92
20 161 22
21 420 23
22 170 25
23 339 23
24 176 88
25 269 69
26 166 92
27 250 70
28 205 44
29 487 67
30 101 35
31 458 98
32 105 56
33 238 69
34 497 35
35 470 33
36 300 16
37 204 39
38 222 41
39 397 39
40 191 46
41 381 58
42 310 35
43 308 69
44 265 48
45 389 61
46 408 86
47 285 89
48 460 99
49 328 23
50 345 20
51 196 29
52 478 35
53 184 84
54 236 15
55 487 88
56 294 28
57 289 53
58 443 43
59 188 33
60 125 92
61 446 71
62 396 27
63 381 62
64 351 63
65 342 26
66 445 12
67 433 99
68 368 12
69 295 21
70 479 67
71 248 44
72 185 31
73 427 75
74 291 46
75 374 33
76 368 11
77 258 90
78 224 27
79 109 65
80 149 21
81 463 20
82 434 41
83 191 80
84 237 98
85 418 58
86 410 26
87 257 22
88 303 14
89 443 99
90 104 33
91 152 48
92 140 31
93 193 45
94 376 99
95 434 69
96 313 57
97 151 34
98 387 84
99 105 52
100 475 72
1 59 398
2 37 83
3 47 158 475 94
4 75 489 360 435 202
5 62 402 30 443 109 410
6 54 281 430
7 22 382 141 137 113 3
8 63 14 461 7
9 69 344 313 28
10 97 340 211 223 440 99
11 61 281 209 456
12 19 392
13 61 266 114 344 77
14 55 25 328
15 60 46 440
16 23 390 78
17 92 409 346 157 285
18 72 170 415 94 287
19 63 146 394 70 15
20 60 463 269 298 309 141
21 46 129 262 47 448 291
22 60 366 42 437 69
23 52 69
24 70 315
25 45 187 489
26 97 485 488 41 206 183
27 38 221 93 8 273 177
28 60 138 386
29 30 404 71 310 184 231
30 78 342
31 79 211 101 266 76
32 69 230 494 115 268 466
33 12 266 257 239
34 12 219
35 25 492 47
36 9 181 180 328
37 51 264 438
38 62 181 365 461 247 359
39 24 51 209
40 93 441 187 417 225 206
41 32 56
42 27 381
43 23 370
44 66 327 274
45 66 216 283 487
46 6 320 128 481
47 90 306 395 80
48 31 228
49 23 146 44 143 406 35
50 76 471 344 94 160 329
51 3 440 397 55 284 460
52 35 374 303 333 483 169
53 55 376
54 49 321 496 250 121
55 18 92
56 49 295 61
57 67 235 497
58 24 345 494 337
59 60 178 25
60 13 213 92
61 7 182 143 41 478 477
62 69 9
63 60 174 124 302 367 26
64 54 96 447 118
65 64 192 197 138 253 51
66 94 30 167
67 43 222 49
68 98 104 453 83 367
69 63 191 188 344 240 461
70 98 12
71 10 438 209 56 186 450
72 58 371
73 38 155 458 138 461
74 48 331 312
75 73 412 144 310
76 28 311 408 3 118
77 83 361 375 88 213
78 33 456
79 59 86 168 39
80 26 451 80 427 60
81 11 127 297 86
82 94 465
83 27 131 164 343 260
84 13 341 129 482 17 91
85 20 134 497 257 260 71
86 90 383 339 474 29
87 58 358
88 51 38 194
89 93 363
90 63 340 473 423
91 65 205 315 386
92 57 125 340 332 490 96
93 21 175 119 90
94 92 192 112
95 17 36 308 476
96 67 488 428 328 467
97 11 363 174 360
98 93 230 146 208
99 97 56 248
100 76 285
101 42 175 390 351 483
102 24 398 278 30 341
103 44 378 156 257
104 87 316 209 237
105 96 390 2 321
106 83 21 155 171 487
107 81 75 51 441 438
108 18 86 23 324 209 291
109 17 174 181 308 412 55
110 78 125 302 47
111 34 385 31
112 75 55 491 390 31
113 2 413
114 84 206 160 186 194 95
115 90 379 166 316
116 89 85 136 286 159 480
117 54 35 299 159 197 474
118 32 490
119 93 108
120 18 244
121 29 341 231 432 38
122 94 222 191 243 245 127
123 45 229 11 142 423
124 70 442 480 304 391
125 34 386 124
126 15 279 364 302
127 69 321 139 395 294
128 23 455 268
129 84 155
130 49 491
131 37 284 18
132 63 404 161 235
133 30 81 4
134 22 483 212 203
135 46 176 300 234
136 91 142 310 398 22 77
137 62 220 134 441
138 42 250 97
139 88 69 394 393
140 78 41 384 219 118 252
141 91 140 448 24 181 153
142 26 274 357 110
143 63 265 83 35 171
144 32 282 342 305 390 225
145 75 196 487 193
146 5 244 373 340
147 68 69 415 123
148 31 479 459
149 1 166
150 94 159 223
151 2 401 422
152 74 169
153 36 250 11 1
154 56 66 122 469 382
155 5 146 407
156 41 467 215
157 35 95 121 7 28 116
158 28 278
159 58 326 128 161 299 480
160 66 371
161 13 409 477 73 92
162 86 450 285
163 58 206 324 406
164 94 159
165 63 270 89 185 222 82
166 93 1 471
167 50 102
168 15 311
169 72 184
170 54 468
171 24 181
172 43 335
173 95 446 17
174 12 58 365
175 15 243 483 390 315 282
176 48 93 350 162 144 425
177 40 50
178 48 218 312 52 352 272
179 92 307
180 5 137 35 284 281
181 23 130 104 33 75 332
182 56 490
183 75 190 256 332 311 88
184 62 46 440 80 232 176
185 81 173 139 288 89
186 1 157 189 470
187 83 228 229 230
188 44 55 275 111 339
189 69 85 388
190 63 68 166 237
191 77 475
192 88 70 328 14 251
193 6 374 195 316 277 390
194 78 318
195 44 164 402 76
196 87 255
197 20 166 347 208
198 60 483 105 181 101
199 64 282 212 390 147 268
200 83 102 374 431
