101 2
1 2 630
2 1 309
3 2 771
4 2 697
5 2 754
6 1 594
7 2 601
8 1 124
9 2 881
10 2 912
11 1 639
12 1 922
13 1 466
14 2 714
15 2 30
16 2 35
17 2 342
18 1 822
19 1 197
20 2 561
21 1 203
22 2 950
23 2 188
24 1 531
25 2 108
26 1 832
27 1 379
28 1 93
29 2 903
30 1 61
31 2 445
32 2 510
33 2 564
34 2 544
35 1 704
36 1 44
37 1 767
38 1 785
39 1 242
40 2 649
41 1 755
42 1 182
43 1 751
44 1 676
45 1 756
46 2 666
47 2 814
48 1 36
49 1 521
50 2 554
51 2 446
52 1 848
53 2 230
54 1 300
55 1 855
56 1 916
57 1 902
58 2 463
59 1 644
60 2 811
61 1 643
62 1 249
63 1 395
64 1 857
65 1 27
66 1 748
67 1 617
68 2 164
69 2 603
70 2 402
71 2 891
72 1 917
73 2 708
74 2 525
75 2 179
76 1 451
77 1 238
78 1 604
79 1 334
80 1 95
81 1 798
82 1 683
83 1 338
84 2 375
85 1 348
86 2 507
87 2 171
88 1 435
89 2 108
90 2 777
91 2 286
92 1 414
93 2 365
94 1 95
95 1 214
96 1 114
97 1 673
98 1 785
99 2 319
100 2 747
101 2 806
1 358 82
2 134 32
1 1 7
2 2 61 69 65 88 86
3 1 67 27 82 18
4 2 81
5 2 5 79
6 1 93 30 40
7 2 17
8 2 33
9 1 54 10 97
10 2 68 101 10 65 31
11 1 92 70
12 2 88 58 76
13 1 4 91 6 68 23
14 1 37
15 2 60 25 47
16 2 101 94 31 45
17 1 34 66
18 1 69 30 24 95
19 1 100 82
20 2 24
21 2 88 59 58
22 2 52 38
23 2 30 77 42 63
24 1 13
25 2 19 39 21 83 75
26 2 41 75 32
27 1 77 75 61
28 2 31 70
29 2 96 5 82 11 94
30 1 75 3
31 2 31 74 72
32 1 56 75 57 92
33 2 43 69
34 1 9 68 85
35 2 87 57 32 61
36 2 36 3 4
37 2 51 31 61 42
38 1 3 43
39 2 86 46 50
40 1 53 46 37 22
41 2 96
42 1 52 78 55 7
43 1 41 22 75 53 6
44 2 57 96 36 73 101
45 1 11 52 34
46 1 83 14
47 1 49 4 70
48 1 9 36 35
49 2 54 92
50 1 49 11 33
51 2 69 11
52 1 22
53 1 62
54 2 60
55 2 24 37
56 1 85 56 8
57 2 64 94 37
58 2 72 16 87 58
59 2 70 95 67
60 1 87
61 2 30
62 1 21 11 54 30
63 1 24 18 95
64 1 86 80 75 87
65 1 86 43 1
66 2 44
67 1 81 17 36 86 79
68 1 13
69 2 55 23
70 1 77 78
71 2 87
72 2 53 44 55
73 1 25 17 77 92
74 2 85 65 79 50
75 1 36 59 64
76 1 69 79 61 42 1
77 2 48 55 12 7
78 1 91
79 1 46
80 1 92
81 1 55
82 1 56 20 14
83 1 43 64 88
84 1 11
85 1 27 23
86 2 44 64 13 4 16
87 2 89 38 87 2
88 2 53 16
89 2 94 93 6 24
90 2 60 78 37 67
91 2 85 61
92 2 28
93 1 70
94 2 33 54 49
95 1 8 28 88
96 1 37 20 75
97 2 33 81 14 48 6
98 2 45
99 1 80
100 1 52 11 55
101 1 100 80 89 56 63
102 1 26 17 22 64
103 2 5 100 83 51 99
104 1 43 62 97
105 1 18 65 41 29 81
106 2 50 67 44 15 55
107 2 19 50 62 73
108 1 1
109 1 21
110 1 51 74
111 1 82 70 39 96 72
112 1 13
113 2 87
114 2 12 61
115 1 41 79 55
116 1 13 32 11 73
117 1 89 32 91 19 99
118 1 84
119 1 85 72
120 1 25 31 19 56 64
121 2 81
122 2 20 6 55 97 76
123 1 31 10
124 2 101 58 78
125 2 75 22 91 47
126 2 18
127 2 34
128 2 62 50 36 79 41
129 1 94 75 76 68 49
130 2 17
131 2 22 15
132 2 2 34 30
133 2 88 97
134 2 36 41 46
135 2 64 72
136 2 40 41
137 2 37 67 4
138 1 46 84 93 34 67
139 1 41 99 28 35
140 2 33 13
141 1 3
142 2 97 58 49
143 1 85 6
144 1 64 20 1 43
145 1 36 78 25 80
146 2 93 33 78
147 2 73 5 29 10
148 2 8 35 71 30
149 2 28 58
150 2 25 4
151 1 98 78 12
152 2 25
153 2 6 53 87 1 51
154 1 87 1 50 48
155 1 67
156 2 15 71 69 65 23
157 1 89 55 54 74 49
158 1 74 28
159 1 35 75 63 22 52
160 1 9 75
161 1 85 56 29 78
162 1 82 72 69
163 2 41
164 1 54 35 72
165 1 84 34 101 55 89
166 2 20
167 2 37 61 9 22
168 1 80 7 60
169 1 93
170 2 38 24 92 6
171 2 80 16 6
172 2 9 30 70 2 82
173 1 50 69 39
174 2 99 79
175 1 41 64 62 73 90
176 1 98
177 1 85 37 1 27 48
178 1 49 28 68 21
179 1 60
180 2 91 39 38 54
181 1 1 32 79 46 84
182 1 41 32 55 15 54
183 2 75
184 2 35 86 99 55
185 1 22 32 12 43
186 2 31 68 41 55
187 2 100 16 34 68 33
188 2 36 48 97 1 53
189 1 16
190 1 71 7 27 57
191 1 47 52 92 17
192 1 34 92 30 65 100
193 2 52 43 66 97
194 2 77 46 26 89
195 2 52 83 77 37
196 2 79 46 2
197 1 76 12 93 17 60
198 1 57 21 81
199 2 61 62 67 53
200 2 5
