1000 50
1 34 140
2 32 882
3 8 108
4 7 413
5 24 861
6 11 395
7 8 818
8 32 387
9 19 748
10 46 67
11 14 442
12 6 657
13 49 594
14 47 886
15 49 835
16 38 81
17 7 173
18 27 938
19 18 292
20 10 187
21 40 555
22 3 430
23 15 920
24 12 188
25 32 42
26 9 432
27 31 461
28 46 920
29 46 371
30 36 147
31 14 868
32 41 57
33 27 442
34 43 919
35 8 583
36 50 734
37 21 790
38 47 998
39 48 760
40 14 702
41 12 88
42 48 514
43 48 875
44 42 198
45 3 950
46 11 962
47 35 608
48 20 401
49 30 662
50 25 409
51 14 627
52 23 958
53 20 727
54 39 541
55 34 611
56 27 859
57 12 353
58 4 661
59 18 648
60 17 289
61 14 272
62 29 749
63 3 24
64 41 621
65 32 461
66 23 909
67 34 37
68 28 565
69 12 873
70 33 78
71 18 606
72 20 245
73 49 624
74 28 199
75 38 364
76 22 562
77 22 912
78 7 566
79 50 363
80 11 423
81 20 196
82 45 920
83 37 772
84 36 690
85 10 92
86 40 53
87 39 800
88 30 273
89 38 275
90 11 737
91 14 245
92 48 864
93 44 115
94 7 457
95 37 874
96 22 528
97 29 847
98 17 406
99 41 314
100 31 16
101 50 234
102 34 39
103 13 492
104 17 905
105 44 188
106 41 169
107 38 951
108 39 346
109 49 917
110 27 679
111 28 386
112 28 68
113 28 718
114 40 38
115 3 782
116 50 553
117 45 913
118 50 728
119 30 200
120 4 625
121 8 577
122 36 261
123 44 840
124 46 785
125 20 827
126 47 218
127 25 332
128 39 659
129 15 434
130 5 667
131 12 551
132 46 665
133 25 777
134 4 919
135 4 516
136 22 560
137 5 891
138 38 49
139 49 412
140 3 457
141 10 382
142 23 250
143 49 98
144 5 929
145 36 359
146 24 867
147 20 940
148 23 613
149 16 681
150 36 434
151 1 499
152 44 590
153 6 942
154 45 498
155 25 28
156 23 715
157 37 640
158 22 628
159 35 296
160 38 220
161 18 961
162 10 754
163 30 547
164 29 333
165 33 888
166 33 342
167 9 933
168 49 775
169 24 622
170 15 170
171 50 589
172 39 874
173 26 745
174 10 510
175 19 411
176 14 683
177 17 164
178 13 345
179 7 839
180 41 559
181 12 302
182 7 22
183 38 155
184 27 17
185 5 957
186 37 994
187 31 763
188 27 487
189 2 59
190 28 894
191 14 488
192 7 104
193 24 619
194 26 178
195 22 630
196 8 127
197 9 611
198 36 149
199 25 241
200 41 284
201 39 512
202 42 948
203 3 152
204 36 377
205 1 786
206 29 724
207 46 805
208 9 186
209 6 225
210 36 542
211 42 396
212 14 908
213 5 397
214 29 98
215 36 820
216 32 189
217 39 937
218 16 254
219 42 840
220 2 61
221 14 676
222 28 592
223 45 177
224 5 575
225 35 434
226 45 926
227 46 391
228 45 25
229 46 555
230 42 25
231 22 392
232 46 167
233 22 93
234 14 886
235 34 962
236 35 972
237 16 257
238 26 540
239 35 845
240 15 402
241 41 32
242 31 523
243 18 382
244 13 537
245 4 113
246 33 694
247 24 172
248 12 154
249 7 897
250 12 732
251 19 430
252 5 418
253 46 792
254 10 925
255 17 587
256 42 358
257 47 265
258 50 30
259 44 196
260 33 85
261 7 221
262 18 611
263 34 294
264 49 698
265 19 236
266 40 830
267 29 463
268 31 632
269 11 667
270 42 511
271 36 877
272 26 782
273 28 632
274 24 378
275 48 641
276 1 465
277 44 389
278 46 951
279 39 65
280 22 857
281 17 797
282 12 432
283 20 760
284 26 11
285 18 221
286 15 160
287 44 374
288 30 199
289 47 358
290 24 493
291 23 136
292 12 82
293 40 767
294 17 30
295 29 493
296 46 37
297 42 931
298 34 367
299 8 37
300 49 416
301 33 97
302 43 393
303 34 543
304 17 140
305 29 367
306 3 118
307 28 358
308 24 189
309 25 937
310 2 813
311 28 400
312 20 632
313 42 992
314 33 44
315 16 615
316 20 493
317 40 145
318 38 752
319 15 545
320 1 525
321 14 223
322 12 751
323 49 304
324 17 31
325 33 700
326 23 868
327 25 219
328 1 256
329 10 65
330 35 37
331 28 715
332 21 759
333 50 816
334 10 519
335 46 192
336 2 890
337 21 293
338 25 371
339 12 132
340 18 152
341 16 475
342 33 807
343 22 550
344 32 174
345 16 459
346 12 642
347 39 561
348 10 532
349 23 100
350 1 887
351 14 553
352 32 185
353 47 593
354 5 542
355 7 379
356 33 821
357 43 898
358 41 711
359 23 475
360 46 433
361 4 151
362 7 380
363 50 574
364 15 255
365 11 361
366 30 723
367 47 880
368 30 841
369 29 675
370 6 854
371 18 696
372 16 761
373 17 733
374 25 865
375 28 53
376 38 524
377 1 119
378 37 690
379 12 371
380 8 413
381 42 388
382 9 451
383 21 341
384 5 245
385 40 282
386 50 58
387 1 181
388 29 768
389 16 250
390 22 934
391 31 328
392 37 153
393 13 96
394 41 400
395 38 630
396 23 349
397 11 38
398 33 829
399 4 719
400 50 77
401 43 565
402 23 451
403 48 844
404 44 745
405 30 794
406 26 238
407 42 650
408 31 657
409 2 507
410 29 801
411 37 365
412 22 519
413 41 126
414 16 854
415 23 321
416 28 682
417 29 832
418 25 449
419 40 804
420 34 608
421 37 654
422 48 941
423 42 504
424 47 641
425 1 659
426 42 607
427 49 504
428 21 304
429 39 810
430 21 124
431 4 683
432 32 711
433 47 601
434 31 334
435 47 824
436 29 770
437 35 985
438 44 501
439 1 349
440 41 922
441 44 726
442 22 62
443 50 432
444 36 608
445 47 90
446 39 757
447 48 83
448 47 722
449 46 956
450 47 637
451 37 773
452 2 721
453 11 780
454 19 26
455 17 346
456 34 18
457 6 326
458 34 508
459 47 527
460 31 931
461 36 458
462 6 826
463 4 883
464 34 114
465 38 700
466 16 230
467 17 860
468 17 121
469 49 390
470 43 766
471 9 813
472 27 772
473 30 429
474 5 917
475 8 151
476 4 242
477 9 668
478 48 400
479 28 560
480 22 944
481 46 862
482 47 602
483 44 927
484 15 840
485 33 894
486 22 495
487 4 688
488 26 479
489 18 290
490 45 136
491 48 874
492 33 596
493 30 352
494 10 165
495 32 101
496 1 300
497 33 259
498 2 13
499 11 512
500 40 67
501 5 365
502 40 770
503 17 755
504 7 762
505 11 374
506 23 520
507 7 700
508 6 567
509 33 797
510 31 123
511 34 851
512 25 196
513 28 458
514 50 809
515 33 422
516 22 310
517 2 951
518 49 704
519 21 116
520 22 111
521 2 99
522 48 165
523 17 248
524 45 168
525 21 597
526 35 220
527 44 488
528 48 152
529 46 726
530 46 592
531 27 454
532 45 327
533 1 335
534 15 848
535 38 855
536 14 487
537 10 871
538 8 544
539 30 450
540 25 553
541 21 317
542 30 29
543 23 342
544 39 993
545 2 662
546 39 480
547 23 132
548 47 523
549 1 429
550 42 644
551 38 18
552 13 893
553 38 78
554 15 968
555 37 257
556 8 312
557 32 415
558 29 317
559 37 337
560 14 578
561 15 982
562 37 806
563 44 786
564 46 445
565 24 503
566 31 513
567 10 141
568 21 60
569 1 862
570 6 736
571 49 412
572 34 263
573 27 634
574 32 938
575 3 995
576 43 128
577 43 323
578 26 844
579 32 587
580 35 101
581 5 10
582 26 692
583 10 21
584 28 605
585 23 588
586 11 727
587 35 849
588 5 901
589 30 521
590 34 433
591 40 745
592 30 510
593 4 469
594 1 548
595 3 35
596 36 184
597 13 707
598 8 745
599 23 964
600 42 940
601 50 635
602 19 918
603 38 812
604 46 490
605 9 954
606 1 726
607 45 564
608 26 692
609 15 303
610 47 563
611 29 900
612 42 185
613 5 980
614 8 701
615 43 229
616 31 203
617 8 859
618 6 148
619 39 314
620 14 741
621 37 940
622 28 449
623 45 58
624 2 501
625 42 287
626 50 806
627 37 289
628 48 346
629 23 800
630 28 372
631 32 584
632 46 268
633 32 399
634 23 349
635 6 592
636 47 54
637 38 712
638 47 952
639 9 58
640 41 385
641 42 551
642 44 817
643 28 128
644 34 518
645 1 187
646 37 354
647 25 988
648 39 288
649 17 531
650 11 977
651 22 868
652 3 469
653 33 487
654 7 280
655 44 383
656 42 427
657 43 17
658 38 591
659 2 81
660 30 413
661 9 635
662 5 295
663 18 856
664 4 498
665 8 291
666 12 17
667 9 623
668 24 396
669 22 41
670 9 164
671 38 518
672 23 527
673 17 526
674 38 900
675 48 342
676 34 175
677 4 956
678 31 466
679 15 755
680 10 671
681 18 699
682 44 81
683 4 146
684 8 939
685 28 430
686 29 856
687 2 60
688 21 733
689 3 971
690 24 587
691 18 188
692 41 343
693 28 112
694 15 322
695 18 597
696 13 88
697 39 430
698 27 612
699 20 584
700 16 862
701 21 589
702 18 254
703 30 524
704 18 963
705 22 915
706 35 670
707 28 111
708 48 739
709 24 726
710 28 682
711 23 520
712 27 879
713 9 993
714 30 685
715 25 759
716 38 561
717 2 841
718 21 178
719 12 543
720 31 445
721 34 707
722 22 783
723 21 997
724 15 535
725 29 124
726 4 443
727 22 801
728 50 381
729 17 124
730 48 30
731 12 632
732 36 77
733 48 382
734 34 887
735 13 28
736 36 840
737 6 998
738 47 715
739 47 373
740 24 29
741 18 667
742 5 303
743 26 463
744 9 800
745 3 618
746 16 890
747 50 676
748 22 955
749 30 136
750 34 155
751 18 807
752 46 328
753 47 29
754 40 740
755 8 357
756 2 210
757 25 984
758 38 714
759 37 673
760 13 753
761 50 430
762 49 531
763 1 986
764 18 588
765 45 88
766 49 926
767 40 643
768 21 198
769 44 962
770 31 95
771 19 782
772 12 175
773 33 147
774 15 20
775 50 878
776 40 564
777 46 244
778 2 340
779 34 941
780 35 204
781 21 407
782 25 488
783 20 284
784 31 691
785 15 571
786 36 739
787 22 441
788 48 10
789 21 360
790 25 280
791 2 262
792 17 383
793 42 239
794 22 649
795 41 511
796 14 642
797 24 685
798 28 471
799 12 593
800 48 314
801 1 442
802 11 580
803 2 541
804 17 334
805 36 875
806 46 791
807 3 423
808 15 227
809 9 607
810 28 131
811 26 960
812 23 885
813 34 539
814 6 825
815 41 928
816 17 812
817 14 717
818 28 932
819 28 887
820 30 798
821 6 575
822 15 395
823 11 590
824 24 589
825 18 254
826 9 224
827 23 831
828 2 542
829 34 656
830 31 36
831 29 227
832 17 965
833 37 23
834 24 174
835 48 459
836 31 498
837 17 71
838 27 353
839 6 495
840 27 228
841 48 715
842 13 976
843 28 550
844 2 675
845 43 659
846 4 613
847 15 439
848 6 870
849 11 359
850 50 720
851 23 342
852 8 277
853 5 813
854 36 872
855 31 90
856 32 350
857 18 311
858 49 192
859 45 90
860 8 143
861 31 37
862 6 318
863 6 277
864 36 251
865 33 533
866 21 557
867 2 79
868 23 467
869 25 494
870 7 103
871 28 498
872 43 421
873 20 514
874 35 374
875 30 605
876 1 550
877 22 589
878 31 562
879 25 118
880 5 991
881 17 434
882 13 342
883 2 806
884 30 408
885 22 600
886 47 824
887 2 47
888 15 552
889 34 159
890 3 676
891 41 309
892 29 110
893 46 918
894 28 489
895 16 349
896 28 876
897 11 829
898 47 603
899 21 841
900 31 382
901 48 560
902 11 75
903 42 786
904 40 435
905 37 569
906 32 192
907 47 226
908 11 226
909 41 445
910 10 211
911 48 595
912 22 519
913 24 358
914 17 325
915 14 334
916 50 692
917 46 200
918 49 530
919 14 720
920 40 511
921 30 739
922 8 367
923 43 194
924 11 256
925 30 340
926 43 478
927 22 135
928 38 763
929 41 720
930 50 748
931 6 588
932 6 833
933 45 632
934 29 312
935 39 118
936 25 894
937 6 254
938 13 138
939 32 451
940 32 387
941 31 962
942 18 893
943 25 874
944 6 612
945 5 806
946 9 689
947 6 357
948 50 803
949 45 844
950 34 325
951 35 333
952 7 467
953 4 739
954 18 679
955 46 617
956 15 399
957 10 177
958 43 94
959 32 403
960 12 154
961 18 735
962 11 855
963 38 217
964 25 394
965 1 603
966 44 400
967 37 366
968 36 474
969 23 153
970 39 781
971 46 291
972 14 279
973 37 22
974 19 906
975 19 35
976 24 212
977 28 90
978 31 978
979 36 295
980 49 771
981 32 690
982 5 42
983 27 704
984 21 393
985 9 977
986 21 828
987 35 908
988 3 529
989 46 363
990 27 418
991 41 810
992 24 936
993 46 326
994 32 374
995 14 976
996 12 752
997 50 524
998 29 835
999 42 656
1000 6 729
1 219 42
2 246 20
3 102 96
4 320 99
5 313 87
6 286 59
7 324 34
8 446 62
9 242 38
10 253 96
11 257 61
12 378 37
13 291 77
14 390 77
15 114 21
16 223 85
17 335 13
18 377 15
19 231 68
20 380 82
21 335 13
22 262 51
23 455 85
24 430 94
25 246 96
26 386 45
27 183 98
28 196 40
29 350 91
30 204 85
31 285 97
32 338 41
33 204 65
34 186 33
35 263 100
36 247 26
37 407 16
38 418 74
39 291 13
40 399 17
41 400 65
42 414 12
43 133 97
44 332 34
45 310 81
46 357 54
47 227 94
48 471 85
49 482 11
50 112 29
1 11 6 103 975 911 147
2 48 764
3 4 625 566
4 11 389 320 489 347 25
5 28 475 427 922 410
6 45 928 89
7 15 429 52 792
8 17 566 941 285
9 39 426
10 40 901 14
11 32 380 872 432
12 17 544 588
13 46 309 223 40 505 164
14 4 292 878
15 2 817 727 587
16 16 763 366 537 56 614
17 2 616 961
18 20 722 987 340
19 23 705 551 530 173
20 50 139
21 12 24 561 282 170 961
22 42 831
23 48 522 686
24 40 87 960 584
25 39 740 290 119
26 28 692 51 89 212
27 38 831 122 857 406 94
28 11 756 378 244 552 648
29 6 179
30 26 348 675 554
31 37 277 797 706 834 8
32 46 894 772
33 27 804 64 353
34 29 395 110 617
35 45 372 714 642
36 26 971 400 635 463 148
37 18 945 941 396 43
38 6 551
39 6 409 889
40 21 554 330
41 23 805 968 437 245
42 21 688 270 134 125
43 13 818 461
44 16 952
45 45 412 194 316 844
46 20 702 54 589
47 9 190 817 959 675
48 31 462 668
49 47 800 526 838 213 45
50 14 2 353
51 38 582 569 832 82 222
52 6 879 897 62 340
53 46 303 475 107 889
54 19 913 688 297 40
55 46 63 103 405
56 46 739 849 422
57 2 893
58 13 954 16 535 376
59 22 453 858 1000
60 21 229 506 1000 768
61 38 2 44 310 545
62 46 54 765 828 146
63 19 102 292 730 523 803
64 10 982
65 46 44 392 388 201 294
66 25 462 152
67 18 681 599 936 799
68 48 276
69 12 99 841 773 632 686
70 4 681 568 512 34 841
71 41 117 981 254 120
72 14 283 344 249
73 39 344 722 64
74 15 388
75 40 92 374 840
76 6 497 967
77 18 692
78 18 419 91
79 32 989 651 170 493
80 36 784 337
81 20 28
82 41 90
83 1 94 967 786
84 24 619 215 327 216 160
85 49 969 53
86 30 228 613 877 632 519
87 48 816 26 628 910 725
88 2 939 344
89 37 771 425 736 785
90 9 7 972
91 3 779
92 28 977 465 559 462 156
93 36 685
94 28 1
95 24 351
96 17 264 927
97 18 527
98 4 317 537 306 931
99 7 253
100 31 159 362
101 5 935 999 833 685 912
102 9 684 763 481 790
103 34 806
104 15 362 67 94 8 209
105 47 251 582 189
106 8 24
107 47 502 92 637 9
108 29 89 835
109 13 855 252 611 932 897
110 41 566 886 753 447 362
111 11 70 778 12 733
112 50 988 278 389 684 281
113 38 932 282 46 739 406
114 28 151 310 637 734
115 31 696 373 877
116 2 179 795 813 472 566
117 24 401
118 24 191
119 38 438 661 560
120 47 630 659 134 457
121 24 360 440 500 157 68
122 28 595 399 625
123 39 812 93
124 46 613 604
125 48 943 7 565 745
126 48 631 610 781 317 878
127 45 299 786
128 26 457 56 451 793 814
129 9 875 719 412 421 515
130 18 784 733 209
131 16 63
132 13 50 491 369 84
133 26 202
134 20 851 37 328 409 8
135 47 497 482 937
136 34 485 937 167 458
137 28 96 431 381 512 455
138 7 398 741 212
139 32 380 233 539
140 26 322 678
141 7 682
142 8 762 738 538 811 468
143 46 135 621
144 1 41 598 999 392
145 29 622 42 79 474 41
146 34 511 500 133 995
147 40 884
148 22 497 556 509 318 297
149 30 314
150 6 180
151 10 318 626 840 391 921
152 27 638 798 286 381
153 16 540 45 712
154 16 564 446 688
155 5 8
156 27 212 749
157 30 227 915 312 240
158 13 656 506 668 232 55
159 41 342
160 17 447
161 41 375 263 886 26 71
162 49 847 92 471
163 37 262 733
164 20 742 862 74 658 893
165 33 321 961 95
166 45 744 804
167 11 605 931 969 376
168 15 918 198 914 754
169 44 86 194 6 134 88
170 5 176 915 542 533 934
171 1 405 122 339 273 927
172 23 975 416 59 651
173 20 899 26 116 941
174 3 645
175 27 768 326 675 920 411
176 49 293
177 12 553 548
178 36 102 525
179 31 205 872 483 874 571
180 29 341
181 30 34
182 25 964 919 861 129
183 9 831
184 18 902
185 25 146 423 864 225
186 19 894 603
187 34 554 214 817
188 24 954
189 6 983
190 2 206 640 657 896 278
191 42 664
192 8 401 188 479
193 25 64 445
194 27 910 831 457 196 373
195 24 331 266 378
196 39 571 866 501
197 4 941 594
198 1 992 332 675
199 47 630 537
200 12 548 796 816 588
