500 50
1 27 417
2 47 137
3 21 178
4 15 730
5 45 302
6 4 46
7 7 879
8 13 193
9 6 880
10 26 655
11 26 15
12 5 800
13 41 327
14 16 972
15 28 240
16 8 245
17 4 417
18 12 838
19 34 372
20 15 980
21 50 534
22 33 335
23 38 950
24 22 519
25 31 412
26 40 955
27 36 506
28 47 911
29 49 192
30 24 795
31 18 16
32 31 718
33 6 436
34 32 629
35 22 153
36 40 283
37 5 153
38 4 818
39 49 503
40 24 694
41 2 273
42 42 986
43 8 786
44 32 364
45 48 782
46 10 842
47 49 198
48 8 11
49 50 96
50 31 477
51 8 134
52 15 110
53 47 423
54 17 51
55 34 670
56 4 468
57 40 348
58 27 305
59 33 909
60 42 491
61 13 814
62 50 949
63 10 377
64 5 50
65 18 834
66 27 968
67 41 12
68 34 91
69 6 182
70 9 211
71 34 884
72 21 110
73 4 894
74 50 860
75 10 942
76 12 959
77 43 497
78 28 405
79 23 881
80 8 974
81 44 18
82 3 207
83 8 869
84 1 12
85 14 678
86 8 836
87 15 79
88 16 530
89 28 828
90 42 621
91 34 503
92 42 224
93 15 541
94 29 572
95 40 239
96 14 497
97 13 741
98 42 184
99 10 782
100 36 930
101 2 19
102 47 940
103 10 733
104 31 149
105 23 276
106 7 180
107 23 416
108 2 848
109 23 657
110 33 211
111 8 699
112 22 833
113 15 48
114 32 593
115 42 957
116 38 992
117 17 953
118 17 201
119 27 667
120 12 278
121 13 456
122 42 646
123 45 527
124 35 686
125 34 69
126 24 719
127 31 948
128 2 139
129 18 276
130 42 362
131 12 284
132 3 876
133 46 976
134 33 823
135 4 793
136 45 906
137 43 999
138 28 196
139 40 302
140 19 27
141 35 775
142 36 826
143 21 523
144 9 386
145 3 652
146 23 119
147 16 92
148 33 891
149 30 293
150 29 270
151 23 127
152 18 937
153 48 888
154 36 241
155 45 542
156 21 73
157 25 345
158 14 413
159 27 666
160 23 301
161 37 409
162 17 639
163 36 292
164 17 555
165 34 327
166 38 282
167 49 932
168 36 355
169 46 490
170 20 149
171 23 159
172 46 510
173 20 387
174 46 844
175 32 260
176 38 58
177 41 599
178 35 132
179 11 58
180 7 62
181 1 623
182 29 356
183 10 192
184 32 166
185 16 689
186 17 773
187 4 419
188 9 748
189 45 551
190 11 601
191 26 658
192 24 187
193 34 694
194 11 564
195 48 496
196 4 577
197 14 944
198 9 493
199 1 163
200 25 257
201 8 41
202 26 717
203 49 956
204 25 707
205 23 767
206 1 299
207 40 242
208 31 532
209 28 443
210 38 912
211 47 257
212 21 372
213 41 215
214 20 203
215 26 724
216 50 468
217 22 79
218 8 283
219 22 980
220 3 397
221 13 843
222 16 672
223 38 906
224 34 460
225 46 848
226 19 928
227 15 407
228 15 696
229 13 456
230 16 484
231 46 711
232 49 737
233 9 772
234 35 645
235 9 242
236 24 359
237 8 42
238 37 576
239 50 186
240 16 526
241 22 811
242 20 687
243 3 896
244 24 91
245 28 796
246 23 747
247 8 331
248 33 668
249 21 732
250 44 799
251 17 266
252 49 868
253 16 786
254 50 922
255 6 872
256 36 733
257 30 757
258 11 244
259 27 887
260 27 67
261 16 941
262 41 615
263 35 212
264 18 174
265 39 410
266 8 540
267 41 218
268 8 439
269 27 278
270 19 593
271 46 900
272 25 384
273 27 341
274 27 52
275 10 318
276 31 279
277 21 48
278 1 287
279 41 560
280 31 967
281 42 804
282 11 508
283 19 246
284 28 257
285 37 475
286 34 417
287 18 15
288 15 331
289 3 607
290 35 886
291 26 29
292 28 441
293 20 337
294 17 274
295 38 713
296 13 743
297 24 561
298 38 847
299 1 109
300 1 171
301 25 603
302 49 476
303 44 433
304 5 787
305 14 955
306 45 12
307 9 595
308 1 139
309 2 811
310 44 793
311 40 924
312 26 862
313 1 98
314 12 163
315 44 656
316 49 667
317 39 843
318 28 418
319 33 837
320 2 270
321 15 751
322 15 320
323 6 367
324 9 461
325 39 92
326 4 728
327 10 630
328 42 883
329 38 888
330 1 888
331 37 547
332 14 956
333 1 103
334 5 879
335 42 700
336 22 675
337 44 509
338 37 678
339 13 27
340 9 999
341 28 43
342 32 405
343 17 673
344 2 751
345 36 331
346 10 191
347 5 392
348 8 517
349 41 972
350 22 351
351 19 823
352 16 444
353 13 909
354 39 339
355 10 759
356 24 410
357 35 248
358 8 278
359 6 874
360 15 772
361 48 681
362 14 916
363 6 788
364 9 199
365 34 99
366 6 210
367 27 667
368 31 50
369 1 476
370 9 281
371 2 53
372 37 655
373 4 683
374 29 763
375 15 241
376 9 855
377 12 569
378 32 997
379 43 582
380 38 668
381 42 62
382 33 161
383 10 61
384 7 127
385 12 241
386 28 103
387 45 653
388 10 552
389 13 510
390 17 694
391 50 505
392 30 199
393 38 582
394 32 913
395 23 827
396 16 886
397 10 517
398 19 171
399 25 932
400 28 685
401 35 859
402 24 283
403 11 281
404 3 102
405 1 539
406 45 978
407 20 635
408 17 875
409 41 709
410 28 682
411 24 704
412 23 379
413 6 942
414 34 678
415 35 420
416 14 59
417 18 188
418 43 225
419 45 928
420 9 391
421 49 732
422 19 877
423 14 72
424 37 473
425 25 145
426 4 901
427 10 910
428 22 714
429 6 255
430 37 274
431 34 787
432 35 210
433 42 181
434 33 872
435 4 944
436 36 327
437 32 279
438 2 146
439 40 834
440 22 881
441 40 48
442 26 441
443 11 30
444 2 171
445 27 490
446 20 802
447 48 274
448 1 727
449 23 735
450 46 967
451 25 814
452 13 749
453 42 499
454 44 861
455 35 625
456 4 607
457 6 653
458 4 337
459 31 61
460 8 603
461 41 743
462 23 342
463 21 370
464 5 464
465 9 510
466 46 413
467 36 210
468 24 11
469 30 137
470 41 815
471 43 41
472 27 40
473 2 643
474 46 542
475 42 149
476 4 886
477 7 880
478 47 897
479 14 371
480 7 912
481 31 283
482 7 701
483 5 868
484 34 123
485 40 542
486 10 116
487 2 774
488 30 403
489 17 662
490 38 298
491 50 32
492 15 315
493 13 118
494 43 509
495 31 513
496 5 771
497 41 492
498 38 294
499 27 950
500 32 161
1 196 63
2 426 14
3 387 73
4 156 34
5 169 44
6 298 61
7 385 42
8 246 55
9 211 45
10 224 37
11 291 15
12 127 71
13 498 69
14 498 95
15 331 55
16 224 37
17 421 36
18 379 76
19 346 100
20 275 98
21 169 65
22 221 69
23 230 78
24 157 28
25 316 54
26 114 34
27 485 39
28 232 67
29 153 23
30 293 56
31 232 33
32 405 71
33 114 88
34 150 34
35 306 95
36 341 60
37 497 90
38 282 80
39 138 93
40 342 29
41 419 46
42 450 90
43 410 78
44 324 13
45 304 68
46 324 63
47 228 63
48 450 44
49 194 54
50 392 42
1 23 462 5
2 48 333 295 374 24
3 3 89 414 11 197 293
4 1 437
5 27 39 43
6 18 47 447 356 333
7 20 226 29 365
8 26 7 377 239
9 27 263 257 235 16
10 32 283
11 45 162 421 253
12 12 317 388 350
13 46 44
14 25 241 90 265
15 28 36 192 15 146
16 50 313
17 49 109 143 89 499 92
18 47 169 91 40 463 253
19 6 130 237 258 270 315
20 38 499 9 435
21 41 398 147 222
22 6 207 103 340 61
23 35 494 22 353 136 497
24 31 234 275 71 387 54
25 20 277 80
26 42 358 246 8 274
27 34 491 40 276
28 31 385 202 460 96 485
29 14 475 183 353 341
30 30 148 416
31 5 92 55 280 47 6
32 20 225
33 5 119 466
34 28 145 486 412 392
35 8 50 46 359
36 7 130
37 35 414 141 126
38 46 237 229
39 41 317 118 12 354 320
40 40 58 212 209
41 5 234 251 54 272 325
42 2 347
43 18 443 348
44 9 17 218
45 50 493 177 224 165 452
46 24 499
47 13 313 133 182 498
48 11 345 271 405 7
49 10 189
50 18 424 446
51 12 395 181 491 266
52 16 145 28
53 2 221 456 297 160
54 4 448 88 475 488 160
55 45 164 388
56 16 398 169 413
57 32 92 405 57 135 333
58 12 208 113
59 13 264 85 195 55
60 32 196 156 326 396 433
61 13 23 444
62 12 400
63 14 348 435 392
64 49 375 465 495 70
65 20 411 250 464 166 290
66 11 395 381
67 19 278 418 371
68 32 406 400 92 451 58
69 30 64 406 195 481
70 19 192
71 44 83 367 299
72 20 21 102 423 120
73 29 245 401 313 158
74 26 165
75 3 134 312 346 182 130
76 17 12 448 174 300 492
77 40 163
78 26 271 65 172
79 14 448
80 34 2 107 385 214
81 40 376 274 456
82 3 180
83 43 189 338 347 116 68
84 10 438 199 392 80
85 2 250 240 212 322
86 24 136
87 6 416 249 368 37
88 23 217 407 68 257
89 12 277 411
90 5 431 453 205 23 372
91 19 364 347
92 17 98 375 200 50 368
93 31 491
94 33 407 412 474 409
95 34 339 203 80 309 32
96 7 253
97 18 367 197 59
98 10 78 361
99 40 375 350 26 21 76
100 3 124 1 405 146 293
101 20 262 317
102 8 252 230 33
103 32 432 457
104 32 383 93 346 47
105 49 321
106 16 213 258 210
107 19 225 245 332 489
108 32 25 415 164 275
109 18 195 218 386 454
110 37 88
111 46 467 140
112 16 157 154
113 35 36
114 23 308 225 103 131 310
115 33 11
116 14 245 19 165
117 1 13 399 14
118 14 483
119 29 421 71 395 121 95
120 14 148 246 192 349
121 1 30
122 30 231 185 59 472
123 6 311
124 4 148 59 68 233
125 36 245 151 249 28 312
126 42 161
127 15 452 429 470
128 40 438 312 174 7 63
129 18 308 104 93 209 116
130 32 121
131 22 379 462 385 436 434
132 9 229
133 36 166 89 304
134 50 300 43 205
135 9 292 398 401 268 159
136 38 304 193 450 262 129
137 27 338 56 162
138 20 152 314
139 11 20 235 379
140 4 353
141 7 167 49
142 29 171 376 312 258 131
143 16 122
144 19 340 307 303 436 40
145 21 191 426 169 297
146 15 345 6 363
147 31 112 98 86
148 42 239 367 88 302
149 7 10 177 403 113
150 20 125 155 396 164
151 39 332 391
152 42 64
153 6 378
154 34 442 39 493 376
155 2 24
156 16 39 78 427 332 161
157 24 343 370 443
158 13 430 120 72
159 34 445
160 29 3 175 499 214
161 11 429
162 13 314
163 34 345 426
164 27 72 253 439 43 173
165 13 38 400 206
166 23 72
167 3 282 142 214 454
168 2 406 271 256
169 7 300 488
170 32 243 202 220 121 187
171 9 328
172 22 385 266 323 423
173 11 380 198 223 30 352
174 30 305 12 158 415
175 30 123 500 475
176 21 7
177 11 162 202
178 27 102 52 130 428
179 39 142 482 430
180 35 170 14 72 393 31
181 22 68 116 225 287 373
182 29 114
183 35 151 380 174
184 22 165 205
185 3 6 160
186 50 106 65 153 464 347
187 6 89 157 324 22 441
188 48 41 396 346 98 473
189 10 107 252 183 321
190 5 314 141
191 24 177
192 12 170
193 40 54 172 468 8
194 44 9 13 312 417
195 47 141
196 2 455 470 233
197 5 302 76 22
198 22 324 65
199 25 325 29 384
200 28 353
201 50 490 413 119
202 6 138 471 45 196 2
203 22 399 206 57 235
204 47 136 376 379 18 463
205 12 70 437 452
206 12 349 412 7
207 17 44 319 153
208 15 182 481 297 329
209 50 170 44 157 328 427
210 37 37
211 24 6 356 219
212 18 28 371
213 15 237 382 326
214 44 424
215 42 323 496 70 491 23
216 28 404 17 26
217 24 485 141
218 48 350 487 301 478 119
219 44 340 75 345 86
220 5 458 4 228 84 72
221 4 424 197
222 15 478 334 206 226 348
223 30 19
224 27 87 95 320
225 1 497 165 337 21
226 45 347 447
227 50 455 264 436 267 261
228 12 63 299 473 378 219
229 42 147 11 209
230 40 440 443 24
231 41 56 428
232 16 197 396 27 403 474
233 43 129 29
234 29 13
235 49 406 281 371 26 481
236 19 191
237 19 498
238 35 283
239 48 150 43 87 162 369
240 45 396 11
241 16 82
242 45 500
243 19 229
244 40 113 20 266 129
245 40 322
246 23 330 364 334
247 27 446 306
248 8 93 41
249 38 106
250 16 399 339 324 151 498
251 15 239 152
252 32 67 371
253 39 466 420 333 86 391
254 11 477 298 446 391
255 17 117 14
256 46 277 324 379 159 320
257 7 279 352
258 28 250 417 165 200 375
259 18 187 137 209
260 38 361 37 477 456
261 13 255
262 21 290 163 399 271 129
263 27 133
264 41 256 409 33 184 247
265 44 392 361
266 7 128 59 456 202
267 3 229
268 39 81
269 40 335 386
270 38 364 200 104 448
271 2 59 128 374
272 31 62
273 14 459 26 227 10 91
274 22 311
275 37 280
276 32 148 64 419 407
277 34 339 252 212
278 33 446 203 104
279 31 317 15 314
280 31 123 467 61
281 8 142 465 169
282 30 293 15 476
283 31 390 288 441 85 247
284 20 91 269 155 109 177
285 7 178 404
286 20 195 451 496 140
287 42 131 168 305
288 43 405 227 203 290
289 5 7 469 188 437 280
290 6 431 146
291 16 343 76 44 330 408
292 3 313
293 22 97
294 14 27 260 475 182 25
295 15 461 391 12 206 92
296 44 256 221 327
297 38 287 353 57
298 48 233 393 158 389
299 25 448
300 46 54 276
301 48 162 247 436 141
302 39 355 154
303 9 268 329 117
304 19 356 152
305 49 412
306 46 340
307 49 206 435 243 296 95
308 19 215 304 466 327 49
309 32 119
310 2 167 1 16 238 32
311 16 18 9 367
312 15 468 348
313 34 302 27 383 322 23
314 38 267 391 420 330 191
315 14 73
316 46 54 184 70 370 117
317 7 231 87
318 15 482 113 57
319 5 164 390 12 257 71
320 1 242 191
321 22 3 195 30 342 171
322 11 462 124
323 46 264 461 23 44 319
324 22 125 412
325 47 344 252
326 44 436 196 56
327 43 231 281
328 41 460 446 53 73 35
329 1 339 2 448 347
330 33 265
331 15 463
332 46 373
333 43 78 397 318
334 41 89 285 102
335 31 117 50 95 271
336 13 188 384 275
337 30 97 185 240 250 225
338 15 459 397 391
339 3 451 219 304 8 433
340 1 402 467 196 272 239
341 34 334 260 131 308
342 11 185 77
343 42 14 369 456 231 35
344 31 12 263 438 357 71
345 20 467
346 11 497 322
347 3 308 265 369 411 404
348 18 393 252 439 423 281
349 2 144 113 233 145 86
350 29 200 249 180
351 45 242 10 355 320
352 21 274 46
353 29 38 306 39
354 44 271 87 471
355 30 204
356 10 324 42 486 418
357 37 254 148 28 64 315
358 12 475
359 36 99 128
360 24 420 211 499 209 169
361 10 89 64 223 387
362 18 408
363 43 397
364 40 400 353
365 15 406 45 397
366 16 54 126 56 432 6
367 33 21 1 6 308 38
368 4 360
369 21 101 186 333
370 48 15 203 111 93 45
371 19 309 44 78
372 43 216 222 124 327 402
373 25 348
374 10 4 87 92 493 130
375 49 483 26 147 489 91
376 28 141 321
377 32 377 442 472 185 238
378 23 467 356 353
379 14 352 311 185 264
380 33 258 429
381 46 346
382 4 71 305
383 3 452 440 339 437 174
384 3 362 191 323 206 442
385 13 241 173 101 412
386 3 442 13 493 382
387 32 133 319 386 410 483
388 6 372 296 221 26
389 36 38 262 214 358 95
390 22 126 74 132 317
391 18 134
392 25 448 125 159 324 101
393 17 338
394 48 221 177
395 27 91 140
396 32 14 492 255 40 164
397 29 65 283
398 33 122 318 90 73 138
399 26 486 102 259 494
400 4 369 378 408
401 24 465 292 104
402 12 212 94 229 100 264
403 46 396 300 143
404 25 228 84 391 42
405 45 133 455 303 195
406 37 477
407 28 382 146 214
408 28 296 267 103 77
409 13 32 287
410 44 71 115 122 430
411 35 45 263 316
412 28 144 458
413 34 451
414 24 63 491 56 119
415 24 222 301 103
416 36 393 292
417 37 327 55
418 39 447 82
419 38 227 354 44 131
420 21 327 148 422 107 47
421 29 214 176 39 463
422 30 78 82 293 139
423 28 85 359 227 61
424 38 146 362 301 348
425 25 80 466 407
426 28 421 251 192 158 239
427 21 217
428 24 332 243 496 212 467
429 29 183
430 12 228 145
431 6 471 105 283
432 45 55 418 335
433 10 266 466
434 19 193
435 46 463
436 4 229 85 83
437 19 82 59
438 21 290 260 11 81 266
439 37 84
440 23 99 208 154
441 10 209 238 410 64
442 36 176 384 461 357 274
443 26 30 315 232 215
444 23 144 172 440
445 1 446
446 36 144
447 18 467 126 190 235 266
448 19 196 456 187 275 119
449 27 74
450 49 225 449 29
451 43 149 74
452 32 100 26 58 44 355
453 24 379 391 430 407 173
454 43 325 228 152
455 1 307 100
456 34 376 444 464
457 21 382 164 436 188 311
458 40 316 314 415 421 56
459 48 386
460 14 121 456 117 292
461 36 245 367 350 430 279
462 40 368
463 49 294 143 362
464 37 13 41
465 9 198 241 477
466 16 249 73 55 385 302
467 28 316 202 136
468 4 315 382 425
469 23 453 499
470 4 173 199 102 455 112
471 44 471 200
472 17 466 174 280 223 160
473 46 174 291 119 52 257
474 6 239 247 341 97 7
475 42 289
476 23 20
477 8 117 14
478 49 433 30 319 88
479 36 153 283 387
480 26 474 20 370
481 36 104 134 73 11
482 1 74 135
483 40 209 229 481 34
484 8 429
485 15 96
486 26 369 362 165 357 402
487 23 338
488 29 142 197
489 45 67 74 123
490 38 147 194 386
491 22 260 321 406 4 240
492 22 194 91
493 4 328 118 210 178
494 33 226 91 128 194
495 4 158
496 32 231 183 167
497 20 412 403 448
498 3 454 319 376 148
499 12 24 1 69 112 13
500 42 185 166 20 78
501 46 371 288
502 19 420
503 1 21 440 10 217
504 19 380 368 15 124 171
505 6 94 96 434
506 36 197 89 280 258
507 41 140
508 11 338 260 208 435 137
509 29 167
510 32 155 29
511 36 411 481
512 42 348 70 405
513 44 377 360
514 19 200 175 98 181
515 14 44 233
516 5 319 415 322 224
517 32 254 59 244
518 22 74 427 314 444
519 4 159 413
520 41 103 171 396
521 42 288 77 260 109 445
522 49 127 181 316 350 343
523 9 128 262 25 247 108
524 50 63 413
525 36 26 372 120
526 19 358 464 465 209
527 3 171 42
528 10 102 157 336
529 30 119 69 78
530 20 386
531 20 480
532 20 412
533 48 489 104 273
534 41 10 207 437 279 196
535 13 246 115 34
536 37 475 310 137
537 30 434
538 2 171 39 435
539 38 111 64 400 297
540 26 496 2
541 25 331 194 20 354 3
542 40 26 291
543 19 152 55 270 223
544 40 122 500 244 494
545 20 9 43 427 383
546 9 296 226
547 26 58 373 383 84
548 24 106 222 442
549 47 30 135 227 35 203
550 45 314 176 331 365 216
551 48 101 173 406 27 46
552 41 496
553 1 375 453 35
554 8 247 277
555 31 143 123 35 451 230
556 27 178
557 47 81 346 273 472
558 16 157 119 102 254 100
559 33 426
560 27 368 229
561 38 90 217 428 57
562 23 466 47 444
563 22 13 211 424 17
564 22 195
565 7 105 3 337 381 141
566 5 322 346 377
567 16 118 381 125
568 33 343 382
569 22 500 37 305 99 123
570 1 416 45 421 200 90
571 39 435 147
572 35 438 24 487
573 19 25 405 239
574 36 204 424 313
575 42 39
576 24 123
577 12 320
578 40 333 452 14 110 232
579 16 108 71
580 25 397
581 38 370 203 366 286
582 28 92 5 118 237
583 1 453 306 448 192
584 3 102 305 151
585 11 117 343 310
586 8 96 160 284 312 100
587 49 109
588 36 152
589 3 326 334
590 2 113 197
591 14 386 342 484 411 72
592 9 53
593 32 50 294 88
594 25 446 144 81 69 175
595 45 453 442 57
596 13 110 60 54 255
597 16 174 65 390 274 1
598 12 337
599 43 434 447 430
600 19 58
601 10 41 447
602 5 298 451 151 93 357
603 31 23 36 157 394
604 25 64 375 472 191
605 13 424
606 25 13 23 120 106 312
607 36 489 452 31 235 106
608 26 480
609 26 281
610 4 397
611 11 274
612 8 260 482 130 150 313
613 7 351 54 23 424 404
614 41 110 224 205 489 454
615 9 436 404
616 7 23 20 361
617 45 18 478 420
618 24 121
619 33 352 361 255
620 2 147 54 373 240
621 49 153 490 15 361
622 47 317 113 17 416
623 37 440
624 37 28 59 207
625 15 206
626 32 88 205
627 25 457 41 59 347
628 48 312 382 14 40 24
629 6 315 143 57 369
630 35 263 391 357
631 6 135
632 41 39 272
633 31 491
634 28 343 286 100 143
635 45 170 364
636 41 335 100 392 413
637 41 466 216 283
638 2 482
639 40 118 438
640 3 319 275 408
641 1 276
642 11 465 491 385
643 19 455 296 194 22 333
644 12 312 234 266 263
645 50 102 40 137 81 67
646 33 340 3 366
647 21 151 35
648 25 206 280 25
649 10 476 407 9 189
650 9 5 413 286
651 48 219 480 151
652 22 394 331 135
653 17 34 109 117 437
654 28 349 118 24 54 491
655 27 218 60
656 23 166
657 9 190
658 26 92
659 4 234 31 267
660 27 202 286
661 3 187 180
662 2 25 88 427 255
663 14 352 334 300
664 46 240
665 7 33 167 179
666 45 480
667 32 310 475 229 120
668 44 373 464 175 50 191
669 3 319 411 254 210
670 29 300 62 130 385
671 23 125 422
672 35 411
673 9 455 111 167 238 497
674 17 396 487 182
675 12 91 182 208
676 34 331
677 44 15 388 332 360 387
678 21 437 226 241
679 14 356 379 207 210
680 3 126 42 366 328
681 43 133 441
682 17 302 456
683 6 403 205 35 458 245
684 20 235 221 477
685 17 154 81 177
686 9 196
687 8 485 254 90
688 27 79 180 456 261 420
689 8 233
690 47 131 498 420 62
691 43 13 475 134 15 61
692 47 394
693 11 393
694 4 215
695 45 452 411 439 64
696 50 438 360 202
697 32 11 348 318
698 27 257 309 404 102
699 13 421 291 127
700 29 267 424 410
701 49 361 307 393 44 326
702 38 148 149 314 95 176
703 10 476
704 34 211 185 452 256
705 18 151
706 3 262 407 129
707 37 396 464
708 24 345 445 368
709 43 293
710 6 345 62 414 448 121
711 16 167 476 258 447 218
712 48 131 493
713 40 148
714 48 150 159 419 296
715 19 404
716 45 301 386 316 263 290
717 9 326 463 298 330
718 16 380 84 41 114
719 39 385 460 75 261
720 28 44 33
721 45 36
722 31 80 334 40
723 43 12
724 20 364
725 49 284 130 195 405
726 10 227 283 288
727 33 39
728 22 347 488 284 66
729 20 495 330 269 334
730 38 165
731 17 66 481
732 42 128 85
733 20 125 292 193
734 8 464 386 233 144 339
735 33 20 160 114 257
736 48 258
737 44 27 387
738 13 332 156 260
739 29 183 279 385 104
740 39 31 323 75 19 52
741 36 40 134 251 452 425
742 40 163 233
743 50 498 97 142 24 197
744 36 416 460 5 152 178
745 35 390 109 4 193
746 30 398 425 199 346
747 10 323
748 16 471 263 495 126
749 38 109 486
750 17 302 197
751 48 114 334
752 49 19 500 289
753 35 197
754 49 374
755 34 498 229
756 27 50 147 190 165
757 2 229 439 421
758 16 383 447
759 33 205 266 126 292 184
760 48 208 253 466 9 98
761 25 428 352 341 146
762 49 319 355 429 420
763 26 227 168 442 294 217
764 24 475 82 388 299 380
765 25 133 354 484 259
766 46 229 169 189
767 17 474
768 43 198 361 93 319 282
769 1 129
770 18 163 191
771 46 93 460 5
772 6 398
773 39 1
774 30 386 355
775 49 61 313 3 28 253
776 10 462 104 478 247
777 5 414
778 2 22 249 85 108
779 32 439 209 480 405 362
780 27 285
781 33 133 206
782 47 222 134 147 265
783 44 490 27 427 215
784 38 169
785 12 320
786 25 452 46 221 445
787 24 16 183 406 429
788 33 39 419 135 434 320
789 35 95 286
790 43 379 261 53 347
791 16 189 179 434 284 48
792 36 23 265 196 288 79
793 31 207
794 44 265 55 149
795 19 6 448 420 433
796 14 163 82
797 44 268 381
798 17 446 366
799 18 286 406 339 372 201
800 10 193 238 262 65
801 32 173 396 262 167 321
802 13 226 30
803 50 271 278 299 222 221
804 33 487
805 4 261
806 46 292 55
807 27 214 473 282 81 134
808 21 66 450
809 5 198
810 4 80 14
811 34 450 219 217
812 44 453
813 29 473 69 192 361
814 6 161 137 323 260 204
815 48 221
816 39 85
817 44 324 238 192 158
818 25 409 411
819 48 387 79 272 49
820 21 110 470 93
821 47 316 315 262
822 9 394
823 30 337 167 498 194
824 24 461
825 8 39
826 9 93 1 287 299 269
827 27 246
828 20 441 277 449
829 1 467 390 442 190
830 5 87 115 309 256 346
831 3 420 126 380 231 361
832 25 128
833 34 459
834 9 225 384 442
835 15 479 273 107 108 10
836 6 45 247 364 431 323
837 41 89 221 43 208 107
838 33 175 321 194 369 159
839 12 365
840 7 290 99 402 283
841 36 388 90 136 196 188
842 47 363 206 122 19 213
843 45 277 485 19 431 423
844 47 404 159
845 21 163 446
846 47 348 185 408
847 23 238 236 51 260
848 39 271 97 186
849 18 393 271 183 246
850 23 223 286 437
851 37 206 480 309 478 60
852 41 333 454 89 234
853 15 57
854 22 148 382 343 86
855 12 187
856 18 200 393 427
857 33 169 70 128 8 185
858 23 326 357 407
859 35 386 313
860 50 466 378 8
861 44 492 100 443 257 11
862 14 34 340 124 368 395
863 17 222 246 39 14
864 14 148
865 2 389 459 421 417
866 38 211 10 103 492 52
867 37 436
868 33 473 33 337 301 204
869 34 146 336 45 464 91
870 19 160
871 5 166 474 82 177 454
872 22 235 472 394
873 23 335 221 137 97
874 43 379
875 12 411 232 396 158 427
876 47 169 286 263
877 23 177 378 455 397
878 46 373 347
879 16 385 51 264
880 2 214 490 423 323 430
881 6 434 175 338 254
882 28 490 145 494 143
883 50 29 36 453 420 348
884 3 345 17
885 16 271 175
886 7 273
887 8 113 161
888 17 319 370 99 252 135
889 36 87 111 330
890 30 24 91 108
891 49 48 255 142 379
892 44 148 190 167
893 23 500
894 37 411 6
895 27 374 367 63 435
896 15 90
897 44 373 118 66 188 316
898 40 4 284 30 286 49
899 37 8 268 451 153 220
900 23 390 309
901 41 266 497
902 26 257
903 37 89 139
904 30 247 447 210 480 192
905 41 359 414 294 210
906 24 225 4 464 102 406
907 4 467 391
908 12 177
909 24 271 27 148 238 74
910 19 144
911 1 111 370 87 252
912 30 269 183
913 10 55
914 18 400
915 25 86 363
916 27 203 429 98 117
917 14 120 414 178 284
918 26 72 315 255 420 282
919 18 224 369 134 310
920 22 284 261
921 8 500 43
922 17 30 487 405
923 32 102 341
924 39 97 41 10 47
925 48 384
926 1 278 200 489 68
927 45 11 316 314 196 47
928 34 221 179 136 288 375
929 34 12 129 452 226 409
930 43 273 98 37
931 27 436 211 460 366 153
932 49 493 10
933 4 374
934 12 470 183
935 37 302 333 158 305
936 41 348
937 7 97 458 338 489 41
938 47 274
939 33 131 371 465 456
940 24 172 236 188
941 36 499
942 2 186 12 250
943 18 28 322 499 312 225
944 47 82 382 196 372 227
945 42 22 410 243 205 19
946 14 469 406
947 30 378 227 34 139
948 38 402 403 494 474 500
949 40 53 479 172 177
950 29 121 268 5 187
951 40 75 222 121 285 440
952 39 138 52
953 16 137 309 374
954 6 142 97 246 496
955 10 145 171 225 215
956 43 270
957 49 432 499 85
958 45 114 291
959 34 100
960 6 193 280
961 35 490
962 7 316 381
963 3 128
964 40 106 138
965 37 59
966 21 375 107
967 21 272 316 438
968 11 471 185 6
969 14 63 68 226 353 20
970 50 294 455 107 247 374
971 1 185
972 10 296 250
973 5 341
974 19 59 386 186 99
975 2 220 2 487 115
976 11 230 73 446 212
977 39 137 412
978 10 124 22
979 36 489 204 223 202 316
980 16 22 128 104 145
981 46 491
982 4 129 347
983 20 257 222
984 26 140 407 466 297 74
985 48 306 311
986 25 276 114 151 167 206
987 6 254
988 38 478
989 50 298 150 349
990 21 393 14 312
991 11 379 356 95 17
992 1 415 467
993 37 267
994 43 326
995 8 149 394 308
996 8 39 84 49 266
997 8 301 384
998 33 408 74 185 274
999 25 483 72
1000 32 321 287 250 323 311
1001 30 96 237
1002 15 134 222 353 358 68
1003 8 433 68 136
1004 37 12 373
1005 22 221 327
1006 17 14
1007 38 477 436 441 306
1008 44 317 274 472
1009 49 459 347 257 286
1010 40 221 228 411 122 76
1011 38 77 137 277
1012 44 235 247 199 224 371
1013 12 192 327
1014 16 45 259
1015 29 81 324 495 412
1016 8 302 494 32 386 256
1017 2 186
1018 21 20 223 225
1019 26 411 280 214 187 458
1020 43 122 419 171 43
1021 43 256
1022 19 388 277 101 22
1023 3 401 313
1024 11 408
1025 12 349
1026 20 222
1027 16 485 380 15 375 92
1028 18 13 415 276 318
1029 48 76
1030 11 130 451
1031 38 202 166 250 310 160
1032 12 470 280
1033 4 183
1034 47 63 232
1035 16 497 145
1036 37 127
1037 19 483 496 251 225
1038 27 323 50 172 174
1039 18 351
1040 47 472 295 436
1041 48 229 265
1042 50 10
1043 19 103 434 57
1044 50 267 491 125
1045 48 381 476 494 115
1046 37 425 84
1047 41 354 463 23
1048 32 468 55
1049 1 148 117 464 430
1050 16 286 354 98
1051 35 33 434 411 167 132
1052 4 236
1053 20 423 480 394 144 286
1054 46 141
1055 22 206 370
1056 33 454 85 315
1057 17 253 256 124
1058 46 108 397 216 214
1059 25 386 183
1060 10 130 368 150
1061 32 388 208 277 70
1062 27 275 413 211
1063 42 236 221 254 34 325
1064 17 370 485 182 403 285
1065 40 17 340 37 249
1066 28 163
1067 29 80 11 472 331
1068 18 295
1069 45 375 460 135 260
1070 38 95 348 209 404 351
1071 23 7
1072 43 324
1073 6 406
1074 3 458 126 181 243 281
1075 36 497 238 75 301 380
1076 35 362 28 470
1077 41 329 250 280
1078 35 6 161 260 234
1079 7 202 164
1080 21 218 235
1081 50 204 22
1082 19 411 223 481 68 330
1083 8 45 36
1084 21 310 145
1085 36 225 374
1086 39 343 277 119
1087 13 249 199 227 174
1088 6 159 382
1089 39 197 53 460
1090 42 72 359 47 428
1091 20 220 428 135 302
1092 28 252 254 437
1093 26 91 380
1094 2 337 316 76
1095 23 5
1096 13 121
1097 22 449
1098 49 461 127
1099 23 464 287 317 108 34
1100 27 446 352
1101 45 92
1102 14 291 158 127 52 218
1103 14 150 363 201
1104 9 295 209 162 292 115
1105 39 303 239 223
1106 5 51 100 129 451
1107 36 186
1108 28 226 455 45 468 291
1109 33 94
1110 4 95 86
1111 5 223 89
1112 4 189 240 274
1113 20 213 205 99 46
1114 44 439 137 140 135
1115 13 181 88 279
1116 21 69 432
1117 17 193 53
1118 15 438 30 103
1119 9 30 456 277 44
1120 28 306 190
1121 41 313
1122 35 82 119
1123 22 232 145 449 280 421
1124 23 465 308 421
1125 18 18
1126 36 41 203
1127 12 43 105 464 125
1128 30 118 196 432
1129 17 32 212 337 458
1130 26 237 212 429
1131 17 352
1132 16 391 74 119
1133 13 102 182 169 476
1134 3 342 407
1135 5 51 290 89 399
1136 46 380 422 230
1137 4 455
1138 48 306 181 463 307 26
1139 40 120 205 241
1140 6 70 223
1141 25 147
1142 50 376
1143 22 98 10 382 378 316
1144 6 321 147 331 91 451
1145 20 174 97
1146 20 453 336 469 348 15
1147 29 88
1148 29 100 285
1149 37 318
1150 22 301
1151 47 453
1152 35 337 341 190
1153 25 332 40 303 368 310
1154 48 153 140 284 126 330
1155 37 226 152 37 258
1156 17 207 347 297 8 417
1157 4 300 357
1158 37 175 29 290 242 467
1159 5 29 495
1160 40 138
1161 18 446
1162 12 200 173
1163 31 235 232 210 165 197
1164 23 205 430
1165 26 396 36
1166 39 325 34 345 96
1167 4 150 57
1168 18 393 331
1169 1 190
1170 15 141
1171 19 206 158
1172 6 342 268 43 223 334
1173 25 444 393
1174 17 40
1175 1 446 206 444
1176 48 11 338 20 214 279
1177 24 129
1178 15 226 109 92
1179 16 304
1180 32 245 441 407
1181 14 319 40 84
1182 25 221 289 64 127 107
1183 39 397 172 132 33 140
1184 44 54
1185 35 232 244 227 203
1186 24 89 35 384 161 459
1187 29 317
1188 26 330
1189 22 463
1190 17 400 292 67
1191 30 144 23 332
1192 29 58 7 267 483
1193 26 92 306 211 127
1194 29 235 115
1195 4 433 460
1196 27 210 383 155
1197 20 463 280 47 216 321
1198 20 81 447 100
1199 39 25 252
1200 45 290 141
1201 7 434 40
1202 10 426 472 415
1203 13 340
1204 39 144 398 430
1205 18 177 5
1206 30 493 114 488
1207 18 134 499 18 23
1208 37 404 293 238 319
1209 12 213 396 380 494 349
1210 19 26 486 180 399
1211 24 222 320 223 180 84
1212 7 258 185 468 255 159
1213 18 357 340 222 149 36
1214 28 193 279 375
1215 19 118 463 193
1216 17 464 435 266 320
1217 22 85 58 498 48
1218 33 68 33 37 27 374
1219 43 185 131
1220 45 255 169 70 438 234
1221 18 244 446 451 173
1222 10 348 241 314
1223 34 61
1224 26 76
1225 49 221 354 143 308
1226 10 101
1227 9 188 347 196
1228 8 265 64 3 6 409
1229 42 118 272 38
1230 34 399 388
1231 25 123 51 424 164
1232 42 189
1233 11 248 6 258 276 479
1234 36 20
1235 45 162 8 471 303
1236 29 475
1237 50 477 126
1238 2 271 29 387
1239 24 87
1240 39 34 102 79
1241 18 384 464 221 417 126
1242 23 401 455
1243 4 229 9
1244 41 267 64
1245 9 66 221 122 32
1246 20 71 16 238 237
1247 23 100 357
1248 39 73 65 181 55 353
1249 11 156 97 172 301
1250 39 421
1251 35 316
1252 49 183
1253 45 89 193
1254 30 178 86 84 54
1255 6 353 6 269
1256 41 353
1257 35 298 350
1258 29 422
1259 26 227 443 26 246 434
1260 2 154 144 431 327 409
1261 42 43
1262 30 102 103
1263 36 370 309 46 328
1264 23 328 80 85
1265 36 74 160 171
1266 36 416
1267 1 434 420 122 406 131
1268 48 12 192 403
1269 27 335 19
1270 22 268 41 335 56 250
1271 39 492 370
1272 27 210 297
1273 17 453 162
1274 33 274
1275 8 375 165 103 177
1276 37 173 136 357 99 408
1277 49 402
1278 5 353 384
1279 25 117 203 141 238 127
1280 48 447 137 433 194
1281 44 194 121
1282 11 423 332 192
1283 1 489
1284 1 252 372 241
1285 13 327
1286 40 257 389 407
1287 23 286
1288 20 200 360
1289 43 469
1290 41 302 321
1291 47 42 339 417 323
1292 10 125
1293 3 192 73 314
1294 38 324 56 174 194 490
1295 10 466 107 313 5 173
1296 18 114 29 183 373 198
1297 37 128 410
1298 29 137 29 259 451 462
1299 27 127 149 92 57 452
1300 38 37 210 164 298 109
1301 24 107 418
1302 9 206 87 336 4 6
1303 14 436 125
1304 32 461 293 153 487
1305 20 470 165 457 386
1306 49 72
1307 37 314 257
1308 14 222 423 85
1309 25 38 207 75 133 329
1310 40 202 41
1311 20 355 444 20
1312 18 302 26 157 57 285
1313 6 76
1314 25 197
1315 36 386 161
1316 6 56 438 367 122
1317 16 245 153 145 208 217
1318 44 43 197
1319 32 7 94 207
1320 46 70 8 228
1321 39 23 204 163 332
1322 20 476 2
1323 40 452
1324 38 60 10
1325 39 88
1326 27 263 488
1327 14 148 265 178 493 378
1328 48 348 231
1329 3 421 490 88
1330 28 325 341 187 155
1331 49 315 117 361 402
1332 17 90 236 43 76
1333 14 496 279 86 12
1334 45 488 262
1335 23 147 444
1336 18 143 216
1337 47 254
1338 49 11 294
1339 39 46
1340 38 166 346 179 91
1341 42 442 93 433
1342 50 144 35 239
1343 29 299 118 26 229
1344 39 44 187 202 307 33
1345 33 230 12 39 350
1346 23 442
1347 42 318 249 5 326
1348 5 437 461
1349 38 45
1350 7 125 475
1351 31 369 174 380 141
1352 18 230 330 401 402
1353 9 344 431
1354 17 386
1355 25 165
1356 6 246 19 404
1357 29 18 349 197 274 44
1358 7 148 286 369 123 382
1359 9 360 70 6 387
1360 19 8
1361 12 466
1362 37 474 229 255 157 214
1363 14 144 52
1364 33 218 372
1365 48 286
1366 12 421
1367 38 156 326 427 415
1368 34 459 107 9
1369 47 126 24 450 148 159
1370 29 471 478 263 338
1371 33 421
1372 32 183 51 170 161 120
1373 35 342 144 50 213 17
1374 15 162 8
1375 9 363 395 320 179
1376 35 167
1377 45 370 310 105 215 471
1378 9 176 168 277 406 86
1379 38 323 437 202 69 142
1380 7 398 391 378 198
1381 46 256 221
1382 25 337
1383 5 421
1384 7 190 90 455
1385 24 291
1386 7 42 401 29 225
1387 22 169 93
1388 14 94 361 260
1389 26 272
1390 10 152
1391 46 7
1392 38 198 6
1393 38 354 393 261 201
1394 8 376 405 23 132
1395 23 99
1396 15 201 357 462
1397 46 190 182 37 371
1398 11 352 171 466
1399 2 406 68 136 327 266
1400 44 357 347 250
1401 41 489 2 80 60
1402 26 98 79 227
1403 15 46
1404 29 80
1405 24 243
1406 21 61 45 366 483 359
1407 46 395 396 230
1408 10 167
1409 5 197 495 223 154 73
1410 25 419 206 336 394 248
1411 6 29 227 471
1412 22 25
1413 5 270 412 156 10 33
1414 30 245
1415 10 468 143 151
1416 10 259 21 45 214 272
1417 13 494 123 77 127 375
1418 27 94
1419 46 260 378 366 222
1420 24 61 163 33 206
1421 11 323 84
1422 37 360 270 265
1423 29 256
1424 20 428
1425 1 139 137 70
1426 8 63 20 465 76
1427 34 146
1428 26 359 131 480
1429 44 389 400 274 193
1430 35 89 80 302 335 330
1431 35 30 233 474 148
1432 44 370 7
1433 35 14 148 78
1434 50 165 362 479 170
1435 9 88 283 154 56
1436 12 479
1437 40 246 251
1438 29 250 227 307 194
1439 41 329 483 327 53 253
1440 17 30 489 196 226 204
1441 9 97 422 117 355
1442 46 335 26 404 24 264
1443 38 390
1444 14 313 97
1445 9 209 446 175
1446 34 299 435 151 346 258
1447 28 445 37 182 440 469
1448 17 375 249
1449 39 451 188
1450 1 352
1451 17 376 88 289 355
1452 15 466 481 443 230
1453 9 86 47 116 384 110
1454 7 386 147 138 210 335
1455 22 457 268 489
1456 15 322 414 296 381
1457 2 72
1458 1 389 228 422
1459 3 196 56 420
1460 41 153 210 104
1461 20 43 213 117
1462 35 454 165 354
1463 3 278
1464 34 476 355 81 188 311
1465 1 108
1466 47 178
1467 46 435 434 242 416 202
1468 20 388 380 139 164
1469 19 403 318 188 376 64
1470 29 489 420
1471 19 56 330
1472 7 375 112
1473 33 318 494
1474 17 335
1475 40 82 43 190 204
1476 26 280 36 261 423 205
1477 2 87
1478 48 446 280 224
1479 11 22 381 5 391
1480 15 285 444 333 124 282
1481 27 207 183 279
1482 30 142 178 457
1483 4 77 475 260
1484 5 125
1485 31 500 140 41
1486 15 117 468 173
1487 23 288 497 174 81
1488 34 370
1489 44 206 264
1490 24 470 126 203 317
1491 33 446
1492 46 13 283 36
1493 47 129 140
1494 8 403 88
1495 23 353 485 28 86
1496 17 321 244 386
1497 42 132 67 75
1498 23 265 298
1499 27 356 42 324 204
1500 6 305 230 184
1501 44 418 163 481
1502 3 177
1503 35 37 349 200 26 220
1504 19 282 172 68
1505 22 273 203
1506 18 135 225 238 74 256
1507 50 297
1508 14 468 50 179
1509 7 32 57 158 396
1510 29 128
1511 1 479 451 282 427
1512 26 201 158 410
1513 24 382 301 24 409 494
1514 8 321 383 178
1515 5 353 493 15 79
1516 33 484
1517 46 465 156 180
1518 16 174 166 422
1519 45 266 368 362
1520 34 192
1521 37 364 159 17
1522 22 425
1523 13 473 380 184
1524 15 365 49 484 447 109
1525 41 485 200
1526 29 312 388 346
1527 3 273 411 460
1528 44 500
1529 24 327 440
1530 42 467 187 182 225
1531 26 255 242 292
1532 39 414
1533 2 314 416
1534 31 64 474 470 432 332
1535 19 492 108
1536 16 402 423 304 467 364
1537 19 246
1538 8 147 254 5 395 366
1539 18 337 199 206 191
1540 32 98 399 358 187
1541 26 240 374
1542 12 15 155 18
1543 19 139 442 500 287 385
1544 15 135
1545 12 49 481 303
1546 19 334 400 408 93
1547 9 154 79
1548 15 331
1549 47 339 349
1550 41 199 407 64 121 313
1551 5 488 355 442
1552 4 254 177 103 474
1553 36 373 53
1554 26 16 300
1555 5 358
1556 24 281 334
1557 12 433 316 182
1558 20 72 358 147 444
1559 32 10 306 328 381
1560 40 52 108 429 439 204
1561 23 48 235 60 340 87
1562 36 210 44
1563 22 82
1564 50 143 229 378 284
1565 45 138 490 324 117
1566 15 289 158 48 345 325
1567 38 393 340 184 106 204
1568 48 386 459 272
1569 39 132 40
1570 13 256 258 53
1571 49 86 61 356 50 412
1572 21 461 349 29 28 257
1573 1 415 405
1574 39 121 495 318 269
1575 33 480 417 371 443 164
1576 6 36 325 75 343
1577 2 70 160 159 50
1578 13 299 345
1579 7 461
1580 35 164 436 151 405
1581 4 416 256 463
1582 35 220 247 285
1583 13 340 150
1584 9 457 245 123 49
1585 27 40 277 242
1586 4 364 85 7 492 259
1587 48 258 187 128 454
1588 28 98 487 497 346
1589 13 15 396 371 21 10
1590 8 499 387
1591 32 39 196 140 277
1592 18 321 397 302 500
1593 50 254 303 239 155 362
1594 9 144
1595 39 346
1596 35 359 365
1597 39 384 332 330 233
1598 45 308
1599 35 251
1600 6 23 344 420 97
1601 47 95 407 169 132
1602 4 230
1603 19 493 446 179 38 356
1604 22 194 457
1605 30 256 320 296 3 404
1606 50 275 357 452 80 96
1607 37 466 207 33 487
1608 33 109 328 168 492
1609 15 484 239
1610 34 260 66 161 38 62
1611 11 324 244 63 268
1612 42 255 75 85 196 168
1613 33 304 433 397
1614 3 38 115 267 121 330
1615 17 487 10 145 222 116
1616 8 409 386 61 365
1617 26 200
1618 44 415 87 180
1619 31 4
1620 42 21 295 75
1621 46 253 241 118 252 137
1622 10 136
1623 20 218
1624 23 454
1625 43 195 234 445
1626 40 316 2
1627 13 16 231
1628 2 155 288
1629 47 110 334 25
1630 24 468
1631 35 463 248 213
1632 31 150 28 105
1633 21 233 429
1634 21 192
1635 37 231 156 131 78
1636 42 158 3 123 153
1637 45 17 96 298 350 270
1638 14 475
1639 14 127
1640 19 324 291 365 104 76
1641 48 415 87 221
1642 43 144 477
1643 19 468 343 366 214 424
1644 3 101 166
1645 22 498 435 23 26 242
1646 36 386 362 370 224 176
1647 46 159 318 173 341 292
1648 27 139
1649 28 290 455 449 48 5
1650 44 372 205
1651 44 494 246
1652 28 81
1653 36 473 97
1654 34 387 347 53 272 217
1655 12 299 155 361 395 346
1656 48 214 359 233
1657 33 10 131 282 379 87
1658 44 269 235 61
1659 27 326 367
1660 45 181 207 223 267 425
1661 9 210 498 362 80
1662 35 495 182 277
1663 36 404 372 392 399 232
1664 25 184 430
1665 45 272 16 470 129
1666 41 181
1667 5 179 86 319
1668 3 479
1669 29 21 493 448 376
1670 49 361 377
1671 10 451
1672 50 414 440 43 50 408
1673 8 428 349 191
1674 6 301 215
1675 26 65
1676 31 251 281 374 33
1677 26 377 154 152
1678 30 427
1679 17 254 474 476
1680 2 459 428
1681 12 372 378 316 15
1682 17 281 442 273 480
1683 20 256 280 124 242
1684 42 258 239 26
1685 32 227 456 169 271
1686 13 109 123 211
1687 7 404 407 424
1688 31 207 390
1689 7 133 22 436 1 111
1690 19 106 254
1691 3 76
1692 16 317 419 442 422
1693 32 128 120 436 347
1694 21 133
1695 11 302
1696 11 149 106 181
1697 23 281 258
1698 5 137 490 209 467
1699 35 73 269 496 290 451
1700 20 348 167 40 331 488
1701 4 110 64
1702 34 384
1703 48 309 495 153 152
1704 23 446 332
1705 28 18 280 234 38
1706 15 319 173
1707 32 200 309 39 308 127
1708 36 448 189 184
1709 23 324 488 24 381
1710 39 223 146 23 269
1711 20 57 476 73 331
1712 21 103 432 195 160 171
1713 39 257 460 355
1714 44 396 449
1715 8 295
1716 3 314
1717 34 288 77 85
1718 45 68 156
1719 9 496 343 86 2 396
1720 18 436 343 135 264 383
1721 25 381 376
1722 31 251 71 156 487 105
1723 12 327 47 152 337 381
1724 12 302 258 263 444
1725 42 177 258
1726 8 232 230 317 87
1727 27 352 466
1728 22 435 181 477 317 458
1729 21 391 202 320
1730 42 371 456 234
1731 34 254 282
1732 45 151 200 126
1733 16 162 152 110
1734 41 44 219 2
1735 33 125 376
1736 8 136
1737 18 177 309 421
1738 27 434 251
1739 21 323 155 73
1740 24 490 170 275 254 270
1741 45 350 91
1742 37 20
1743 16 202
1744 33 484 15
1745 37 172
1746 20 143 297 94 53 330
1747 25 59 307
1748 17 232 313 31 211 392
1749 12 292 352 113 246 464
1750 45 239 318 289
1751 38 492 203 286 191
1752 23 387
1753 40 32 449
1754 32 297 140 135 246
1755 26 102 72 376 354 151
1756 16 217
1757 4 380
1758 21 73
1759 46 371 268 305
1760 25 388 437
1761 42 334
1762 23 363 133 285
1763 21 452 175 165 195
1764 36 361 27 81
1765 43 226 153 209 480 432
1766 49 281
1767 17 218 403
1768 44 193 398 168
1769 30 156 123 164 3
1770 27 329
1771 25 341
1772 38 101 455 140
1773 14 495 330 236 256 202
1774 28 414 63
1775 42 179 271
1776 11 188 251
1777 11 411 65
1778 46 219 142 81 316
1779 44 400 246 81
1780 7 488
1781 44 205 468 472 328
1782 34 476 307 407
1783 22 226 170 357 32
1784 38 315 430 359 495
1785 24 206 494 60
1786 17 426 337 116 55
1787 48 409 216 224 425 491
1788 15 191 44 249 479
1789 31 254 431 359 88 417
1790 21 181 393 249 338
1791 14 197
1792 37 450 13
1793 26 76 464 283 8
1794 12 376 446
1795 8 389 322 307
1796 46 424 352 386 300
1797 21 25 153 269 355
1798 29 415 107
1799 33 160 260 49
1800 25 242 76 103 216
1801 20 372 490 414 363
1802 33 391
1803 27 36 11 264
1804 18 61 129 449
1805 49 26 172 238 341 66
1806 33 354
1807 39 77 411 132 28 82
1808 43 170 4 438 54 475
1809 29 310 79 19
1810 47 445
1811 29 278
1812 16 32 294
1813 23 64 247 406
1814 50 364 367 494 36
1815 12 243 48 475 19
1816 23 314 155
1817 24 489 53 136 373
1818 48 423 58 500
1819 41 191 473 498
1820 7 487 34 117 498
1821 14 76 129 361 191
1822 6 174 22 182 1 224
1823 46 392 472 37
1824 5 92 46 495
1825 21 344
1826 23 403 387 319 278 89
1827 30 499
1828 8 340 433 231
1829 19 258
1830 32 119 287
1831 15 184
1832 20 150 371 414 86 247
1833 11 244 427
1834 31 131 238 79 288 89
1835 34 488 468 395 423
1836 27 253 3 92 459
1837 4 357 281 381 482 324
1838 26 488 18 160
1839 45 498 488 95 104
1840 31 362
1841 23 216 408 138 204 231
1842 33 314
1843 16 418 193 80 474
1844 16 16 263 373
1845 16 106 18 151
1846 12 379 70
1847 26 353
1848 39 96 5 22 320 134
1849 26 26 409 355 164 38
1850 49 117 334 207 353 90
1851 18 5
1852 25 279 138 289 194 496
1853 33 422 113 131
1854 14 85 235 412 218 105
1855 32 229 445 170 193
1856 40 43 241 452 405 248
1857 1 157 365
1858 44 367 212 368 384 50
1859 34 395
1860 50 100 443
1861 40 2 102 330
1862 16 91 398 187 52
1863 27 446 263 34
1864 13 372
1865 30 267 209 445
1866 13 40 106
1867 49 177 265
1868 45 200 450 34 196 347
1869 24 16
1870 21 127 334 215 259
1871 19 252 134 30
1872 14 139 440 373
1873 42 240 330 214 445 108
1874 21 357 321 347 465 279
1875 30 474 442 350
1876 44 103 300 214 498 327
1877 29 69 141 276 386 320
1878 10 277 381 419 141
1879 29 283 374 334 463 129
1880 1 77 185 351
1881 49 207 451
1882 22 427 47 398 144 384
1883 2 45 101
1884 21 196
1885 7 266 229 362
1886 7 242 97
1887 47 90 27 371 206
1888 36 26 288
1889 35 168
1890 10 41 192 121 472
1891 31 322 293 447 243
1892 12 110 377 210
1893 16 142 390 114 291 203
1894 7 127 279 56
1895 4 190
1896 14 95
1897 24 199
1898 5 27 259 474
1899 18 471 39 257 379
1900 29 392 380 66 347
1901 3 182 203 455
1902 40 385 246 12 202 5
1903 19 98 227 458 235 83
1904 48 145
1905 14 363 499 101 446 85
1906 25 365 86
1907 21 82 247 435 222
1908 40 190 8 128
1909 15 468
1910 6 122 354 226 242
1911 48 314
1912 42 212 306 61 449
1913 22 26
1914 2 413 353 455 365
1915 33 402
1916 27 397
1917 38 380
1918 27 447 389 174
1919 28 32 36
1920 5 86 152 356 287 129
1921 2 55 431 72
1922 19 454
1923 18 105
1924 3 368 469 285
1925 49 9 91 263
1926 49 24 170 397
1927 45 279 362 243 116 318
1928 36 436
1929 45 152 133
1930 37 151 10
1931 8 286 109 396
1932 48 497 262 441
1933 6 72 490 88
1934 11 458 391 141
1935 13 253 283 24
1936 19 326 80 3
1937 39 481
1938 30 498 48 93
1939 32 270 347 400 172 278
1940 45 233 40 265 208 455
1941 17 198
1942 31 391 468 152
1943 9 461 228 424 292
1944 38 397 432 214 146 179
1945 2 45
1946 29 52
1947 37 123 32
1948 49 394 182
1949 28 417
1950 11 441 148
1951 26 97 18
1952 25 155
1953 14 199 489 5 420 66
1954 24 258 269
1955 37 289 126 360
1956 40 272 384 206
1957 46 312 321 81
1958 27 296 103 347
1959 13 134 155 385
1960 42 132 109 442 250
1961 3 32 217
1962 33 46
1963 9 349
1964 38 324 287 471
1965 21 193 271 338
1966 21 317 269
1967 21 472 259
1968 1 8 181 484
1969 8 462
1970 21 2 252 130
1971 44 380
1972 48 367 345
1973 9 190 307 328
1974 23 357 305
1975 41 15 80 195
1976 18 155 451 200
1977 24 44 360
1978 27 469 326 284 98
1979 44 271 351 234 181 359
1980 4 33 169
1981 38 80
1982 2 127
1983 11 437 11 4
1984 9 87
1985 19 101 48
1986 21 285 366
1987 50 2 407 149 328
1988 10 496
1989 1 481
1990 10 196 160
1991 30 497
1992 4 74 164 421 376
1993 16 410 369 31
1994 2 106 14 231 2
1995 13 260 9 109 209
1996 8 62 295 41 291 76
1997 47 395 418 3
1998 26 500
1999 24 230 347 109 172 284
2000 31 57
2001 8 301 16
2002 36 215 465
2003 14 43 434 172 246 497
2004 10 50 108 15 252 130
2005 9 444 419 380 84 282
2006 25 388 64
2007 32 248 200 476 422 28
2008 27 185 461 349
2009 3 60 215 479
2010 17 97
2011 10 360 128
2012 50 175 88
2013 34 266
2014 40 429
2015 8 455 364 65 297 433
2016 42 157 146 411 85
2017 25 434 472 98 201 211
2018 28 250 265 263
2019 15 301 414
2020 20 294
2021 15 182 449 251 45 177
2022 24 323 98
2023 19 410
2024 11 220 255 419 423
2025 25 261 170 90 318
2026 37 448 84 145 82
2027 13 15 245 307 397
2028 23 38 472
2029 13 261 136 218 42 332
2030 46 16 404
2031 29 450 167 135
2032 45 262 148 376 478
2033 43 163 448 59 106
2034 24 358
2035 22 95 209 141 154
2036 27 150
2037 46 227
2038 17 209 335 214 352
2039 50 233 454 139 162 229
2040 14 266 240 313 320
2041 40 174 406 268
2042 31 437 78 492
2043 17 482
2044 27 274 208
2045 37 427 48 436
2046 18 303 189 309
2047 23 39 486 188
2048 22 460
2049 9 58 397 488 358
2050 44 104 60 157 500
2051 3 347 471
2052 47 73 333 197
2053 32 154
2054 21 183
2055 14 320 443 455 75 124
2056 49 280
2057 7 463 3 340
2058 36 74
2059 49 304 272
2060 44 166 130 57 392 146
2061 21 124 146
2062 41 16 189 273 267 345
2063 45 336 457 114 353
2064 10 10 1 349
2065 3 246 301 445
2066 49 279 201
2067 44 401 428 59
2068 44 363 142 111 49
2069 30 101
2070 22 131 249 178 324 475
2071 42 497 290 246 135
2072 26 69 356 102 114
2073 48 395 105 331 301
2074 32 485 180 348
2075 23 377 426
2076 22 93
2077 9 307 98
2078 43 50 181 316 363
2079 30 402 191 457 460
2080 6 330 319 76 95 345
2081 41 253 426 176
2082 7 296 115 497 294
2083 7 371
2084 32 459 5
2085 50 368 146 382 248
2086 25 16 276 50
2087 43 295 273 227 23
2088 4 89 215
2089 44 77
2090 49 57
2091 8 78 27 431
2092 16 160 302
2093 37 444 159
2094 14 425
2095 21 331 2 375 270
2096 39 317
2097 44 500 345
2098 48 439 349 40 319 458
2099 14 49 370 462 251
2100 47 130 462
2101 41 498 118 88 128 428
2102 28 100 103 92 143 219
2103 6 252 265
2104 25 287 107 222 497
2105 44 146
2106 2 219
2107 19 81 7 377 496
2108 49 285 76 395 441
2109 22 238 482
2110 43 149 211 248 242
2111 11 297
2112 8 298 274 206 241
2113 28 85 451 107
2114 9 297 418 497
2115 3 206 350
2116 8 69 448 474
2117 15 74 78
2118 49 144
2119 1 75 374 490 319 455
2120 41 367 372
2121 44 362 477 85 360 180
2122 50 53
2123 13 110 67 229
2124 36 111 279 328 357 290
2125 33 93 42 146 371
2126 17 48 327 124 325 3
2127 4 478 222
2128 48 250 284
2129 27 372 110 156 362
2130 25 117
2131 31 257 347 241 479 310
2132 3 434 272
2133 40 215
2134 11 50 479 185
2135 7 35
2136 29 446 354
2137 9 463 119 70
2138 44 274 134
2139 29 103
2140 25 45
2141 33 473 428 61
2142 23 378 169 157 183 210
2143 17 464 104
2144 8 194 220 430 19
2145 29 25 135 226
2146 8 271
2147 8 357 253 328
2148 42 293 42
2149 30 376 387 7 389
2150 32 375 291 81 380
2151 50 351 414 185
2152 42 51
2153 36 491 52 327 132 138
2154 12 154
2155 8 483 153 364 164
2156 6 354 213 388 222 405
2157 10 348 202 283
2158 24 141 337
2159 19 416
2160 46 416 162 439
2161 17 416 111 70
2162 22 277 65
2163 1 73
2164 28 482 311 421
2165 28 346
2166 1 247 365
2167 47 70 292 430 460
2168 6 54 493 105
2169 42 342 87 212 475 423
2170 2 220 267 293
2171 3 210
2172 16 411 183 311 56
2173 6 355 81 425 181
2174 12 28 115 499 460 475
2175 36 270 239
2176 4 41 153
2177 1 405
2178 22 41 128 185 384
2179 48 481 323 326 34 310
2180 48 409
2181 14 344 149
2182 8 35 72 6 367 95
2183 17 215 440 292
2184 12 325 205 140 126 236
2185 13 234 468 287 103 140
2186 14 236 25 33
2187 48 188 182 319 238
2188 15 421 454 450 330 354
2189 17 379 376
2190 14 303 250 185 98 465
2191 26 17
2192 18 288 242 433
2193 45 319 300 322 96
2194 34 300 273 88 387
2195 30 355
2196 45 368 185
2197 20 24 247
2198 23 429
2199 22 341 162 449 165
2200 38 49 355 127 407 219
2201 7 137 38 82
2202 44 76 57 74 414
2203 44 93
2204 7 339 454 262 397
2205 19 286
2206 17 150 325 335 428
2207 50 431 258
2208 1 435
2209 48 204 493 150 474
2210 43 391 4 223 207
2211 42 126 497 23
2212 41 273 434 83
2213 39 383 480 105 254
2214 41 205 59 273 301 438
2215 11 263
2216 15 420
2217 49 353
2218 15 65
2219 29 94 194
2220 45 390 373 269 108
2221 10 325 408 390 129 249
2222 30 498 490 445 238
2223 34 219
2224 33 287 109
2225 34 203 347 99
2226 26 115
2227 8 457 363 397 385 372
2228 4 108 15 276 319 41
2229 30 309 469 180 381
2230 35 115
2231 6 199 375
2232 31 46 131 288 256 439
2233 21 299 208 385 207
2234 10 380
2235 11 324 310 57 112
2236 27 11 260
2237 11 355 297 463 333
2238 46 175 76 161 416 60
2239 11 173 119
2240 39 490 86 46 170
2241 44 58 474
2242 43 467
2243 20 35 295 292 298 490
2244 22 473 122 92
2245 12 495 459 314 470
2246 14 238
2247 47 496
2248 34 316 423 187 241 220
2249 38 263 335 111 134 360
2250 25 332
2251 27 216 452
2252 12 452 347 477
2253 11 467 485 360 147 352
2254 23 5 268 138 25 405
2255 2 106 93 139 486 15
2256 28 327
2257 44 476 2 399
2258 7 228 157 454
2259 11 86
2260 8 250
2261 27 395
2262 35 172
2263 46 327 119 168 246 51
2264 27 328 471
2265 36 89 449 199
2266 8 467 234 185 328 329
2267 21 338 85 412 83 3
2268 12 342 183
2269 40 156 338 190
2270 5 18 54 209
2271 25 394
2272 5 468 262
2273 17 493 105 368 284
2274 11 39 224 257 225 140
2275 32 271 132 119 144
2276 46 141 152 129 462
2277 45 131 475 246 382
2278 16 19 495
2279 45 346 162 284 408 498
2280 21 423 50 33
2281 27 167
2282 15 71 294 384 421 197
2283 25 458 293 244 367 433
2284 34 464 160 321 94
2285 4 263
2286 34 273 206
2287 21 399 330 2 445 204
2288 11 135 291
2289 27 372 213 449
2290 45 14 306 179 300
2291 38 376
2292 20 294 345
2293 43 211 170
2294 19 65 284
2295 47 453 17
2296 45 357
2297 45 394 35 69
2298 33 368
2299 35 447 294
2300 20 196 433 43 368
2301 43 232 168
2302 44 453
2303 39 68 464 333 286
2304 3 314 422
2305 8 9 20 500 448
2306 2 77 496 29 423
2307 1 39 51 91
2308 11 15
2309 25 468 464
2310 28 290 97 82 122
2311 19 291 106
2312 21 237
2313 19 459 127 468 493
2314 42 384 347
2315 1 474 243 134 482
2316 48 210 204 497 294
2317 4 185 145 176 314
2318 44 221 135 23
2319 42 186 498 411
2320 26 435 454
2321 16 296 336 290 104 97
2322 47 295 379
2323 2 320 90 429 248
2324 45 237 465 280 354 204
2325 8 95 128 63
2326 28 334 422 92 263
2327 34 101 351 134 161
2328 9 116 276 313
2329 45 221 333
2330 8 363
2331 19 110 347 146 187
2332 22 117 246
2333 12 141 314 174 124 401
2334 26 401 471
2335 21 98 384 24
2336 2 371 420 289 141
2337 26 67 146
2338 32 477 435
2339 45 60 229 438 359
2340 43 431 428
2341 30 106 368
2342 1 15 371 437 499
2343 41 175 446
2344 36 248
2345 30 418 194 405 201
2346 9 47 22 130 357 450
2347 11 246 164 165 406 364
2348 16 104
2349 5 352 190
2350 17 433
2351 50 129 199 4
2352 41 264 106 44 46
2353 33 421 167 279 436 118
2354 50 59 380 3 166
2355 11 500
2356 30 417 217
2357 12 425
2358 49 412
2359 38 477
2360 23 187 309 230 110 451
2361 12 411
2362 29 246 209 488 345 156
2363 3 208 301
2364 9 323 112 332 25 164
2365 48 492
2366 9 257 368
2367 8 152
2368 21 232 304 112 20 128
2369 42 266 345 135 249 48
2370 27 439 345 295 78
2371 34 84
2372 21 170 454
2373 35 184 234 471 475 189
2374 49 45 345 151
2375 43 395 107 1 451 486
2376 34 471 215 200 496 184
2377 4 34
2378 17 457 61 241 213
2379 13 498
2380 16 203 191 487 34
2381 40 18 326
2382 37 334 158 183 98
2383 45 432 414 142
2384 41 298 220
2385 47 500
2386 41 307 371 237 35 262
2387 13 458
2388 46 379 290 218 263
2389 20 18 457 301 61
2390 4 495 98 55 123
2391 48 451 494 67
2392 10 183 143 426 468
2393 15 340
2394 2 81 96 12
2395 35 34 335 129 377
2396 1 472 342 124 94 98
2397 25 420 374
2398 6 40 139 161 296
2399 2 81 299 492
2400 46 389 424
2401 23 395 284 172
2402 12 245 218
2403 26 173
2404 33 364 145
2405 35 252
2406 14 393 429 399 254 118
2407 20 63 436 391 39 340
2408 13 430 199 233 204 388
2409 48 152 320 328 435
2410 20 324
2411 35 433
2412 42 186 246 360
2413 13 337 284 39 461 66
2414 43 409 4
2415 10 199 106 88 112
2416 3 270 111 102
2417 49 107
2418 33 315
2419 43 385 83 183 298
2420 28 162 495 298
2421 17 327 477 447
2422 40 309 46
2423 44 341 323 74 62
2424 43 219 491
2425 15 169 42
2426 28 356
2427 45 344 183
2428 12 32 263
2429 34 30
2430 24 476 160 258 298
2431 46 351 131 294 79
2432 13 280 281
2433 10 98 39
2434 43 311 357 26 85 473
2435 43 181 459 297 424
2436 45 244 314
2437 24 156 99 104
2438 22 372 238 17 70
2439 50 249
2440 36 299 441 293 158 76
2441 36 150
2442 30 139 470 467 270
2443 31 333 15 373
2444 21 84 257 496 348
2445 49 161 386
2446 26 161
2447 10 328 266 52 476 344
2448 17 48 199 455
2449 44 187 81 476
2450 33 263 118 389 451 221
2451 19 462
2452 21 274 117 485
2453 37 146
2454 48 483 179 120 377
2455 46 208
2456 16 357
2457 33 393 277 42
2458 35 351 150
2459 38 24 116
2460 39 171 130 458 465
2461 23 244 248
2462 39 57 390 14
2463 3 122 106 189
2464 25 79 261
2465 37 462 360
2466 41 78 453 461 185
2467 44 499 500 1 418 355
2468 31 411 230 322
2469 38 135 116 444 33 245
2470 42 203 427 186
2471 15 364 209
2472 1 324 307 389 197 215
2473 31 339 59
2474 11 29 41 329 191 348
2475 28 92 255 499 388
2476 28 132 492 142 59 432
2477 9 123 219 111
2478 25 366 31
2479 36 372 94
2480 41 257 240 120 396 112
2481 16 428 477 288 71 242
2482 2 130 309 451
2483 19 155 263 481
2484 8 285 85 500 128
2485 27 440 460 456 372 155
2486 38 172 222 410 263 205
2487 13 490
2488 24 425 225 450
2489 1 236 380 80 140
2490 29 151 470 131 39
2491 39 230 123 486
2492 8 317 298 381 304
2493 3 161 283 85
2494 4 241 114 447
2495 7 370
2496 26 428 117 107
2497 38 451
2498 13 223 379 208
2499 4 486 173 71 393 441
2500 20 82 328
2501 37 70 365 156 298 146
2502 3 49 293 131 396 107
2503 15 172 251 67 99 269
2504 31 54
2505 8 140 189 97 153 263
2506 29 115 65
2507 43 76 436
2508 14 258 171
2509 30 125 398 139 20
2510 23 466 299
2511 10 250 375
2512 16 238 387 474 125
2513 11 52 69 114 385
2514 18 423 389 320 465
2515 1 191 297 361 253 410
2516 19 324 263 490 415
2517 18 387 114
2518 6 335 217 80 218
2519 32 377 144 390 203
2520 36 368 224 481 268 163
2521 49 38 452 78
2522 29 450 101 93 490 373
2523 13 96 174 16
2524 2 266 323 250
2525 14 20
2526 19 359 441 204
2527 6 475
2528 20 13 108 211 24
2529 49 401 79 307 278
2530 3 354 60 331 190
2531 30 165 112 127
2532 6 434 140
2533 28 53 342
2534 27 111 139 217 176 267
2535 2 411
2536 28 114 493 483 161 411
2537 20 387 337 129 200 346
2538 28 105 366 473
2539 42 224 37 252 450 4
2540 35 3 194
2541 18 30
2542 13 236
2543 13 16 367
2544 33 410 98 44 377 78
2545 43 36 60
2546 34 308 365 346 394
2547 8 483 359
2548 30 122 401 218
2549 40 329
2550 22 375 173
2551 9 196 192
2552 49 453 65 429 164
2553 32 238 200 95
2554 38 38
2555 14 390 233 493 178
2556 7 388 403 348
2557 15 405 360 318
2558 26 495
2559 22 139 463 138 53 473
2560 42 250 376 332
2561 28 65 12 388
2562 9 228 363 499 460
2563 41 189
2564 48 337 35 484 24 34
2565 46 100 161 487 388
2566 49 364
2567 9 452 16 277 425 486
2568 22 371 3 166
2569 27 48 229 354 363 304
2570 12 235 173 484 47 289
2571 22 307
2572 50 195
2573 21 148 476 381
2574 6 270 169 80
2575 10 103 60
2576 10 215 356 480 5
2577 4 396
2578 36 322 84 302 211 370
2579 8 105 166 392 184
2580 40 442 363 65
2581 43 90 384 157 40 124
2582 45 59 500
2583 40 412 333 74
2584 32 443 82 173
2585 4 500 300 226 274 5
2586 48 478 464 462 351
2587 4 106 335 22 60
2588 11 252
2589 37 34 321 304 475 183
2590 35 295 204
2591 38 320 335 366
2592 3 461 203 95 315 366
2593 45 242
2594 2 170 341 206 311
2595 40 176
2596 36 281 249 412 215 378
2597 9 450 471
2598 44 9
2599 2 177 207 218 181
2600 15 65 222 163 269 331
2601 24 264
2602 25 224 232 436
2603 25 481 386 438 104 320
2604 40 61 237 349
2605 41 422 419 429 310 128
2606 49 24 95 36 119 451
2607 35 212 462
2608 30 359 333 385 268
2609 45 248 128 390 379
2610 18 51 294
2611 32 434 172
2612 4 133 81 238 262 186
2613 22 324 474
2614 11 8 123 258 387
2615 40 264 83 481 177
2616 50 92 250 447 342
2617 47 25 405 88
2618 14 339 342
2619 35 318 383 89
2620 28 485 63 167 72 427
2621 3 144 342 103
2622 28 489 441 90 302 196
2623 32 293 214 225 287
2624 10 486 292 2 483 269
2625 9 363 268 343
2626 22 231 211
2627 14 468 380 44 230
2628 42 290 449 293 431 61
2629 19 422 214 377 490 134
2630 26 95
2631 29 276 25 411
2632 17 310 373 268
2633 7 42 100 47
2634 32 392 402 33 409
2635 22 217 470 105 458 334
2636 35 417 388 118 470 292
2637 11 184 112 140
2638 13 36 304 396
2639 15 198
2640 48 227 484 3
2641 19 41
2642 24 121 10 278 456
2643 37 197 267 475 326
2644 2 344 266 368
2645 23 23
2646 24 213
2647 10 93
2648 39 85 193
2649 20 381 279 142 78 387
2650 26 236 380
2651 47 54 255 434
2652 5 486 448 452 268 167
2653 41 15 28 400 480 358
2654 22 466 221 452 95 30
2655 4 37 102 62 493
2656 45 260 350
2657 22 43
2658 12 144 471 163 284
2659 7 186
2660 47 153
2661 23 417 451
2662 4 257 370 417
2663 49 437 438
2664 41 485
2665 1 317 34 257
2666 28 113
2667 37 482 333 276
2668 9 102 183 86
2669 13 57 123 7 243 153
2670 31 20 237 425
2671 41 226 14 218
2672 21 465 481 150 299 236
2673 46 263 253
2674 47 339 361 224
2675 46 483 21 166 62 439
2676 24 194 43 448 83 494
2677 5 359
2678 14 222 175 348
2679 45 466 405 176 114 32
2680 31 68 257 425
2681 1 38 213
2682 44 40
2683 10 108 359 410 26
2684 24 36 307 7
2685 43 293 357 44
2686 13 317
2687 5 464
2688 21 415
2689 14 268
2690 29 389 356
2691 4 480 391 284
2692 48 118 407
2693 15 368 34 83 160 474
2694 34 327 255
2695 4 183 493 61 399 206
2696 43 340 489 190
2697 48 451
2698 19 318 358 436 249 130
2699 23 97
2700 34 465 145
2701 22 173 43 175 108
2702 21 70 295 204 239
2703 4 179 334 219 322 255
2704 13 201 256 173 217
2705 44 11
2706 27 393
2707 14 195 165 204 410 15
2708 6 26 269
2709 22 72 401 37 154
2710 12 67 42
2711 46 424 346
2712 12 88 401
2713 32 384 147
2714 47 363 298 83
2715 14 396 181 203 25 292
2716 28 125 357
2717 48 239 142 346
2718 49 88 148 351 246 23
2719 42 388
2720 45 471
2721 31 378 71 428
2722 8 351 439 244
2723 45 108
2724 6 83 130 38 331
2725 38 113 77 402 193 451
2726 2 74
2727 20 154 80
2728 17 466 129 357 251
2729 48 422 80 207 398
2730 44 54 246 237
2731 20 80
2732 10 412
2733 50 439
2734 48 475 499 390 45
2735 6 368
2736 10 410 82 469
2737 38 73 431 297 495
2738 21 169 377 426 24
2739 17 115 394 236 205
2740 1 231 442 89 423 235
2741 44 484 67
2742 5 38 69
2743 31 63 481 500 372 255
2744 32 372 242 445
2745 12 398
2746 19 10
2747 49 345
2748 41 157
2749 10 478 380 351 27
2750 13 93 348 120 209 433
2751 44 169 26
2752 44 211 184 43 130
2753 10 266 24 243
2754 37 470 197 321 395
2755 16 133 127 38 28 178
2756 50 6 297 492
2757 4 360
2758 41 282 422 256 460 249
2759 17 205 61 95 110 10
2760 7 16 418 120 216
2761 27 493 451
2762 9 347 34 128 55 208
2763 47 295
2764 46 477
2765 49 192 195 33 318 281
2766 15 141 472
2767 4 254 437 144
2768 20 162 454 74
2769 30 116 16
2770 36 434 258
2771 13 142 132 38
2772 8 247
2773 47 3 96 319
2774 37 76
2775 38 92 492 203
2776 6 179 33 348 91
2777 37 251
2778 24 474
2779 6 400 25 13
2780 31 120 242 435 332 260
2781 34 281 443
2782 41 415
2783 49 169 147 337 389
2784 26 28 397 495 140
2785 7 34 291 426 110
2786 20 363 169 304
2787 7 412
2788 42 50 65 396 487
2789 12 369
2790 25 376 237 43
2791 30 393 192 100 144
2792 18 65 342
2793 14 440 284
2794 13 372 241 76 433 239
2795 14 478 160 177 262
2796 32 319 269 306
2797 33 207 322 89 288 493
2798 49 146
2799 31 249
2800 18 251 353 247 119
2801 35 335 414
2802 44 250 305 323
2803 22 34 241 424 474 203
2804 1 417 247 400 44 16
2805 34 312 140 427 203 450
2806 35 180 143
2807 21 415 312 163
2808 42 479 482 499 285 33
2809 2 173 397 364 175
2810 30 326
2811 49 345 500
2812 8 108 135 446
2813 29 411 391
2814 33 467 438 2
2815 48 295
2816 39 308
2817 48 334 353 299
2818 7 108 111 240 59 305
2819 46 498 144
2820 25 28 41 285
2821 19 275 260 333
2822 1 25 412
2823 13 348
2824 23 189 69 472 18 68
2825 37 266 265 11 371 359
2826 18 319 116
2827 35 165
2828 48 72 15 346 173 139
2829 5 59
2830 46 312 304
2831 48 264 96 497 320
2832 33 487 212 197
2833 16 192 163 59
2834 7 216
2835 5 441 346 449 314
2836 4 238 31
2837 43 489 12
2838 47 234 406 314 17 195
2839 33 54 184 128
2840 44 422 427
2841 43 283 389
2842 3 252 198 477 315 300
2843 8 298 155 458 44
2844 39 184 444 254
2845 31 427 110 42
2846 50 203
2847 10 92 487 459
2848 37 123 194
2849 40 137 64 15 448 375
2850 39 373 243 2 115 46
2851 9 389 383
2852 2 450 345
2853 10 46 105 52
2854 10 178 271 189 195
2855 45 432
2856 36 303 289 174
2857 36 91 423 333
2858 20 365
2859 11 146 143 27
2860 35 377 329
2861 15 364 129 60 482 311
2862 12 429 468
2863 34 227
2864 24 335 90 440 400 100
2865 47 145
2866 3 207
2867 29 190 139 331 23
2868 28 76
2869 7 149 245 462 232 494
2870 34 373 91 171 450
2871 28 401 478 195 348
2872 31 280
2873 7 409 461 499 225 262
2874 16 1 23 127 275 388
2875 12 298 427
2876 8 357 372 195
2877 41 230 142 337
2878 36 310 315 296
2879 43 233 127 442
2880 26 488 280 344 173 11
2881 25 118
2882 48 280 295
2883 47 107 436
2884 18 123 20 454 451
2885 13 25
2886 6 159 3
2887 41 148
2888 33 114 31 346
2889 15 12 227 193 251
2890 14 55 220 141
2891 43 92 139 76 37 15
2892 47 256 345 391 244 335
2893 13 294 497 14 434
2894 36 150 165
2895 13 251 188 176 128 8
2896 13 79 472
2897 14 198
2898 15 212 34 82 222 341
2899 21 382 331
2900 4 13 115 157
2901 1 318 208
2902 7 453
2903 42 90 173 69
2904 1 147 184
2905 24 459 186 137 272
2906 21 311 104 369 279
2907 10 352 135
2908 19 466
2909 44 218 422 233
2910 14 7 298
2911 35 414 403
2912 12 300 436 361 358 482
2913 3 42 32 431 4
2914 37 265 439 55
2915 43 500 104 173
2916 7 499 32 112 228
2917 41 97 352 77 450
2918 11 392 427 114 262 214
2919 47 417 37 328
2920 41 262 264
2921 21 333 307 374 339
2922 34 265 371 437
2923 38 310 371
2924 29 37
2925 24 135 55 492 274
2926 44 423 376 144
2927 35 9 344 483
2928 13 491 34 5
2929 14 132 182 403 489 84
2930 33 222 69
2931 19 190
2932 15 472
2933 18 237
2934 48 435 242 4 154 209
2935 29 450 376 279 125 77
2936 12 108 419 199
2937 26 161 56
2938 7 202
2939 26 88
2940 50 370 5 306
2941 20 121 87
2942 34 233 8 340 312
2943 26 213 470 335 388 61
2944 8 2 439 226 22 434
2945 36 118 324 317
2946 14 12 137
2947 18 167 206 94 177
2948 37 339 231 287 16
2949 42 423 209 120 463 7
2950 46 484 24 77 155 53
2951 15 270
2952 2 370 102 473 214 26
2953 22 421 306 333 290
2954 46 235 385 323 255 250
2955 37 141 296 8 477
2956 29 332 357 40 110 201
2957 48 395 399 193 204 11
2958 29 436
2959 41 27
2960 38 316 361 65 156 461
2961 50 470 308 408
2962 46 487
2963 49 130 391 460
2964 43 382 137 373 467
2965 24 198 21 64
2966 38 340
2967 50 387 255 54
2968 42 197 43 455 490
2969 18 104 39
2970 13 340 39 5 290
2971 49 292 265 339
2972 24 271 176
2973 35 443 496
2974 7 500 33 2 175
2975 21 42 397
2976 2 7 156 340
2977 47 354 84 182
2978 5 449 210 352 363 355
2979 14 298 106
2980 1 414 126 389 391 311
2981 15 97
2982 32 490
2983 27 248 62
2984 25 207
2985 8 90 294
2986 25 225 271 58 320
2987 35 137 325
2988 47 44
2989 46 256 451 139
2990 47 373
2991 12 127 87 265
2992 5 8 277 362 280
2993 20 464 250 205 169 43
2994 6 87 225 109 73
2995 41 476 386
2996 39 120 452 343 281 231
2997 37 111 340 114 330 152
2998 21 238
2999 33 275
3000 15 82 159
3001 25 153 236 329 252 268
3002 2 317 193 220 486
3003 21 151 98 276
3004 25 158 199 475 299 268
3005 44 276 252 469 279 264
3006 2 384 447 383 143
3007 13 255 339 450 336
3008 2 487
3009 48 99 34
3010 3 214 76 323
3011 22 60 253 391 27
3012 26 443 425 191
3013 48 397 222
3014 16 319
3015 42 29
3016 46 251 311 211
3017 43 315
3018 22 415
3019 50 354
3020 1 50 460 385 348
3021 32 101
3022 23 289
3023 11 444 424
3024 4 80 324
3025 4 497 305 354
3026 23 339 251 415 179
3027 33 20
3028 30 38 459 212 127
3029 45 365 369 252 29
3030 7 318 1
3031 19 255 427 349 434 225
3032 11 498 109
3033 30 37 8
3034 25 54 328 206 345 373
3035 42 312 196 82 67
3036 18 121 402 405
3037 41 294
3038 26 126
3039 23 489 265 304
3040 9 393 143 298 411
3041 24 256
3042 37 3 396
3043 45 483
3044 42 293 251 159 220
3045 6 378 239
3046 37 156 234
3047 33 172 377
3048 5 408
3049 4 54 352 139 183 414
3050 31 379
3051 10 102 295 484
3052 36 119 450 206 325
3053 22 200 184 367 7 337
3054 28 153
3055 26 268 260 387 325
3056 23 336 90 171 214
3057 4 75 219 53
3058 18 390 171 54 271
3059 30 21 60 67 28
3060 2 116 51 378 318 382
3061 28 50 475 389 26 323
3062 48 464 140 309
3063 25 488
3064 4 486
3065 39 172 174 53 346
3066 41 386 316 206
3067 41 406
3068 41 316 439 359 191 11
3069 17 461 376 360 116 402
3070 48 52 224 237 456
3071 44 431
3072 21 130 83 389
3073 30 167
3074 3 131 103 251
3075 44 413 307 398
3076 40 59 107 129
3077 30 396 305
3078 11 61 6 180
3079 46 65 205 248 165 334
3080 14 25 335 133
3081 11 56 272 80
3082 21 399 86
3083 37 249 40
3084 31 14 313 66
3085 27 463 26
3086 49 322 221 366
3087 49 189
3088 38 81 129
3089 4 276 89 313
3090 11 157 408 394
3091 30 326 231 51
3092 21 475
3093 21 425
3094 9 100 338 276 81
3095 45 281 79 21 494
3096 13 486 159 375 24
3097 28 91
3098 12 484 91 480
3099 14 370 227 142 115
3100 50 401
3101 50 230 470 105
3102 15 454 434 175 340
3103 5 255
3104 6 496 76
3105 41 302 240 7
3106 25 226
3107 37 237 6
3108 31 469 461 118 460
3109 21 288 115 222 321
3110 17 161
3111 8 95 44 205 79
3112 38 30 439 23 485 411
3113 37 453 71 337
3114 36 383
3115 16 249
3116 1 271 69 357
3117 29 12
3118 20 163 106 170 161
3119 40 139
3120 28 270 400
3121 50 150 62 95 455
3122 15 39 83 341 198 225
3123 27 173 480
3124 22 385 136 87
3125 1 144 72 371
3126 17 309 95
3127 43 50 47
3128 43 373 451 261 188 402
3129 50 62 264 449 241
3130 44 161 51 128 429 202
3131 11 55 192 370 146
3132 41 25
3133 49 253 341
3134 42 278 101
3135 19 130
3136 50 324 490
3137 31 233 339 162 54
3138 44 120 177 79 343 327
3139 49 172 118 237 415 141
3140 34 106 396 483
3141 41 413 430 469
3142 16 130 408 256
3143 26 71
3144 7 236 95 396
3145 28 279 206 321
3146 20 411 21 367 254 489
3147 23 443 108
3148 44 201 382 480
3149 14 25 381 252 33
3150 14 221
3151 9 5 378 262 46
3152 4 95 454 172 112
3153 12 405
3154 11 490 423 341 494 498
3155 24 443 377 253
3156 24 205
3157 33 460
3158 17 391 448 19
3159 14 202 26
3160 7 67 419
3161 45 224 458 271 361
3162 5 296 201
3163 25 255 191 339 451 36
3164 29 456 90 370 430
3165 7 185 400 108
3166 1 394 489 207 281 310
3167 24 411 368 337
3168 48 136 343
3169 12 332
3170 49 194 429 437 45
3171 42 254
3172 7 279 201 129 360
3173 14 462 396 428
3174 48 42 355 4
3175 23 117 141 122
3176 20 391
3177 10 496 410 379 316
3178 1 56 92 426 188
3179 28 425 407 101 419
3180 19 500 446 417
3181 35 32 298 78
3182 32 59 471
3183 48 61 21 109
3184 36 242 350 327 380
3185 25 234
3186 39 476 469
3187 39 139 198 43
3188 36 13 123 125
3189 33 54 294 263 474
3190 8 80
3191 46 497 57 439
3192 27 459 453
3193 41 232 450 15
3194 42 77 291 228
3195 29 25
3196 1 32 119
3197 5 188 292 478
3198 5 494 237 461 38
3199 39 354 26 222 320
3200 13 238
3201 25 191 189 77 405
3202 26 378 186
3203 31 283
3204 28 257 302 97 341
3205 23 204
3206 10 434 495
3207 15 408 357
3208 5 292 458 221 288 120
3209 28 19 161 42
3210 36 304 275 476 49
3211 32 432 438 147 39
3212 7 248 149 356 233 31
3213 8 97 57 21 77
3214 28 51 235 379
3215 37 180
3216 11 17 185 235
3217 40 304 492 243
3218 16 98
3219 4 24 312 116 154 180
3220 37 275 404 320 256
3221 23 63 200 418 305 279
3222 15 308
3223 48 428 407
3224 33 1 434 252 21 328
3225 13 245 122
3226 1 418 453 356 426
3227 17 450 178
3228 22 179 194 15
3229 39 404
3230 48 482
3231 3 312 438 386
3232 40 297 325 283
3233 11 390 243 491 172
3234 3 307 201 289 70 395
3235 35 121 367 376 282
3236 48 59
3237 42 105
3238 33 176
3239 45 211 244 63 448 23
3240 43 122 403 437 225
3241 19 303 66 250 278
3242 21 238 358 202 406 360
3243 7 168 436 16
3244 31 248 468 332 387 200
3245 26 250 76 241
3246 13 475 119 404 105
3247 29 97
3248 37 408
3249 25 12
3250 4 408
3251 29 421 389
3252 49 327 12
3253 42 311 79 352
3254 9 494 164 310
3255 37 417 398 214
3256 23 293 88 83
3257 17 376 372 47 364 285
3258 41 362 363 488
3259 21 65
3260 28 14 240 492 365 496
3261 16 331 415 45
3262 20 53 406 133 122 236
3263 19 8 473 350 201
3264 16 467
3265 32 162 341 107
3266 32 28 247 445
3267 2 13 104 319 233
3268 44 268 43 296 65 159
3269 16 21
3270 45 67 141 293
3271 38 397 148 286 123 486
3272 5 369 469
3273 17 224 464
3274 27 23
3275 2 207 113 254 210 219
3276 44 57
3277 16 51
3278 2 370 494
3279 12 464 213 369
3280 21 474
3281 33 385 302
3282 45 472 87
3283 42 300
3284 27 72 39 301 120
3285 41 182
3286 1 304 499
3287 34 310 200 445
3288 12 274 471 442 104
3289 48 140 487 215
3290 6 462 259 219 429
3291 10 240
3292 25 268
3293 41 365 368 101
3294 14 106 187 316 29 188
3295 3 78
3296 45 38 205 347 483
3297 21 124 142
3298 19 158 20 94 91
3299 20 158 241 440 490
3300 50 496 453
3301 25 74
3302 17 115 232
3303 38 500 421
3304 34 24 405 410 193
3305 34 298 500 105 365 359
3306 26 113 366
3307 34 223
3308 35 59 169
3309 2 318 35 257
3310 38 267
3311 3 364 37
3312 44 182 322 295 56
3313 16 265 342 155 7
3314 30 246 146 197 157 182
3315 13 252 394
3316 48 122 427
3317 14 246 269 191 99 299
3318 35 414 331 145 318 312
3319 41 141 449 207
3320 41 282 401 165
3321 41 162 267 149 106
3322 13 14 474 296 149
3323 8 54 30 232 292 406
3324 22 83 488
3325 27 246 129 127 269
3326 5 294 8
3327 2 440 124
3328 29 15 1
3329 39 83
3330 46 56 485 297
3331 15 471 112 119 271 104
3332 39 119 18 160
3333 38 200 299 466 439 318
3334 29 481 194 256 187 238
3335 48 491 436 481 459 296
3336 19 345 372
3337 31 96 6
3338 39 148 356 389 133 39
3339 48 47 88 226 252
3340 8 227 78 206 286
3341 40 333 54
3342 33 370 255 153
3343 21 400 264 231 186
3344 23 415 499
3345 24 158 176
3346 37 85 433 275 465 243
3347 43 303 160 94 347 10
3348 5 254 168
3349 50 352 345
3350 28 394 482 35
3351 15 270
3352 38 468 104 107
3353 15 237 108 200
3354 12 244 245
3355 18 129
3356 9 332 301
3357 38 378 166 458 362 44
3358 32 474 268
3359 9 321 351
3360 27 238 273 223 396
3361 6 457
3362 43 65 332
3363 32 151 306
3364 3 243 191 235 9
3365 15 198 120
3366 32 31 245 101 235
3367 28 459
3368 50 7
3369 21 298 300 402
3370 18 35 116
3371 23 364 169 391 493 452
3372 10 440 104 393 94
3373 31 197 318 481 479
3374 35 389
3375 50 276 492 185
3376 31 120 232 119 90
3377 32 375 98 318
3378 11 444 5
3379 36 1
3380 2 326
3381 21 347
3382 4 364 414
3383 8 51 170 78
3384 25 56 34 363
3385 46 397
3386 33 308 153 490
3387 46 217
3388 46 364 200
3389 15 51 307 67 188
3390 2 403 104 238
3391 23 91 105 373 230
3392 7 118
3393 8 358 268 438 128 224
3394 32 347
3395 16 102 273 201 53 262
3396 8 251 477
3397 39 223 331 432 480 147
3398 48 15 427
3399 7 85 398
3400 1 114 78 416 77 392
3401 43 408 181 61 91
3402 33 117 225 416 255
3403 41 157
3404 16 485
3405 19 158
3406 17 464 288
3407 48 423 237
3408 16 92 161
3409 3 173
3410 34 167 140
3411 23 495 142 82 223
3412 46 129 29 382 76
3413 25 302 83
3414 24 248 450 185
3415 1 205 471 170 100 25
3416 21 451 322 253 252 313
3417 5 183 297 79
3418 36 409 327 137 23 36
3419 12 98
3420 37 7 105 67 56
3421 44 6 34
3422 32 415 168
3423 16 251 398 184 71
3424 49 35 219
3425 11 482 216 6
3426 31 284 278 347 349 288
3427 43 128 174 388 432
3428 15 490 106
3429 44 384
3430 47 310
3431 22 186 370 289 458 301
3432 2 400 181 68 157
3433 13 433 104
3434 13 13 182 19 431 42
3435 43 495 475 427 5 225
3436 29 268 404 214 37
3437 36 359 14
3438 11 48
3439 47 471 476 345
3440 30 77 273
3441 27 256 236 26
3442 27 168
3443 27 131 348 304 135
3444 25 208
3445 22 367 57 20 140
3446 29 199
3447 3 92
3448 13 197
3449 26 90
3450 10 494
3451 4 51
3452 44 206 357 81 190 10
3453 21 222 56 34
3454 37 479 81 176 395 49
3455 28 255 349 283 417
3456 43 494 25 442 157 34
3457 45 337 413 345
3458 46 474 321 82 160 147
3459 15 121 358
3460 31 23
3461 40 445
3462 23 83 489 115
3463 17 218 492
3464 31 306 38 210 123 402
3465 22 433 68 260 237 227
3466 36 358 330 166 462 135
3467 17 431 235
3468 40 128 274
3469 40 298 278 193
3470 27 65 337
3471 26 420 198 159
3472 20 461 1 188
3473 42 257
3474 8 151
3475 34 59
3476 32 139 193 164 13
3477 34 331 493 3 416
3478 17 192 312 146 191 362
3479 46 423 365 431 138
3480 19 306 284
3481 2 45 336
3482 34 8
3483 21 180 47
3484 29 288 319 153 212 325
3485 12 267 397 108 447 360
3486 11 204
3487 24 222
3488 28 304 54 115
3489 25 426
3490 37 498 3 370
3491 38 427 151
3492 7 83 459 29 217
3493 32 438 346 42
3494 37 351 327
3495 24 122
3496 37 169 160 198 218
3497 29 211 61 32
3498 17 39 294 33
3499 20 212 365 322
3500 7 423
3501 38 13
3502 17 71 302 361
3503 44 228 267 445
3504 7 101 190 250 443 263
3505 20 393
3506 6 135
3507 21 95
3508 31 457 480
3509 8 468
3510 38 432 250 239 197
3511 22 258 131
3512 30 77 61 6 364
3513 46 36 369
3514 10 44 387 322
3515 31 43 230 309 241 377
3516 43 222 172 228 409
3517 19 28 484 265
3518 12 21
3519 18 344 68 181 401
3520 35 488
3521 3 483 67 334 284
3522 26 490 225 185 122 120
3523 30 299 162 305 486
3524 12 119 255 23 180 407
3525 13 473 395
3526 22 492 347 355
3527 43 201 264 83 57 389
3528 45 155 287 58 449 2
3529 34 465 168
3530 23 366 311
3531 2 13 147 23 206 57
3532 50 438 97 41
3533 44 453 464 57
3534 39 461 9 77 84 3
3535 39 320 420
3536 3 14 437
3537 7 106
3538 18 493
3539 46 151
3540 42 265 48
3541 44 218 274 276 475
3542 9 327 406
3543 9 382
3544 10 141 87
3545 25 322 453
3546 29 332 405
3547 2 83 264
3548 40 458
3549 37 126 29 481 242 97
3550 48 335 2 108 156 484
3551 45 275
3552 47 406 339 113 68 475
3553 19 56 217 93 405
3554 29 481
3555 23 394 150 217 484 352
3556 19 347 128 70
3557 49 279
3558 3 378 483 257 486
3559 34 461 206 401 396 430
3560 18 138 57
3561 13 35 435 159 364
3562 24 231 71 330 119
3563 7 113
3564 42 307 346
3565 22 73 84
3566 48 73 127
3567 40 384 45 211 209
3568 7 59 112 489 152
3569 18 124 387 180 494 442
3570 7 498 144 493 299
3571 29 288
3572 12 262 45
3573 35 149 421
3574 36 432 427 154 436
3575 24 155
3576 33 289
3577 10 472 104
3578 17 156 366
3579 25 61 365 266 96
3580 5 320 214
3581 49 447
3582 27 87 91 469 27
3583 45 109 173 87 75
3584 1 65 14 54 429
3585 10 426 113
3586 3 21 214 495 40
3587 50 365 295 103 94 258
3588 5 165 190 147 378 174
3589 6 422 150 32 149 209
3590 35 387 104
3591 33 2
3592 26 225 117
3593 1 104 292
3594 3 279
3595 41 392 18 438 306 205
3596 33 45 366 356 449
3597 49 247
3598 36 499 3 402 2 25
3599 28 270
3600 31 153 294
3601 12 101 424 26 325 491
3602 49 359
3603 42 309 443 326
3604 48 109 482
3605 20 259 156
3606 49 204 309 148 35
3607 24 75
3608 9 419
3609 35 459 441 52 18 225
3610 16 231 36 9 66 166
3611 34 73 272
3612 1 433
3613 49 121 148 178 286 435
3614 18 191 202 181
3615 39 287 256 225
3616 6 379 111
3617 7 322 275
3618 2 281 439 446 115
3619 36 182 429 134
3620 16 20
3621 16 145
3622 40 326 438 230
3623 37 466 400 430 134
3624 32 124 104 135 164 484
3625 48 109 205 95
3626 48 457
3627 21 278 310
3628 34 459 428 337
3629 35 102 311
3630 7 47 322
3631 31 64 463
3632 23 435 217
3633 8 168 289 2
3634 23 445 129 75 168
3635 2 348 361
3636 2 103 329
3637 29 469 431
3638 31 102 434 476 5 378
3639 47 23 491
3640 36 226
3641 1 25
3642 20 1 447 232
3643 26 49 151 113
3644 4 273 400 341 493 406
3645 20 34 188 57 256 169
3646 33 96
3647 43 84 218 478 51
3648 8 78 433 180 462 205
3649 28 481 247 194
3650 48 471 298 389
3651 37 167
3652 2 22 120
3653 33 340 255 266 232 147
3654 30 270 376
3655 44 170 3 28 271
3656 45 353 350
3657 29 74 267 145
3658 42 2 336
3659 24 32 141 143
3660 23 197
3661 50 169 469 151
3662 17 363
3663 36 475 227 110
3664 46 378 236
3665 8 436 364 175 164
3666 8 21
3667 39 123 172 71 266 288
3668 7 240
3669 24 133 176 407
3670 9 267 91
3671 46 451 210 366 249 340
3672 10 192 385
3673 45 355 2 181 357
3674 46 450 308 393
3675 16 138 8 431
3676 36 21
3677 41 152 307
3678 34 87 220 308 217
3679 46 475 390
3680 28 37
3681 35 163 457 253 200 42
3682 22 212 273 106
3683 32 279 100
3684 18 301 393
3685 35 205 48 108
3686 43 407 338 365 357
3687 20 44 400
3688 32 118
3689 8 193
3690 32 143 219 475 160
3691 17 18 423 341 350 241
3692 14 53
3693 4 118 268 163 385 312
3694 34 361 198
3695 16 32 401
3696 37 431 72 496 75
3697 2 127 461 435 81
3698 34 207 25 334 217
3699 16 469
3700 7 277 165 151 454
3701 49 356 382 131
3702 10 67 35
3703 9 314 400 321
3704 27 103 27 1 41
3705 30 395 434
3706 25 30 190 120
3707 46 238 443 19 329 198
3708 47 208 413 495
3709 31 83 384
3710 43 424 324 175
3711 20 485
3712 23 35
3713 17 423 107 26
3714 6 234 171
3715 35 150 204 442
3716 11 481 225
3717 50 124
3718 6 33 69 84 5 66
3719 48 371
3720 2 364 298 388
3721 17 364 361 483
3722 43 257 262 67
3723 16 266 143
3724 19 18 141 202 193 226
3725 6 153
3726 25 256
3727 44 362 53 29
3728 40 435 155
3729 32 198 257
3730 41 494 210 300 338 86
3731 1 196 209 199 400 293
3732 38 372 17
3733 25 199
3734 20 253
3735 23 421 96 37 178
3736 44 187 241 344 378 136
3737 30 478
3738 31 485 461 365 343
3739 38 158 218 236 435
3740 14 3 64 111
3741 21 500 220
3742 3 394 172
3743 25 65 268 104
3744 10 288 248 68 420 443
3745 22 101 136 188 120 196
3746 9 69
3747 47 25 12 347
3748 21 339
3749 35 351
3750 4 428 169 300 269 343
3751 32 344 152
3752 18 74 476 297 455
3753 11 51 446
3754 47 358 29 99 12
3755 47 111 136 467
3756 12 324 318 245 440 246
3757 17 100 39 153 103
3758 20 250 239 150 235
3759 40 440
3760 23 268 266 178 484 402
3761 28 76 175 445 378 344
3762 27 439
3763 31 238 466 456 443
3764 48 181 358 4 372
3765 46 292
3766 34 412 135 302 37
3767 30 331 264 290 475 163
3768 5 44
3769 39 426 77
3770 43 208 111
3771 47 17 484 458 434 360
3772 7 124 208 28 451
3773 49 162
3774 23 267
3775 32 13 491 456
3776 48 253 352 265
3777 25 42 73 173 155
3778 13 237 162 395 348
3779 22 468 377
3780 42 310 123
3781 5 464 118 338 431
3782 35 469 197 266
3783 47 446
3784 45 317 126 360 161
3785 4 131
3786 45 85 423 327 477
3787 44 154 15
3788 20 63 419 216 338
3789 10 376 256 268 125
3790 34 473 145
3791 12 327 82 97 330
3792 15 457 354
3793 11 325
3794 36 383 408 395 473 232
3795 28 265
3796 33 463 140 94 500
3797 37 450 195 268 120
3798 47 444 358 253 234 134
3799 2 80 421 456
3800 11 287 103 45
3801 8 62 7 253 42 291
3802 4 479 192 166 127 123
3803 16 493 38 80 122 384
3804 3 53 213 284
3805 50 322 117 90 46 2
3806 14 167 25
3807 10 25 327 105 49 408
3808 9 456
3809 38 403 492
3810 19 219 475 67 428
3811 29 180 257
3812 32 497 24 40 425
3813 44 81 263
3814 38 282 340 425
3815 35 24 291
3816 6 422 69 253
3817 29 363 57 186 47 446
3818 5 121 57
3819 47 356 434 297 294 130
3820 36 289
3821 15 4 288 150 455 117
3822 47 66 355 250 21
3823 17 490 69 146 469
3824 38 408
3825 11 27 327 349 18 173
3826 40 190
3827 14 262
3828 43 109
3829 43 271 451
3830 27 385
3831 23 375 138 235 261 120
3832 18 128 266
3833 26 257
3834 49 218 440 236 349 115
3835 31 393 388 186 276
3836 3 376 411 164
3837 24 275
3838 42 391 349 451
3839 35 299 394
3840 22 334
3841 36 165 378 143 162 243
3842 33 18 87
3843 13 162 335 312
3844 17 297 74 65 160
3845 44 93
3846 43 441
3847 14 252
3848 28 12 15 51
3849 8 427
3850 50 109 309 43 383
3851 8 295 305 108 35 465
3852 19 363 328
3853 11 194
3854 1 111 409 354 205
3855 17 13 495 378 426
3856 11 24 80 298
3857 41 420 118
3858 5 462 170 87 214 122
3859 48 275 313 85 121 282
3860 25 270 246 62
3861 17 57 171 290 15
3862 46 454 430 425 384 99
3863 7 135 387
3864 36 370
3865 24 282
3866 47 352 89 229 144 321
3867 6 419
3868 11 374 433
3869 49 360
3870 25 189 354 391
3871 20 136 169
3872 22 318 463 359 307 66
3873 15 136 305 376
3874 4 186
3875 14 133 142 488 447 229
3876 26 284
3877 30 217 21 447 480
3878 13 451
3879 22 223 319
3880 41 259
3881 44 58
3882 35 196 211
3883 46 167 8 263 22 70
3884 35 196 388
3885 22 247 74 3
3886 39 161 366 78 446 9
3887 37 115 239
3888 28 94 187 383 246
3889 16 346 276 446 30 347
3890 31 474 463 366
3891 32 143 101
3892 20 185 149
3893 48 487 489 55 84 213
3894 19 406 392 475
3895 48 300 315 140 113
3896 29 27
3897 32 182 414 98 368 48
3898 12 89 323 120 244 388
3899 38 218 281 275
3900 42 222 23 391 169 190
3901 27 63
3902 6 217 204 279 305 108
3903 38 190 213
3904 2 117 455 371
3905 1 485 173 427 308
3906 35 71 236
3907 24 311 77 132 186
3908 34 468 29 165
3909 30 74
3910 46 301 325 210 373 339
3911 10 297 478 68
3912 2 199 198 402
3913 7 306
3914 49 37 477 119 149
3915 34 27 395 153
3916 40 173
3917 43 464 119 7 448
3918 3 188 366 19
3919 37 469
3920 25 215 143
3921 43 386 494 144 156 479
3922 4 91 114 103 317
3923 42 419 70
3924 13 71 275 147 82
3925 25 279 469 125 65
3926 43 372 292 190
3927 49 177
3928 11 446 477 32 259 8
3929 35 355 359 451
3930 41 499 57 496
3931 4 466
3932 13 116 481 21
3933 45 470 388 378 432 8
3934 37 324 441
3935 24 246
3936 10 303
3937 30 375 363 424 276
3938 31 118 439 249 327
3939 32 248 124 315 147 477
3940 30 363 260 448 403 268
3941 1 418
3942 20 189 159 448 235
3943 10 311 232 177 119 221
3944 19 71 369 401 302
3945 37 337 289 442 466
3946 35 265 287 253 329
3947 1 409 198 28 497
3948 42 30 423 33 326
3949 24 437 462 48
3950 39 25 307
3951 49 453 107
3952 47 462
3953 18 136
3954 39 16 339 248 413
3955 37 210 319
3956 11 136
3957 23 453 63
3958 42 52 209 243 452
3959 30 49
3960 44 239 400 380 234
3961 22 25 194
3962 40 498
3963 50 452 156 321 429
3964 50 137
3965 4 99 171
3966 49 168 46 192 426 248
3967 31 192 215 219
3968 42 196 441
3969 11 40 167 60
3970 26 315 185 359
3971 21 3 285
3972 27 296 91
3973 5 211 268 417
3974 45 314 272
3975 2 472 450 53
3976 10 351 355 77 52 464
3977 41 205
3978 28 264 18 364
3979 23 385 133 450 426
3980 49 127 194 307
3981 8 39 425
3982 5 101
3983 16 333 266 2 397
3984 13 192 190 33
3985 13 419 428 113
3986 30 316 445 70
3987 45 343 489
3988 27 332 10
3989 24 53 397
3990 48 190 61 214 499 500
3991 22 356 1 395 172 476
3992 30 206 483 255
3993 15 282
3994 5 286 219 473
3995 22 140 184 496
3996 5 27 349 170 329
3997 21 163 245 144 18 265
3998 20 199 349
3999 21 482 55 273
4000 24 465 459 239 472
4001 15 310 73 291 358
4002 37 123 36 136
4003 16 12 266 15
4004 30 253 119 60
4005 43 480 90 269 486 14
4006 36 67
4007 35 487 445
4008 42 349 4
4009 35 119 173 209 369 468
4010 25 183 414 456 335 166
4011 20 143 399 72 202 232
4012 35 280 4 364 114
4013 1 91 102 456
4014 49 178 215 342 478 262
4015 21 53 444 285
4016 45 54 97 343
4017 19 100 39
4018 47 168 27
4019 45 39
4020 26 67 374
4021 33 130 457 43 103 120
4022 39 39 128 233 425
4023 18 251
4024 45 344
4025 33 50
4026 7 476 420 264 442 282
4027 15 346 168 337
4028 8 51 213
4029 9 326 471
4030 14 444 214 382 433 476
4031 47 237 50 292 161 326
4032 45 198 359 10 366 321
4033 26 319 346
4034 43 443 221 261 351 367
4035 39 115 312 315 323 150
4036 27 133 318 496 62
4037 45 314 349 146 247
4038 12 173 14
4039 50 241 156
4040 15 242 446 62 255
4041 41 433 96 401 360
4042 31 418
4043 7 245 361 260
4044 41 406 340 86 365 290
4045 28 22 157 286 307
4046 45 20 352 102 90
4047 43 465
4048 13 81
4049 33 361 462 463
4050 6 145 171 91
4051 1 94 12 25 93
4052 42 156 414 383
4053 47 160 100 200
4054 1 9 154 356 156 319
4055 22 38 353
4056 44 436 229
4057 2 133 39 275
4058 13 144
4059 30 420
4060 9 124 87 28
4061 22 348 215 158 499 489
4062 32 16
4063 39 159 48 415 9 488
4064 26 207
4065 42 318
4066 38 262 179
4067 45 446
4068 31 370 274
4069 26 387 297 362 110 228
4070 8 199 83 418 326
4071 19 24 471
4072 28 291 121 209
4073 39 68 300 310 189
4074 13 186 343 90 467 110
4075 40 340 393 374 72
4076 27 460 443 250
4077 26 190 28 1
4078 34 114 135 91 87 494
4079 35 469
4080 50 209 296
4081 44 223 243 92 46
4082 29 114 91 154 271 421
4083 15 349 155 136 411 371
4084 30 67 253 117 440
4085 7 154 371
4086 22 474
4087 7 74 310 77 361
4088 19 233 365 367 401
4089 28 218 18
4090 2 378 321
4091 50 164 139 202 126 53
4092 14 401 120 70 344 99
4093 15 212 412 79 364 274
4094 50 43 373 191
4095 26 174
4096 16 489 495 239 14
4097 38 156
4098 44 128 412 423 486 483
4099 13 408
4100 36 479 23
4101 22 392 262 234 73 199
4102 23 463 479
4103 32 327 234 224 322
4104 21 47
4105 36 276 248 146
4106 39 232
4107 13 271 365 457
4108 9 271 48
4109 44 83 57 414 287
4110 46 1 230 85
4111 41 467 145 464 68 277
4112 17 137
4113 22 175 72 497 344
4114 19 249 283 197
4115 20 19 476 435
4116 35 490
4117 11 45 145 298
4118 34 46 184 338 452
4119 10 16 44 40
4120 10 152
4121 25 172 468 6
4122 35 147 294
4123 47 378 145 383 279 270
4124 12 474 103 125
4125 46 492
4126 31 345
4127 7 4 411 295
4128 44 357 150 169 369
4129 28 110 207 74 464
4130 33 219
4131 39 255
4132 23 101
4133 17 84 8 384
4134 28 260
4135 5 9 131 384 375 276
4136 45 352 310
4137 10 40 268 134 259
4138 38 92 483 382
4139 48 149 312 151
4140 18 451 402 43 232
4141 7 433
4142 24 298 125
4143 38 276 368 377
4144 37 151
4145 17 127 322 464
4146 40 349 81
4147 17 189 285 495 377
4148 23 455 389
4149 9 435 156 15 290 35
4150 34 143 337 221 220
4151 17 2
4152 22 436 134 353
4153 18 266 190 382 142 351
4154 14 21
4155 36 299 421 205 269 485
4156 36 418 380 311
4157 7 111 275 284 321
4158 7 210 267 57 450 281
4159 29 449 45
4160 6 77 172 410
4161 35 129 495 230 442
4162 26 388 65 46 152
4163 12 354 236
4164 50 206 96 417
4165 25 187 449 326
4166 9 177 371
4167 13 492 37 15 52
4168 15 251 360 110
4169 11 5 475
4170 30 244
4171 13 498 418 484 469 87
4172 3 119 234 428 341
4173 46 427 430 187
4174 25 154 115 222 122 494
4175 48 98 330 56 360 447
4176 8 86 92
4177 23 189 327 55 385 405
4178 29 90 275
4179 20 70 105 389
4180 18 177
4181 46 500
4182 8 247
4183 21 77 128 451 81
4184 36 348 165 18 66 258
4185 8 488 448 500
4186 30 296 133
4187 2 170 476 88 295
4188 31 114 35
4189 46 238
4190 13 56 466 345 351 123
4191 32 491 378 463
4192 15 39 61 253 464 472
4193 6 86
4194 47 30 139
4195 40 123 337 410
4196 42 181 465
4197 45 83 227 415 170 340
4198 29 272 325 66 212 107
4199 4 127 47
4200 16 172
4201 31 30 83
4202 10 385 40 438 260
4203 46 135 269 275
4204 38 471 63
4205 28 341 144
4206 43 332 473 222
4207 47 371 89 470 300
4208 12 446
4209 41 117 344 236
4210 43 9 331 210 308
4211 50 289 169
4212 28 124 338 211 188 312
4213 6 440 189 198
4214 21 121 374 15 180 313
4215 38 318
4216 50 19 98 61
4217 2 135 349
4218 48 416 455 86 182
4219 24 307 486
4220 36 254 77 45 333 464
4221 14 327 164 50 153 412
4222 4 369 340 193
4223 17 150 424 285
4224 43 280 390
4225 44 464 333 423
4226 3 234 19 172 199 25
4227 24 280 305
4228 12 490 423 314 43
4229 18 345 170 227 121
4230 50 462 165 456 500
4231 29 300
4232 42 221
4233 5 138
4234 23 34 152 354 161 338
4235 9 476 110
4236 37 105
4237 30 371 64 155 483
4238 25 379 125 210 38 307
4239 20 126
4240 8 148 210 486 243 483
4241 8 367 292 490
4242 22 261 244
4243 38 358 394
4244 9 109 464 150 52
4245 5 54 92 152 130 52
4246 29 195 19 435 133 58
4247 41 305 259
4248 6 245 130 223 59
4249 8 231 61 288
4250 34 276
4251 25 19 316
4252 31 119 103
4253 35 11 342 108
4254 41 126 17 51 83 202
4255 13 290 55 155
4256 17 475 117 108 68 435
4257 18 283
4258 1 90 100 150
4259 37 403 31 467 348
4260 7 193 95 186 324 351
4261 34 201 356
4262 38 205
4263 35 253 184 487 483 367
4264 9 227 387 483 147
4265 28 410 121 451
4266 31 149 188
4267 47 355 328 194
4268 36 247 436 301
4269 25 417
4270 25 468 88 389 220 498
4271 38 284
4272 18 355 170 244
4273 26 420 290
4274 37 118 192
4275 6 294 365 163 99
4276 44 249 339 51 224 103
4277 2 438 6 241 193 79
4278 44 110 153 435 35 447
4279 7 78
4280 17 308
4281 14 83 479 102 341 406
4282 21 454 408 285 42
4283 30 322 346 1
4284 13 234 33 191 322
4285 47 107 334 57 172
4286 50 492 372
4287 43 9 301
4288 11 329 186 446
4289 1 395
4290 1 7 5 475 357 151
4291 21 173
4292 32 176 232
4293 46 27
4294 35 165 494 414 14 368
4295 28 104 285
4296 28 419 185 277 426 338
4297 49 338
4298 5 417 215 360
4299 21 40 290 284 224 414
4300 6 60 133 490 423 252
4301 22 102 426 262 290
4302 33 360 465 292
4303 26 171
4304 6 497
4305 46 6 272
4306 46 3
4307 39 150
4308 10 96 349 362 339 78
4309 49 332 211 439 142
4310 18 425 361 459 19
4311 15 161
4312 47 346 90
4313 8 57 329 96 230 147
4314 19 57
4315 49 82 217 375 148 153
4316 23 239
4317 8 40 101 442
4318 26 50 251 166
4319 20 279 441 248 101 31
4320 18 4
4321 44 352 411 419 196 20
4322 26 206 335 383 453 158
4323 44 398 456 59
4324 6 152 104 364 240
4325 30 405
4326 2 422 294
4327 40 383 492 311 105
4328 27 98 97 202 250
4329 13 416 260 192
4330 1 170 290 334 261
4331 35 108 438 82
4332 21 280 316 29 193 83
4333 10 264 318 217 15
4334 37 203
4335 40 26 133 477 362 202
4336 28 447 385 251
4337 28 142 425 101 205 444
4338 46 499 9 410
4339 2 217 405 44 274
4340 26 154
4341 41 388 242
4342 49 135 235 113 65 207
4343 10 217 227 283 380 54
4344 10 420 209 114 226 491
4345 34 482 414
4346 16 256 199 221 90 148
4347 50 324 492
4348 26 454 119 71 188
4349 6 360 303 105 451 209
4350 49 350 105 120 441 420
4351 7 137 222 125 409
4352 47 235 300 123
4353 37 52 226 421 47 386
4354 11 13 400
4355 46 317
4356 28 271 425 220 429 323
4357 34 41 270 472
4358 47 178 421 91
4359 28 449 196 466 168
4360 12 128 84 98 396 290
4361 1 247 432 450 249 154
4362 25 417 46
4363 14 313
4364 40 46 302 367
4365 12 41
4366 4 3
4367 34 301 150 81
4368 34 72 190 438 117
4369 46 396 428 319 108 294
4370 35 85 195
4371 6 300
4372 15 100 135 10 356
4373 31 258
4374 4 133 401 371 358
4375 46 252 228
4376 41 289 467
4377 46 67 247 321 49
4378 31 35
4379 19 321
4380 18 1 157
4381 3 147 208 205
4382 45 319 469 4 177
4383 30 418 262 63 186 315
4384 39 283 331
4385 27 440 190 228 456
4386 27 423 78
4387 28 410 405 157 68 57
4388 47 371 432 120 382
4389 26 14 193 80 278
4390 48 189 405 433 414
4391 17 111 205 243 349 46
4392 50 64 441
4393 29 451 82 242 305 411
4394 21 230 49 160
4395 41 82 434 15
4396 23 4 149
4397 20 332
4398 44 404
4399 8 100 466 329 365
4400 18 100 442 198 32
4401 4 492 437 377
4402 25 304 311
4403 39 59 255
4404 20 487 437 300
4405 3 241 274 81 279 213
4406 27 245 391
4407 20 67 289 156
4408 43 395 417
4409 50 495 188 281 88
4410 17 279 160
4411 7 36
4412 25 109 399 207
4413 34 441 23 264
4414 13 156 192 245
4415 37 429 325 108
4416 3 13 269 35 430
4417 44 95
4418 4 489
4419 31 404 415
4420 26 335 115 135 425
4421 16 469
4422 5 113
4423 22 437 82
4424 33 246 396
4425 42 175 220 396 463 108
4426 28 149 470 414
4427 3 215 55 284
4428 32 331 479
4429 36 60 482 306 442 356
4430 6 164 353
4431 22 467 435 372
4432 33 221
4433 42 134 458 9
4434 32 104 442 436
4435 17 448
4436 1 104 333 392
4437 20 313 256
4438 38 145 74 429
4439 5 437 381 309 239 371
4440 10 236 143 340 253 394
4441 7 447 19 433 8
4442 15 500
4443 46 229 140
4444 16 38 222 204
4445 8 26 148 220 202 281
4446 50 412 407 169 322
4447 42 344
4448 31 491 1 352 160 74
4449 22 270 77 231 204 343
4450 20 368 449
4451 31 47 28
4452 17 460 251 291 462 408
4453 41 166 339 31 124 323
4454 50 266 358 437 256
4455 17 221 209 122
4456 40 450 245 309 126 403
4457 12 369 243 138
4458 5 408
4459 28 174 455 214 338
4460 5 421 238 82 142 214
4461 17 65 313
4462 12 335 336
4463 31 217 159 238
4464 41 78 412
4465 45 69
4466 22 252 142 172
4467 44 318
4468 44 24 413
4469 22 186
4470 25 48 277
4471 42 92 198 234 117
4472 9 414
4473 39 162 353
4474 31 464
4475 49 434 243 107 480
4476 34 89 284 482
4477 4 58 390 48 452 15
4478 6 350 93 132 282
4479 22 382 19 70 400 264
4480 38 152 1 171 472
4481 8 336 85 138 40
4482 31 119 268 329
4483 18 383 357
4484 33 178 393 119 11
4485 42 87 484 145 459
4486 40 442 163 398 469
4487 14 30 33
4488 38 485 436
4489 3 483
4490 44 476 189 102 424 232
4491 45 114 29
4492 32 291 145 459
4493 31 481
4494 8 46 249 375 347 419
4495 45 101 465 41
4496 50 394 479 416
4497 3 130 384 438 403
4498 32 124 471 291
4499 50 348 439
4500 3 22 220
4501 8 296
4502 43 93 199 34
4503 43 280
4504 10 234 7 215 1 161
4505 16 157 249
4506 37 58 374 177
4507 6 43
4508 38 451
4509 36 236 283
4510 28 183 262
4511 50 447 288 132 277 411
4512 19 91 148
4513 46 258
4514 12 157 160 203 369
4515 34 371 331 496 117 7
4516 17 291 470 405 372
4517 28 180 486 227
4518 38 183 196 499
4519 8 413
4520 38 160
4521 24 233 70
4522 45 169 428 382
4523 5 407 447 432 438 364
4524 24 429
4525 5 12
4526 33 124 272 318 494 41
4527 39 218 272 386
4528 39 145 436 5 59
4529 35 136 346 56 268 97
4530 37 91 288
4531 26 175 214 299
4532 30 354 230 394 320 359
4533 2 74 50 465
4534 40 201 324 68 53 101
4535 35 475 295 358 284 74
4536 25 311 46 105 38 331
4537 4 492 140 260
4538 18 76 462
4539 10 76 254 128
4540 48 281 382 18 89
4541 36 147 235 98
4542 39 146 99 43 34
4543 38 112 250
4544 32 279
4545 10 435 460
4546 5 47 448 90 223
4547 23 35 42 227
4548 36 50 189 471
4549 1 131 318
4550 5 42 366 398 27 194
4551 19 121 245 319
4552 47 22
4553 42 474 122 433 233
4554 12 38 256 125
4555 42 466 422
4556 30 183 462 482 461
4557 33 375 125 190
4558 6 159 180 221 128 161
4559 12 389 345 344 54 302
4560 6 159
4561 30 44
4562 47 75 477 331
4563 17 114 304 47
4564 21 253 350 479
4565 18 114 390
4566 44 122 33 289
4567 2 205 238
4568 2 280
4569 50 44 323
4570 10 406 409 10
4571 17 405 291
4572 24 249 272 390 458
4573 26 281 420 315 345 371
4574 42 420 192
4575 39 414 198 188 479
4576 3 491 55 170 250 312
4577 10 402 489 96
4578 27 290
4579 16 178 240 246
4580 18 203 19
4581 20 71 276
4582 31 199 470 493
4583 34 226 424 332 194
4584 5 144
4585 31 430
4586 33 206 257
4587 20 76 53
4588 40 311 371
4589 9 180 434 412
4590 17 12
4591 11 387 210
4592 9 183 487 104
4593 40 58 300 282
4594 13 243 60 317
4595 8 145
4596 11 110 427 262 153
4597 33 234 63 408
4598 45 240 440 438 175 449
4599 44 417 9 241 362 497
4600 30 297 127 170
4601 44 131 270 299 228 420
4602 11 168 318
4603 22 197 388
4604 22 462 216 435 240 134
4605 41 153
4606 37 461 154 115 412 253
4607 13 402 256 427 430
4608 3 46
4609 39 73 338 74
4610 23 404 109 379 400 474
4611 42 130 193 37
4612 11 140 61 441 33 337
4613 9 456
4614 36 152
4615 50 235 382 122 486 254
4616 40 432 133 467 324
4617 21 451 217 388 274 422
4618 4 482 346 96 342 460
4619 41 238 45
4620 46 128
4621 49 66 466
4622 15 394 442 153 465 391
4623 4 438 264
4624 35 279 117 46
4625 23 432 162 153 104
4626 26 417
4627 41 339 207 363 133 418
4628 28 307 177 353
4629 1 494 396 497 480
4630 50 372
4631 30 32 82 353
4632 24 432 166 445 345
4633 12 83
4634 4 349 112
4635 18 41 263
4636 32 446 310 277 34 400
4637 34 253 368 448 304 122
4638 43 62 331
4639 38 266 280
4640 34 213
4641 36 290 153 217
4642 9 479 482 375
4643 32 307 257 394
4644 5 125 106 477
4645 18 318 187 180 34
4646 18 232
4647 2 79 342 356 168 299
4648 13 27 147 442 261 300
4649 13 56 143 362 19
4650 13 370 384 24 100 324
4651 22 181 321 12
4652 16 140 92 83 484 270
4653 27 146 295 181 191 64
4654 4 134 268 477
4655 25 318
4656 1 302 417 78
4657 42 245
4658 3 117
4659 31 357
4660 15 342 45 286 49 117
4661 12 460
4662 46 8 285
4663 12 140
4664 40 63 47 331 80 306
4665 9 14 320 119 344 464
4666 50 119 397 110
4667 50 83
4668 36 266 339 88 422 102
4669 50 53 219 2 462 23
4670 37 264 442 175 393 498
4671 7 494 299 321 217
4672 37 275 257 193 255
4673 7 320
4674 42 143 391
4675 15 145 434 408
4676 14 60 274 144
4677 44 237 62 310 127
4678 15 186 322
4679 47 159 133 31 11 76
4680 14 470 139 364 64
4681 45 487 391 347 71
4682 32 303
4683 12 14 377 294
4684 16 275 51 370 442 421
4685 15 409 478 414
4686 39 265 358 495 391 338
4687 42 25
4688 1 1 270 181 485
4689 22 319 100 442
4690 6 105 283 447
4691 22 295 494
4692 15 435
4693 5 326 490 186 403 327
4694 15 496 166 227 187
4695 32 95 246 13 220
4696 26 353 322
4697 31 127 472
4698 33 416 332 309
4699 44 359
4700 29 32 269 266
4701 26 207 232 195
4702 8 166 462 466 355
4703 38 30 418 497 352 22
4704 39 138 392 62
4705 17 442 74 155 268
4706 20 149 326
4707 21 377 431 195 360
4708 7 401 453 149 242
4709 45 258 91 261
4710 50 462 420
4711 19 312
4712 2 325 399 215 420 2
4713 33 164 116 72
4714 42 462 166 241 315
4715 16 183 476 413 434 426
4716 20 422 114
4717 28 459 377 331 65 175
4718 32 14
4719 45 234 185 229 64 276
4720 42 33 12 222 499 194
4721 38 427 196 11 209
4722 25 232 445 273
4723 34 337 258
4724 25 87 70 357 108 429
4725 25 465 490 414 115
4726 11 194
4727 40 443 345
4728 21 81 363 417 129
4729 1 257 101 227 308
4730 48 306 478 191 108
4731 9 66
4732 24 161 464
4733 21 448 360 144 152 325
4734 9 349 280 238 39 250
4735 18 115 30 280 198
4736 44 47
4737 43 349 360 311
4738 37 8 203 221
4739 39 41 187 496 281 399
4740 49 157 375 334 315 372
4741 18 372 144 341 364 387
4742 19 477 157 374 110
4743 40 387 89
4744 13 473 47 405
4745 47 110 319 305
4746 7 442 366 417 391
4747 29 439 318 357
4748 8 436 307
4749 26 302 299 320 436
4750 45 339 12 270 348
4751 40 86 224 287
4752 9 323
4753 21 16 248 244 281
4754 7 11 348 453 127
4755 1 103 317 208 480 498
4756 15 317
4757 17 304 194
4758 39 133 192
4759 41 459 38 6 442 87
4760 16 340 315 36
4761 50 308 299 476 319
4762 15 197 353 231 315
4763 4 30 495 369
4764 4 116 434 294 232 198
4765 4 409 5 237 173
4766 1 47 208 241 230 69
4767 49 377 30 234 449 131
4768 16 398 417
4769 29 174 323 216
4770 4 49 344 485 50 500
4771 6 46 245 182 449 369
4772 4 348
4773 3 16 415 108
4774 18 298 82
4775 15 134 299 114 56 334
4776 33 303
4777 19 338
4778 46 85 6 81 189 212
4779 6 58 235
4780 49 378
4781 50 150 173
4782 20 56 179 70 55 51
4783 36 276
4784 3 255 291 182
4785 25 400
4786 31 215 461 169
4787 44 222 208
4788 33 120 194 15
4789 33 151
4790 48 406 217 413 247 33
4791 25 215 12 146 340
4792 17 453 313 326 158
4793 40 46 148 469
4794 21 331 438 275 86 293
4795 18 354 274 281 427 408
4796 44 174 389 4 127 492
4797 9 237 75 190 464
4798 6 193 49 99
4799 14 337 313 373 223
4800 29 352 9 391
4801 25 108 176 77 24 326
4802 6 388
4803 16 412 470 462 281 368
4804 10 2 247 241 420 36
4805 50 298 118
4806 35 334 327 401
4807 17 249 333 432 296
4808 32 460 214 122 276
4809 18 75 384 53
4810 11 262 469 16 94
4811 1 427 231 179
4812 9 177 442
4813 31 434 285 342
4814 15 372 206 285
4815 50 490 479 240
4816 36 450 290
4817 15 489 260 183 407
4818 41 339
4819 47 455
4820 44 203
4821 38 483
4822 41 294 379 338
4823 21 78
4824 38 372 90 186
4825 27 423 32 89
4826 49 230 410 407 354
4827 49 16
4828 22 180 261
4829 41 152 301
4830 15 455 303 9 261
4831 21 410 90 227
4832 12 36
4833 8 141 365 193 413 341
4834 46 177 250 347 113 44
4835 21 276 167 174 76
4836 6 274 116 219 206 27
4837 42 16 427
4838 14 394 42 427 12 141
4839 39 146 272 126
4840 40 14 227 139 5 391
4841 28 89
4842 41 433
4843 10 212 332
4844 35 442 250 205 225 319
4845 25 398 173 144 37 105
4846 47 37 243 474 202
4847 50 3 6 216
4848 12 246
4849 5 104 99
4850 26 100 208 273
4851 12 198
4852 2 72 125 459 471
4853 46 244 176 296 220 485
4854 20 322 442 22
4855 39 1 49 450 142
4856 16 425
4857 10 146 161 167 67
4858 5 369
4859 2 237
4860 12 52 453
4861 5 216
4862 44 173 256
4863 31 44
4864 17 233 360 277
4865 35 375 173
4866 44 125 406
4867 26 119
4868 36 31
4869 14 232 351
4870 44 47 40 68
4871 50 197 367
4872 49 26 137
4873 31 161 151 84 173 408
4874 7 370 308 241
4875 22 462 362 59 279 43
4876 33 366 30
4877 32 482
4878 15 497 19 248
4879 31 158 259 316
4880 43 391 374 8 44 335
4881 11 307 125
4882 30 359 416 347
4883 37 242 302 21 476 53
4884 2 274
4885 8 304 222 431 25
4886 32 282 313 61 206 115
4887 42 108 85 327 321
4888 24 439
4889 5 309 111
4890 32 243 315
4891 6 165 8 381
4892 36 4 453 459 64
4893 2 485 131 144 284
4894 26 288 374 135 195
4895 15 98 311
4896 44 319 440
4897 49 17 310 414 305 263
4898 39 265
4899 11 363 417 69 101
4900 12 361 217 178 11 316
4901 7 107 175 334 421
4902 23 136 376 400
4903 17 9 237 414 45
4904 20 167 471 173 329 168
4905 37 125 330
4906 1 16 262 105 84
4907 21 429 225 316
4908 29 351 150 156 439 383
4909 6 64 470 266 171
4910 12 162
4911 42 322 119 414
4912 22 1 299
4913 23 340 185 358
4914 12 447
4915 4 262
4916 12 51 236 224 274
4917 15 404 156
4918 15 145 64 290 356
4919 49 402
4920 44 463 19 46
4921 31 365 181 474 127 402
4922 36 3 226 57
4923 9 447 297
4924 50 256 126 54
4925 13 225 370 406 261 240
4926 37 324 185 121 443
4927 22 174 399 176 471 42
4928 50 113 189 114 285
4929 32 202 327 54
4930 33 49 310 119
4931 12 50 209 267 116
4932 24 53 50 68
4933 32 306
4934 13 108 492 264
4935 24 389 32 65 429
4936 19 483 124 267
4937 49 197 481
4938 28 101 216
4939 46 118 65
4940 1 199 105 454 430
4941 41 37 306
4942 35 193 174 405 366
4943 9 90 73 303 438 428
4944 20 462 399
4945 3 22 370 245 117 101
4946 23 219
4947 14 310 319 71
4948 1 152 259 422
4949 5 480 348 296
4950 36 351 110 224 307
4951 28 42 308 301 325
4952 3 341
4953 20 223 345 343 482
4954 9 478
4955 26 96
4956 7 126 127 216 276
4957 45 227 267 484 197 214
4958 2 121
4959 33 472
4960 24 117 11
4961 13 301
4962 20 34 269
4963 37 469 342 437
4964 50 239 467 134 470 149
4965 10 469 157 359 470 208
4966 25 73
4967 19 13 279 97 367
4968 32 485 389 354 76
4969 2 496 67 284
4970 2 128 176 445
4971 24 417 34 405 269
4972 10 408 475
4973 13 85 474 12 194
4974 50 163 41 309 408 12
4975 23 191 49
4976 22 470
4977 3 254
4978 42 193
4979 45 354 488 1 452
4980 37 207
4981 6 348 470 332 75 413
4982 7 308 384
4983 23 165
4984 45 116
4985 29 60 27 413
4986 23 164 495 75 225 424
4987 11 100 68 94 301
4988 34 9
4989 45 245 143 150 239
4990 11 93 423
4991 43 304
4992 16 459
4993 46 108 420 268
4994 21 490 49 251 219
4995 43 146 114 472 383
4996 46 373
4997 43 364 113 442 422
4998 10 249 105 2 57
4999 41 133 478 383 69
5000 47 154 96 472 362
