101 2
1 2 358
2 1 95
3 2 450
4 1 721
5 2 717
6 1 960
7 1 16
8 2 83
9 2 241
10 1 199
11 2 251
12 1 345
13 1 437
14 1 729
15 1 716
16 2 29
17 1 393
18 2 330
19 1 466
20 2 501
21 1 253
22 2 182
23 1 395
24 1 931
25 1 21
26 1 62
27 2 618
28 1 698
29 1 873
30 1 435
31 2 713
32 1 246
33 2 432
34 2 985
35 2 264
36 1 984
37 2 996
38 1 427
39 2 748
40 1 726
41 1 67
42 2 817
43 1 405
44 1 748
45 1 296
46 2 819
47 2 952
48 2 159
49 2 276
50 2 83
51 1 731
52 1 247
53 2 373
54 2 864
55 2 273
56 1 638
57 1 243
58 2 672
59 1 699
60 1 43
61 1 151
62 1 630
63 2 542
64 1 504
65 1 522
66 2 531
67 2 596
68 2 951
69 2 247
70 1 489
71 1 963
72 2 159
73 1 140
74 2 503
75 2 590
76 1 228
77 1 635
78 2 210
79 1 963
80 1 564
81 2 933
82 1 952
83 2 38
84 2 527
85 2 218
86 1 314
87 2 378
88 2 901
89 2 663
90 1 601
91 1 695
92 1 394
93 2 58
94 2 137
95 2 194
96 1 329
97 2 477
98 1 72
99 2 383
100 1 342
101 2 361
1 245 90
2 410 21
1 1 39 93
2 2 11 33 69 29 82
3 1 56 44 84 41
4 1 48 67
5 1 90 25 94
6 2 47 39 40 29
7 2 55 94
8 2 61 32 31 25
9 2 24 2 87 9
10 1 22 39 43 31
11 1 56 66 68 45
12 2 80 9 83 21
13 2 60 100
14 1 17 101 3 10
15 1 48 29 61 88
16 2 79 21 101 92 35
17 2 82
18 1 75 30 42 60 83
19 2 78 18
20 1 16 42 69
21 1 3 30
22 2 64 96 22 20
23 2 12
24 1 27 18 80 38
25 1 61 46
26 1 89 33 60 98
27 2 63 14 75 94
28 2 87 100 57
29 2 58 50 27 91
30 2 68
31 2 79 91 31 89
32 2 51
33 2 22 34 44 77
34 1 82 35
35 1 9 49 82
36 1 29 72 45
37 2 13 19 85 59
38 2 82
39 1 5 18 47 92
40 1 96 45 97 5
41 1 73 59 32 42
42 1 20
43 2 68 62 80
44 2 23 45 90
45 1 68 97 43 96
46 2 40 60
47 1 6 34 71 89
48 2 75 5
49 2 79 24
50 1 99
51 1 87 76 72
52 1 67
53 2 93 28 43 34
54 1 31 46 37
55 1 75
56 1 101 83
57 2 27
58 1 92 43 77 60
59 1 50 51 36 66
60 1 68 93 4 81
61 2 29
62 1 35 38 11 33 47
63 1 38
64 2 98 7 87
65 1 42
66 1 64 72
67 2 57
68 2 13
69 2 26 20 87 84 52
70 2 62
71 2 82 31
72 2 91 40 27
73 1 80 15 20
74 1 11 43 16 17 34
75 1 40 13 30 32 77
76 2 19 22 74 13 59
77 2 22 66
78 1 29 26
79 2 60 44 5
80 2 72 86 14
81 2 17 61 54
82 1 70 78 62 5 18
83 1 40 44 25 57
84 2 59 64 27 39
85 2 95 70 28 66
86 2 16 4 6 56
87 2 7 37
88 1 70
89 2 62 60
90 1 71
91 2 99
92 1 100 60 23 61
93 2 47
94 2 49 62 48
95 1 21 77 73
96 1 95 39 98 28
97 2 16 37 51 43
98 1 78 47 77 93 98
99 2 70 39 36 8 7
100 1 34 94
101 1 95
102 1 66 92 89 63 5
103 2 76 69 87 5
104 2 46
105 2 29
106 1 76 34
107 2 39 83 63 10
108 1 57 42 87 26
109 1 40 49 55 41
110 2 71 74 77
111 2 39
112 1 73
113 2 28
114 1 79
115 2 19 100 9
116 2 58 21
117 2 12 9 48
118 2 57 21 14 8
119 2 99 76 89
120 1 24 67 77
121 1 18
122 1 48 34 73
123 2 65 29 6
124 1 5 38 40 68 83
125 1 94 49 48 34 3
126 1 1 71 13
127 1 47
128 1 94 87 68 10 81
129 1 65 21
130 1 64 65 79 60 14
131 2 67 39 26
132 1 50 85
133 2 94 64 98 10
134 1 93 73 23
135 1 95 6
136 2 81 59 90 73
137 1 54 55 49 80 47
138 2 16 65 44 14 46
139 1 41 77 17 5
140 1 19 65 10 59 66
141 2 73 77 13
142 2 56 3 61
143 2 46 89 59 38 54
144 2 9 46 14
145 2 3 48
146 1 83 82
147 2 7
148 1 70 48 42 73 69
149 2 9 72
150 2 17 63 21 40
151 2 16 19
152 1 75 35 73 51 11
153 1 17 76 11
154 2 34 9
155 2 54 55 68
156 2 91 83 65
157 1 34 72 65 75 68
158 2 20 46 100 66
159 2 3 76 22 55
160 1 74
161 1 28 54 43 9 95
162 2 1
163 2 4 21
164 1 33
165 2 38
166 2 72 74 19 50 59
167 2 55 43 78 9
168 2 37 95 82 29 25
169 2 89 31 69
170 1 8 6
171 1 68
172 1 77 38
173 1 33 38 75
174 2 42 15
175 2 60 95 82 69 100
176 1 96 3 40 98
177 1 11 15
178 2 13
179 2 25 4 98 54 101
180 2 99 80 37 71
181 1 1 30 76 50 48
182 1 43
183 1 16 11 32
184 2 85 81
185 1 50
186 2 96 15
187 2 63 80
188 2 45
189 2 32 73 84 87 99
190 1 5 45 35 60
191 2 96 2
192 2 73 54 99 90 56
193 2 58 62 10
194 1 77 32 19 40 20
195 1 21 27 73
196 2 88 82
197 1 7 86 22 82 33
198 1 40 9 27 50 76
199 2 74 64 32 56 18
200 1 27 16
201 1 56 58 68
202 2 27 79 44
203 2 53
204 1 80 100 11
205 2 66 50 10
206 1 70 76 3 41
207 2 39
208 1 54 15 83
209 2 47 82
210 1 58
211 2 73 74 45 30
212 1 100
213 2 54
214 2 81
215 1 9 98 74
216 1 80 53
217 2 41 93 22
218 2 84
219 2 84 16
220 2 8 99 10
221 2 50 90
222 1 12 78
223 2 68 5 83 56
224 1 70 68 15 51
225 1 74 69 9 41 53
226 1 12 76
227 2 93
228 2 65
229 2 20 52 49
230 1 85 35 14 66 61
231 2 12 52 8 44 83
232 2 17 24 26 72
233 2 21 30 3 8
234 1 45 21 25 90
235 1 97
236 2 83 97
237 2 31 70 90 98 9
238 2 66 52 95 74 76
239 1 43 96 2 26
240 2 45 5
241 2 10 93 7 22 97
242 1 93 25 73 96
243 2 86 14
244 1 6 92 95 59 18
245 2 100 9 26
246 1 88 57 9 92
247 1 38 84
248 1 19 93 51
249 2 85
250 2 17 46 84
251 2 83 51
252 2 49 52 8 59 17
253 1 98 3 93 58 18
254 1 77 48
255 2 84 67 60 18 33
256 1 91 82 39 68
257 2 1 71
258 2 34 11 7 101 22
259 2 4 32 56 25
260 1 13 97 24
261 2 13
262 1 70 15 9 97
263 2 30 38 86
264 2 35
265 1 70
266 1 66 51
267 2 38 48
268 1 44 88 75 96
269 1 30
270 2 87 91 38
271 2 43 76 49 11 2
272 1 93 2 13 27 44
273 2 25 78 100 70
274 2 95 32
275 2 59 35 69 9
276 1 81 63 61 24
277 2 7 84
278 1 46 6 76 42
279 1 13
280 2 20 10 100
281 1 91 86 66
282 2 34
283 1 81 16 10 5
284 2 72
285 1 96 13 60 47 93
286 1 8 56
287 1 42 34 23
288 1 15 68 70
289 2 35 28 99 27
290 1 76 16 46 66 51
291 2 9 83 16 15
292 1 33
293 1 5 7
294 2 48 26 9 65
295 1 48 61
296 1 17
297 2 77 95 67 28 15
298 1 62
299 2 14 61 60 31 6
300 2 35 89 83
301 2 34 36
302 1 3 8
303 1 81
304 2 33 41
305 2 74
306 1 79 24 9 74 96
307 2 71 22 47 67
308 2 59 1 6
309 1 62 66 50 80 30
310 1 65
311 2 89 86 54 5 45
312 1 84 100 79 90
313 1 60 76 96 99 7
314 1 90
315 2 54 33 97
316 2 18 45 67
317 2 83 32 77 11 17
318 1 74 88 71 47
319 2 7 19 93 68
320 2 95 22 49 17 70
321 2 53 33
322 2 45 12 1 38 73
323 1 75
324 1 27 47
325 2 72 36 78
326 1 75 65 51 52
327 1 28 83 40 32
328 1 77 65 51 30
329 2 77 86 79 63
330 1 63
331 2 43 89 97 21
332 2 34
333 2 79 9 76
334 1 38 21 16
335 1 49 55
336 1 3 90 28 71
337 1 54 13
338 1 24 42 50 37 44
339 2 32 89 70 6 40
340 2 98 48 4 23 60
341 2 68
342 2 44
343 2 44 91 79 95
344 1 98 93
345 1 90
346 1 24
347 1 44 99 67 24 78
348 2 11 80 75 60 66
349 2 81
350 1 45 87
351 1 26
352 1 81 50 100
353 1 2 71 84 6
354 2 18 53 11 89
355 2 94 79 9 78
356 1 86 94
357 1 37 1 71
358 1 2
359 2 94 55 9 58 65
360 2 99 49 64 17
361 2 77 73 91 79
362 2 66
363 1 82 75 7
364 2 23
365 2 39 70 68
366 2 70 1
367 2 59 84 61
368 2 47
369 2 24 41 101
370 1 25
371 2 65 91
372 2 36
373 1 73 61 81
374 2 14
375 2 36 35 32
376 2 21 48 60 88 57
377 2 90 12 27 47
378 1 59 88 44
379 2 68 41 4
380 2 84 38 67
381 2 12 7 26
382 2 96 40 88 101 97
383 1 74 59 1 39
384 1 11 4 83 39
385 1 88 57 20 77 66
386 2 35
387 1 43 61 37 77
388 2 40 41 92
389 1 49 27
390 2 64
391 2 89
392 2 60 83
393 1 52
394 1 7 64 70 85
395 1 32 100
396 2 33 19
397 2 58 28
398 1 76 43 66 22 18
399 2 94 57 96
400 2 11 94 39 89 85
401 2 4 16
402 2 29 28
403 2 44 41 79
404 2 67 24
405 2 76 27
406 1 53 101 18 60 75
407 2 45 78
408 1 72 98 38
409 1 34 85 4
410 1 80 27
411 1 33 37 55 20 60
412 2 51 41 63 78 54
413 2 58 11 61
414 2 101 12
415 1 3 68 88
416 1 30 59 63
417 2 59 39 21 42
418 2 31 40
419 1 30 20 39
420 1 77 4 61 78 66
421 1 28 42
422 2 66
423 1 88 38 61 35
424 2 19 42 29
425 2 77 35 6
426 1 55
427 2 22 65 64 42
428 2 99 28 96 66
429 2 10
430 1 7 68
431 1 45 75 20 47
432 1 93 92 73 54 94
433 2 100 72 101 42
434 1 24 18 6 7 90
435 2 91
436 1 39 76
437 2 29
438 2 25
439 1 71
440 2 14 88
441 1 22 11 5 85 60
442 1 82 13 9 21
443 1 31
444 1 3 45 21
445 1 98 19
446 1 88 58 29
447 1 34 53 16 78 12
448 2 51
449 1 91
450 2 27 70 30 11 74
451 1 97 92 20 57
452 2 36 78 72 86
453 2 69 71 12 100 74
454 1 37 7
455 1 77
456 1 89
457 1 56 21 34
458 1 80 86 9
459 2 83 35
460 1 23 18 40 58 51
461 2 98 18 41 89 80
462 2 24 88
463 2 1 72 79 38
464 2 98
465 1 13 63 56
466 2 82 22
467 1 44
468 1 13 73 64
469 2 87 22 35 42 34
470 1 78
471 2 19 76 47
472 2 67 16 31 14 33
473 1 22 48 3 69 86
474 1 84 33 89
475 1 9 8 13 32 92
476 1 40 87 101 76 51
477 1 22
478 2 55
479 2 56 9 81
480 2 95 43 37
481 1 82 70 51 39 21
482 2 85
483 2 83 82 2 60 58
484 1 54 65 34 99
485 2 83 97 41 66 43
486 2 71 24
487 2 67 29 8 28
488 1 85 6 77 89
489 1 1
490 2 10
491 2 20 7 68
492 1 41
493 1 31 77 26 45 82
494 2 87
495 2 28 32 101
496 2 13 54 94
497 1 40 67 78
498 2 26 12 93
499 1 74 29 35 16
500 1 93 89 19 77 94
501 1 8 88 30 48
502 2 83
503 2 42
504 1 80 95
505 2 95 21
506 1 92
507 2 22 8
508 2 29 55 47 73
509 1 72
510 2 49 18 53 23
511 1 24 37 65 61 71
512 2 46 68
513 2 22
514 1 91
515 1 31 56 6 72 46
516 2 79 54 21 66
517 2 95 60
518 2 37 78 5 79
519 2 54 34 94 53
520 2 62 89 6
521 2 76 75 95 60
522 1 74 97 81 99 53
523 2 19 44 82 52
524 2 38 78 90 51
525 1 56 79 23 96
526 2 10 91 11
527 1 53 100 25 26
528 1 5 26
529 1 31 56
530 2 59 53 63
531 1 59
532 1 75
533 1 92 43 5 60 30
534 1 37 67 77
535 2 59 64 91
536 2 70 40 34
537 1 74 9 75
538 1 92
539 2 37
540 2 73
541 2 55 59 38 73 69
542 1 57 54 88 60
543 2 2
544 2 30
545 2 20 34 46
546 2 19
547 1 1 80
548 1 56
549 1 26 63 17 4 10
550 1 36
551 2 54 51
552 1 64
553 1 6
554 2 32 17 7 52
555 1 65 28
556 1 74 18
557 1 51 6
558 1 73 59 45 3 56
559 2 59 88 80 68 79
560 1 9 72
561 1 41
562 1 1 14 36 23
563 1 74 8 92 24
564 1 56
565 1 101 70 32 24 2
566 1 58 22 46 71
567 1 84 95 43
568 1 88 46 16
569 1 51
570 2 99
571 1 43 33 86 25 76
572 2 29 91 14 5 55
573 1 40 76 49 89 86
574 2 64
575 2 25 36
576 2 23 83 96 27 14
577 2 42 2 58 18 28
578 2 90 71 48 81 69
579 2 23 84 18 75 93
580 1 40
581 1 58 96 67 94 50
582 2 65 40
583 2 81 69 98
584 1 46 18 71 87 90
585 1 37 10 41 13
586 1 64 83 41 67 33
587 2 26 35 84 72
588 1 17 97 24
589 1 77 101 31 87 99
590 2 90 93 40
591 1 58 60 66 11
592 2 36 20 64 42 100
593 2 9 14 1 87
594 2 30 18 8 19 11
595 1 36 79 52 72
596 2 39 84 37
597 1 32 11 9 86
598 1 88 42
599 1 19 71
600 2 7 52 62 8 3
601 1 58 56 77
602 1 87 59 61 45
603 1 57 66
604 1 74 37 47 23
605 2 44
606 2 36 32 20 92 31
607 2 45 19 17
608 2 27
609 2 52 61 91
610 1 26 55 29 48
611 1 46
612 1 72 80 89
613 2 3
614 1 74 18 78
615 1 61 45 65
616 1 82 97 77
617 1 56 76 15
618 1 14 72 42
619 1 73 30 77
620 1 25 53 60 70
621 2 64 86 21 37
622 2 77 33 57 30
623 2 72
624 1 76 39 42 94 8
625 2 48 27 21
626 1 34 71 92
627 1 28 68
628 1 26 56 95
629 2 67 46
630 2 32 51 84 75 23
631 2 45 39 41 11 25
632 1 27
633 2 75 91 38 43 4
634 1 81 69 1
635 2 96
636 1 86 6 18 32 92
637 1 36 99 87 59
638 2 35
639 2 85 77 69 5 62
640 2 11 79
641 1 33 15 39
642 2 26
643 2 89 82 43
644 1 35 75 56
645 1 101 68 19 98 82
646 1 30 73 55 11
647 1 7 80 37
648 1 68 58 73
649 1 73 7
650 2 18 35 75 53
651 1 39 86
652 2 14 91 19 3 63
653 2 71
654 1 14 61 1 17
655 2 17 51 46 90 21
656 1 72
657 2 67 20 99 59 77
658 1 95
659 1 82 16 52 101
660 1 97 98
661 2 46
662 2 77 42 92
663 2 56 2 94
664 1 4
665 1 99 36 63
666 2 36 43 34 92 55
667 2 100 38 42
668 2 78 62 75
669 2 50 72 69 90 26
670 2 64
671 1 61 52 45
672 1 83 2 22
673 2 17 65 91
674 1 86 31 69 28
675 1 48
676 2 39 64
677 1 36 67 17
678 2 82
679 1 45 62 54 47
680 1 64 28 89 38
681 2 75 54 26
682 2 10 1 53 54 20
683 1 3
684 1 33 95 90 37 4
685 2 52 82 101 4 93
686 2 4 19 95 78 6
687 2 70 89 52
688 1 5 59 63
689 2 35 100 34 21 70
690 1 50
691 1 71
692 1 3 9 28
693 2 43 22 76 28 80
694 2 70 75 13 69 38
695 2 90 22 74 79 41
696 1 47 65 75 8
697 2 24 97 13 79
698 2 94 61 33 41
699 2 28 73
700 2 94 12 76 81
701 1 93
702 2 63 14 88
703 1 39 12
704 1 98
705 2 98 38 93 99
706 1 32 46
707 1 21 61 35 100 91
708 1 76 6 57 85 98
709 2 91
710 2 3 62
711 2 90 23
712 1 64 75 41 97
713 2 64 8 10 43 91
714 2 25 84 34 74 62
715 1 50 16 8 78
716 2 77
717 2 54 80 79
718 1 46
719 2 47 55 10
720 1 48
721 2 75 25 30 59 38
722 2 18 93 55 63
723 1 50
724 2 30 12 36 77 51
725 2 95
726 2 22 42
727 1 22 10
728 2 96
729 2 99 91
730 2 52 39 17 64
731 1 8 7 53 9
732 1 89 93 4 23 29
733 1 51 20 48 21 73
734 1 44 55 81 14
735 2 76 4
736 2 85 41
737 1 67 40 78 27
738 1 26 32
739 2 55 11 28 7 44
740 1 95 9
741 2 79 38 6 9
742 2 35 61 89
743 1 71 62 56 88 47
744 1 10
745 2 9
746 2 101 31
747 1 4
748 2 43
749 1 51 92 20
750 2 37 82 47 45 58
751 2 40 47 83 56
752 2 25 98
753 2 64
754 1 74 20 11 87 100
755 1 99 86 54
756 2 98 6
757 2 4
758 2 32 51 94
759 2 15 13 51 52
760 2 19 72 38 64
761 1 57 22 48 98 29
762 1 15 54 55 47
763 1 54 28 44 9 38
764 2 83
765 2 46 8 68 13
766 1 82 45
767 2 41 8 64
768 2 67
769 2 52 4
770 2 6 7
771 2 43 41 60 37 19
772 2 95
773 2 20
774 1 65 13 87 18 53
775 1 69 78 63 54 98
776 1 61 8 51
777 1 54 27
778 1 23 66 6 14
779 2 21 83 45 18 1
780 2 56 91 5 39
781 2 95
782 1 74 86 68 75 7
783 2 70
784 1 95 40 29 44 22
785 2 88 96 82 3
786 2 85 51 69 19 82
787 1 22 51 57
788 1 87
789 2 24 47 90 15 6
790 1 28 36
791 2 71
792 1 75
793 2 4
794 1 87 33
795 2 78 5
796 1 9 15 59
797 2 94 77
798 2 9 83 10
799 1 88 65 36 25 100
800 2 5 2
801 2 18 48
802 1 27 1 12 37
803 2 48 55
804 1 3 91
805 1 16 47
806 1 78
807 1 37
808 1 9 85
809 1 41 69 38 61
810 2 53 47 82 77
811 1 5 73 65 70 29
812 2 28 21 47 8 65
813 1 96 66 35 85
814 2 71 87 11 95
815 1 3 55 5
816 2 5
817 2 30 48
818 2 22
819 2 26 62 87 33
820 2 20
821 2 9 61 8
822 1 22 91 96 75
823 1 41 81 96 53
824 1 27 22 38
825 2 50 26
826 2 46 69 58 54
827 2 29 12 96
828 1 81 49 90 37
829 1 63 81 84 95
830 1 15 89
831 2 74
832 2 13 67 17
833 2 59 28 23
834 2 69 58
835 1 21
836 2 33 63 29 86 72
837 2 15 1 80 2 5
838 2 7 23
839 1 85 8 58 44 36
840 2 67 69 76 92
841 1 46 38 97 13 95
842 1 71 49
843 2 90 81 59 6 35
844 2 80 38 51 47 74
845 2 45
846 1 61 72 93 70 23
847 2 51 28 66
848 2 49 7 48
849 2 53
850 2 83 7
851 2 4
852 1 85 65 94 6
853 1 88 63
854 2 34
855 1 13 77 75
856 2 73 68 77
857 2 32 74 60 64
858 1 4
859 1 18 34 62 49
860 1 34 22
861 1 26
862 1 101 35 19 27
863 2 8 13 29 98 59
864 2 59
865 1 9
866 1 85 88
867 2 75 70 74 100 58
868 2 69 95 36 6
869 2 67 83 41
870 1 67 49
871 2 31 46
872 2 70 26 49 98 53
873 1 12
874 1 98 46 4 99
875 1 45 55 11
876 2 26 55
877 1 64
878 2 24 66 58
879 1 48 45 78 11 32
880 1 60 34 23
881 1 29 21 62
882 2 6 14 75 42 99
883 2 60 86 33 57
884 2 95 41 47 82 45
885 2 60
886 2 18 25 52 54 39
887 1 71
888 1 56 19 81
889 2 87 67
890 2 57 43 38 7 25
891 1 27 89
892 1 16 6 53 92
893 1 37
894 2 5 55 21 101
895 1 101 46 68 19
896 2 10 94
897 2 37 4
898 2 81 6
899 2 21 46 98 12 58
900 2 26 43 61
901 2 76 16 78 81 74
902 1 18 42 14
903 2 54
904 1 30
905 2 68 51 101 78
906 1 21 101 32 55 12
907 2 96 88 71 64 17
908 2 83
909 2 59 47
910 2 36
911 2 62 77 49 21
912 2 79 7 36 46
913 1 63 77
914 1 14 73 32 65 91
915 1 24 99
916 1 7 17 79 72 11
917 1 78 32
918 1 68
919 1 94 14 86 29 19
920 2 66
921 2 73 81 25 27
922 1 45 35 90 15 38
923 1 22 16
924 1 98
925 1 57 88 92 46
926 2 65 42 32
927 1 77 40 68 46
928 2 16 72
929 1 80 18
930 2 14 26
931 1 65 49 4
932 1 28 73
933 1 29 2 62 52 40
934 1 87 14
935 2 14 89 90
936 1 55
937 1 10
938 2 7 98 31 70
939 1 92
940 2 53 101 63 52
941 1 31 32 76 35 56
942 2 96 18 82
943 2 18 88 31 36 90
944 1 4
945 1 82
946 2 56
947 2 60 21 96
948 2 89 58 53 77
949 2 11 13 74 30 21
950 2 38 75 45
951 1 12 29
952 1 1 82 14
953 2 9 10 46 78
954 2 16 53 39
955 2 38 80
956 2 47 57
957 2 89 70 35
958 1 100
959 2 35 17 21 90
960 2 91 66 40
961 1 3 32
962 1 78 49 52 65 45
963 2 96 98
964 1 27 53 71 99 60
965 2 60
966 1 46 81 72 95 100
967 2 39 66 51 10
968 1 31 43 50 29 27
969 1 13
970 2 89 54 11 51 52
971 1 88 59 95
972 2 8
973 1 26 2 27
974 1 28 86 51
975 1 76 37
976 2 1 60 22
977 2 95 26
978 2 72
979 2 50 10
980 2 40 36
981 2 97 33 32 3 7
982 2 45 11
983 2 60 42 66 61
984 2 66 50 22 52
985 2 88 68 19 23 28
986 1 84 58 91
987 2 47 7 64
988 2 63 12 24 9
989 1 50 31 45 80 15
990 2 65
991 2 17
992 1 51 83 34 37 69
993 2 73 2
994 2 28 58 30 40 12
995 1 81 77 74 56 30
996 2 42 68 96 52
997 2 66
998 1 85 34 99 27
999 1 42 79
1000 1 22
