2000 50
1 33 627
2 22 85
3 36 211
4 19 693
5 46 465
6 45 716
7 24 479
8 32 399
9 5 99
10 35 223
11 47 912
12 12 817
13 44 651
14 34 87
15 44 495
16 28 238
17 5 341
18 37 746
19 33 865
20 1 766
21 5 663
22 3 399
23 47 180
24 13 42
25 50 800
26 1 856
27 28 565
28 47 450
29 34 130
30 33 522
31 16 461
32 1 87
33 18 941
34 2 527
35 50 586
36 17 591
37 21 42
38 30 649
39 18 385
40 38 670
41 25 572
42 31 207
43 5 616
44 35 490
45 37 641
46 31 881
47 23 382
48 2 605
49 48 894
50 32 79
51 15 93
52 21 375
53 12 914
54 16 236
55 21 655
56 17 876
57 20 371
58 17 960
59 17 370
60 2 50
61 20 89
62 36 866
63 49 896
64 46 46
65 37 406
66 13 167
67 30 677
68 45 281
69 33 184
70 8 671
71 20 572
72 48 857
73 15 21
74 3 916
75 23 506
76 16 139
77 42 965
78 25 998
79 26 569
80 10 395
81 24 178
82 34 139
83 31 853
84 13 263
85 39 123
86 29 917
87 41 601
88 40 407
89 6 656
90 48 571
91 37 35
92 33 251
93 11 832
94 28 457
95 47 128
96 3 646
97 19 316
98 10 89
99 16 396
100 28 448
101 17 335
102 6 581
103 20 332
104 16 388
105 14 892
106 41 474
107 6 781
108 1 705
109 15 738
110 30 120
111 22 251
112 22 649
113 25 350
114 37 58
115 33 996
116 30 895
117 8 757
118 7 360
119 36 153
120 46 18
121 34 411
122 10 416
123 14 250
124 11 52
125 45 670
126 5 941
127 5 62
128 44 992
129 23 719
130 3 713
131 19 998
132 37 114
133 26 251
134 22 232
135 23 929
136 19 922
137 6 697
138 47 508
139 30 950
140 7 327
141 26 612
142 22 955
143 43 446
144 33 570
145 30 863
146 18 740
147 25 451
148 28 589
149 30 78
150 6 646
151 29 289
152 41 390
153 8 519
154 43 411
155 24 612
156 36 826
157 29 92
158 46 150
159 34 573
160 11 696
161 30 573
162 2 22
163 8 742
164 47 322
165 42 938
166 42 187
167 36 595
168 36 304
169 14 959
170 26 759
171 12 255
172 44 984
173 22 42
174 41 566
175 4 160
176 46 501
177 18 617
178 14 110
179 41 89
180 20 212
181 15 922
182 22 743
183 27 466
184 34 411
185 35 987
186 8 270
187 8 936
188 41 25
189 33 36
190 25 27
191 32 834
192 27 257
193 29 484
194 41 58
195 13 935
196 22 760
197 29 512
198 46 374
199 2 347
200 16 276
201 49 345
202 5 940
203 18 499
204 4 855
205 21 149
206 41 207
207 30 373
208 21 904
209 45 229
210 34 851
211 48 566
212 22 341
213 49 709
214 37 70
215 20 561
216 44 990
217 12 120
218 45 261
219 27 696
220 21 753
221 17 846
222 50 760
223 37 601
224 33 916
225 29 933
226 5 104
227 39 652
228 21 317
229 17 508
230 6 918
231 1 164
232 1 239
233 49 738
234 21 1000
235 8 960
236 41 754
237 30 652
238 20 678
239 33 804
240 8 679
241 10 297
242 20 939
243 31 124
244 20 459
245 6 465
246 23 153
247 43 103
248 9 430
249 21 923
250 1 961
251 20 853
252 5 953
253 48 189
254 40 670
255 50 986
256 38 704
257 9 438
258 31 346
259 31 534
260 41 547
261 10 393
262 38 140
263 33 921
264 44 881
265 11 340
266 15 90
267 24 427
268 9 475
269 49 415
270 1 763
271 37 306
272 12 987
273 22 754
274 41 223
275 24 17
276 36 581
277 32 93
278 3 926
279 23 164
280 31 971
281 18 731
282 7 204
283 14 42
284 15 658
285 28 249
286 6 966
287 50 664
288 8 63
289 16 337
290 13 401
291 38 450
292 3 946
293 41 654
294 5 34
295 50 895
296 17 672
297 34 406
298 34 995
299 36 953
300 10 506
301 3 351
302 42 92
303 29 521
304 30 235
305 1 188
306 10 997
307 9 837
308 49 88
309 45 437
310 8 988
311 32 590
312 13 971
313 4 388
314 43 148
315 7 888
316 34 627
317 40 470
318 40 459
319 38 793
320 47 394
321 28 330
322 7 173
323 32 373
324 39 377
325 11 618
326 31 713
327 26 340
328 50 190
329 11 792
330 18 466
331 22 686
332 18 687
333 29 850
334 33 889
335 20 898
336 39 565
337 18 18
338 31 157
339 12 856
340 29 888
341 4 809
342 19 336
343 25 701
344 1 856
345 20 693
346 44 141
347 8 514
348 2 334
349 20 626
350 30 347
351 8 389
352 9 360
353 33 646
354 18 950
355 42 403
356 50 16
357 50 341
358 15 964
359 15 484
360 26 398
361 14 448
362 46 888
363 38 950
364 2 418
365 12 933
366 8 219
367 36 334
368 8 668
369 16 676
370 41 874
371 44 964
372 18 134
373 22 247
374 12 516
375 40 422
376 27 113
377 23 81
378 11 651
379 27 147
380 10 67
381 10 156
382 10 993
383 29 84
384 26 911
385 30 165
386 30 355
387 1 60
388 21 648
389 26 649
390 31 633
391 20 170
392 21 550
393 4 861
394 43 361
395 13 586
396 13 540
397 45 993
398 6 325
399 14 86
400 41 796
401 32 16
402 13 258
403 47 322
404 32 593
405 31 274
406 11 984
407 46 931
408 46 25
409 3 466
410 37 662
411 27 208
412 40 238
413 22 910
414 18 328
415 16 744
416 34 233
417 31 858
418 1 813
419 41 79
420 32 266
421 22 464
422 8 964
423 26 796
424 14 686
425 19 736
426 23 486
427 10 639
428 47 850
429 9 230
430 11 301
431 49 450
432 4 215
433 17 396
434 32 180
435 49 793
436 20 514
437 28 878
438 46 224
439 9 848
440 33 121
441 19 68
442 33 883
443 22 930
444 19 964
445 10 277
446 29 112
447 4 759
448 16 940
449 2 554
450 17 502
451 44 784
452 1 19
453 35 96
454 6 386
455 39 56
456 5 199
457 46 752
458 17 454
459 46 682
460 42 339
461 9 317
462 38 475
463 8 619
464 15 347
465 11 245
466 27 648
467 21 760
468 41 953
469 2 88
470 9 971
471 42 669
472 32 88
473 50 431
474 11 589
475 12 159
476 27 113
477 10 286
478 29 882
479 41 142
480 1 982
481 35 651
482 22 914
483 10 520
484 27 624
485 23 560
486 45 71
487 28 923
488 44 23
489 3 793
490 5 650
491 30 102
492 39 814
493 44 796
494 45 764
495 46 209
496 34 874
497 9 381
498 15 649
499 17 245
500 37 295
501 33 498
502 19 671
503 26 373
504 27 504
505 2 342
506 12 371
507 7 675
508 5 969
509 36 784
510 45 766
511 37 27
512 36 566
513 12 316
514 45 548
515 8 23
516 27 448
517 11 61
518 31 315
519 29 586
520 13 635
521 2 210
522 32 625
523 36 84
524 13 213
525 45 444
526 8 829
527 11 554
528 6 668
529 45 736
530 48 796
531 41 372
532 47 355
533 32 618
534 16 388
535 32 650
536 38 290
537 2 200
538 32 808
539 7 327
540 12 426
541 40 533
542 8 288
543 25 558
544 41 980
545 18 696
546 15 134
547 31 338
548 32 650
549 12 260
550 32 106
551 46 441
552 38 493
553 48 966
554 45 528
555 14 291
556 17 704
557 39 274
558 24 108
559 21 742
560 34 581
561 32 931
562 30 485
563 7 318
564 35 753
565 6 191
566 17 180
567 49 197
568 22 546
569 3 425
570 42 488
571 30 151
572 8 55
573 39 790
574 25 492
575 37 727
576 36 549
577 27 256
578 42 112
579 39 990
580 43 882
581 1 920
582 18 284
583 48 704
584 25 147
585 9 74
586 25 947
587 28 415
588 11 475
589 47 710
590 22 552
591 20 863
592 4 888
593 44 161
594 41 349
595 14 967
596 41 270
597 43 53
598 35 438
599 33 469
600 30 490
601 22 123
602 48 422
603 12 833
604 23 140
605 14 728
606 49 378
607 27 823
608 45 709
609 35 917
610 4 958
611 6 796
612 50 882
613 1 143
614 28 437
615 4 206
616 35 954
617 27 456
618 12 675
619 33 904
620 29 298
621 14 88
622 1 803
623 13 607
624 45 77
625 22 397
626 23 27
627 24 33
628 29 973
629 37 952
630 44 763
631 7 1000
632 47 69
633 24 796
634 25 78
635 3 996
636 4 360
637 4 680
638 36 55
639 18 562
640 17 399
641 22 860
642 4 28
643 6 963
644 41 52
645 23 815
646 39 407
647 23 247
648 21 626
649 36 592
650 10 570
651 38 899
652 41 178
653 49 861
654 8 569
655 49 925
656 33 98
657 16 857
658 37 696
659 50 799
660 33 239
661 39 670
662 18 321
663 28 775
664 16 449
665 16 245
666 44 754
667 27 681
668 37 881
669 41 397
670 25 227
671 20 674
672 34 812
673 8 848
674 11 227
675 28 997
676 21 366
677 9 948
678 50 607
679 17 432
680 20 655
681 40 201
682 35 50
683 39 718
684 35 116
685 11 278
686 50 266
687 15 321
688 6 897
689 21 962
690 3 472
691 35 120
692 26 381
693 45 682
694 16 65
695 23 496
696 42 880
697 34 975
698 5 970
699 33 93
700 20 314
701 27 189
702 18 451
703 44 579
704 29 983
705 10 780
706 21 583
707 33 309
708 10 571
709 31 380
710 23 241
711 11 73
712 38 726
713 47 128
714 11 456
715 42 437
716 11 932
717 40 258
718 14 336
719 30 907
720 14 63
721 17 773
722 2 319
723 10 743
724 4 989
725 28 442
726 49 760
727 39 285
728 7 908
729 34 238
730 15 758
731 37 847
732 23 322
733 2 916
734 46 110
735 10 313
736 34 870
737 26 530
738 17 722
739 46 688
740 32 11
741 34 580
742 42 478
743 23 699
744 16 259
745 44 558
746 3 216
747 6 97
748 24 552
749 16 201
750 42 273
751 46 839
752 33 959
753 41 409
754 2 772
755 30 87
756 46 129
757 22 544
758 28 766
759 8 594
760 28 176
761 21 813
762 28 523
763 33 407
764 22 135
765 42 565
766 1 401
767 16 567
768 40 591
769 34 779
770 29 903
771 38 830
772 24 942
773 18 973
774 14 889
775 28 328
776 19 723
777 25 55
778 31 872
779 40 526
780 9 147
781 21 555
782 50 290
783 50 35
784 22 842
785 10 611
786 38 234
787 32 489
788 6 297
789 30 738
790 11 678
791 27 187
792 27 224
793 48 644
794 42 333
795 45 611
796 46 724
797 27 968
798 11 356
799 6 113
800 40 191
801 42 978
802 24 134
803 47 618
804 21 515
805 14 301
806 16 947
807 50 823
808 44 133
809 14 772
810 21 889
811 15 148
812 11 839
813 39 594
814 45 457
815 15 764
816 21 863
817 35 701
818 33 607
819 2 761
820 11 253
821 5 811
822 47 17
823 47 459
824 29 486
825 28 566
826 36 887
827 43 671
828 41 632
829 2 439
830 41 95
831 35 387
832 15 674
833 39 525
834 25 568
835 25 18
836 37 203
837 26 885
838 46 109
839 26 932
840 35 668
841 9 431
842 32 644
843 9 106
844 8 95
845 37 739
846 46 132
847 14 156
848 2 84
849 2 266
850 49 119
851 24 504
852 44 772
853 36 530
854 50 800
855 36 86
856 14 209
857 30 838
858 49 813
859 26 786
860 10 112
861 29 106
862 38 408
863 6 258
864 6 989
865 20 159
866 5 232
867 13 644
868 23 485
869 7 801
870 44 274
871 26 37
872 12 974
873 48 686
874 18 994
875 18 968
876 18 192
877 36 727
878 48 314
879 44 545
880 12 865
881 37 145
882 41 107
883 35 411
884 50 203
885 9 831
886 2 442
887 17 37
888 1 604
889 10 334
890 21 861
891 27 752
892 11 874
893 33 990
894 45 878
895 39 941
896 42 113
897 32 193
898 30 599
899 23 685
900 44 758
901 42 858
902 10 601
903 33 954
904 9 302
905 7 311
906 2 734
907 37 28
908 2 268
909 49 813
910 49 384
911 13 796
912 38 576
913 33 862
914 4 260
915 46 639
916 17 801
917 23 400
918 27 406
919 48 755
920 33 212
921 35 119
922 8 266
923 2 372
924 32 946
925 39 841
926 13 518
927 38 324
928 32 86
929 49 394
930 1 199
931 49 224
932 46 58
933 15 587
934 28 543
935 1 378
936 12 79
937 22 251
938 17 878
939 3 697
940 24 925
941 8 734
942 10 13
943 31 277
944 8 435
945 3 225
946 42 104
947 25 132
948 17 257
949 40 543
950 49 164
951 28 959
952 8 920
953 7 254
954 35 574
955 43 74
956 49 574
957 30 293
958 14 616
959 9 822
960 6 980
961 24 583
962 42 648
963 12 297
964 7 691
965 1 817
966 35 816
967 1 517
968 44 655
969 49 916
970 12 869
971 9 294
972 1 262
973 41 676
974 6 89
975 17 551
976 6 386
977 47 56
978 9 679
979 20 166
980 45 486
981 47 260
982 37 730
983 22 856
984 34 381
985 42 439
986 1 219
987 40 916
988 11 735
989 21 550
990 15 723
991 19 998
992 24 24
993 16 161
994 21 281
995 11 234
996 2 624
997 40 215
998 22 707
999 1 425
1000 13 879
1001 9 203
1002 40 92
1003 29 28
1004 33 94
1005 1 905
1006 44 985
1007 13 275
1008 11 739
1009 10 857
1010 17 934
1011 39 347
1012 41 223
1013 2 34
1014 36 593
1015 44 947
1016 9 26
1017 3 437
1018 24 50
1019 22 968
1020 41 512
1021 11 460
1022 46 55
1023 1 593
1024 45 258
1025 9 252
1026 23 551
1027 18 579
1028 12 613
1029 14 172
1030 12 841
1031 17 490
1032 34 90
1033 30 405
1034 3 585
1035 2 54
1036 40 91
1037 13 884
1038 18 920
1039 44 816
1040 11 37
1041 34 646
1042 40 851
1043 46 30
1044 16 727
1045 2 195
1046 9 113
1047 1 740
1048 47 26
1049 9 902
1050 5 51
1051 46 627
1052 18 824
1053 46 356
1054 8 585
1055 23 463
1056 15 817
1057 33 887
1058 23 68
1059 5 470
1060 44 447
1061 35 145
1062 41 92
1063 40 56
1064 17 722
1065 24 516
1066 47 521
1067 48 64
1068 29 751
1069 46 522
1070 38 931
1071 43 928
1072 32 564
1073 13 71
1074 21 580
1075 45 406
1076 24 373
1077 14 340
1078 1 223
1079 39 600
1080 15 296
1081 21 525
1082 15 502
1083 9 950
1084 50 429
1085 23 467
1086 41 175
1087 41 32
1088 23 75
1089 15 242
1090 31 530
1091 29 934
1092 43 354
1093 8 726
1094 36 363
1095 8 904
1096 37 348
1097 17 812
1098 41 621
1099 13 559
1100 9 890
1101 43 767
1102 40 645
1103 50 698
1104 36 162
1105 40 445
1106 19 328
1107 38 368
1108 48 392
1109 11 720
1110 21 969
1111 31 649
1112 19 115
1113 39 766
1114 31 70
1115 30 215
1116 35 948
1117 36 98
1118 45 518
1119 38 237
1120 14 623
1121 42 286
1122 20 950
1123 23 533
1124 44 511
1125 28 669
1126 35 530
1127 9 251
1128 1 272
1129 49 123
1130 27 733
1131 17 254
1132 19 928
1133 12 572
1134 40 185
1135 9 328
1136 50 567
1137 23 471
1138 30 784
1139 32 501
1140 24 285
1141 22 992
1142 25 191
1143 5 295
1144 50 206
1145 14 23
1146 16 712
1147 30 948
1148 42 287
1149 38 761
1150 6 57
1151 28 547
1152 12 333
1153 35 895
1154 32 913
1155 49 811
1156 34 422
1157 30 310
1158 11 418
1159 39 880
1160 19 962
1161 37 835
1162 21 192
1163 15 858
1164 37 114
1165 38 17
1166 8 266
1167 36 41
1168 19 955
1169 14 752
1170 6 400
1171 10 444
1172 37 621
1173 41 479
1174 36 145
1175 5 704
1176 19 782
1177 22 516
1178 11 807
1179 38 324
1180 32 776
1181 4 31
1182 50 777
1183 4 442
1184 48 393
1185 6 936
1186 7 435
1187 19 746
1188 46 325
1189 41 837
1190 33 983
1191 8 119
1192 29 636
1193 9 356
1194 34 968
1195 15 889
1196 25 960
1197 18 455
1198 12 414
1199 13 157
1200 38 180
1201 46 595
1202 1 429
1203 10 766
1204 32 356
1205 15 790
1206 37 300
1207 40 189
1208 44 418
1209 24 78
1210 14 792
1211 33 268
1212 13 342
1213 42 251
1214 24 436
1215 38 82
1216 31 969
1217 23 635
1218 47 81
1219 27 240
1220 26 163
1221 37 454
1222 46 239
1223 42 899
1224 15 473
1225 27 493
1226 39 643
1227 40 41
1228 41 960
1229 5 991
1230 4 128
1231 1 119
1232 7 269
1233 21 518
1234 13 564
1235 26 178
1236 25 123
1237 30 541
1238 13 985
1239 22 855
1240 6 883
1241 30 652
1242 29 852
1243 16 174
1244 49 782
1245 7 935
1246 43 960
1247 34 501
1248 29 964
1249 37 898
1250 12 382
1251 8 346
1252 14 427
1253 7 137
1254 4 968
1255 46 940
1256 50 600
1257 42 580
1258 46 57
1259 12 832
1260 33 50
1261 11 125
1262 26 358
1263 48 716
1264 8 724
1265 43 996
1266 27 699
1267 4 588
1268 10 223
1269 32 100
1270 42 940
1271 39 264
1272 37 931
1273 43 326
1274 34 922
1275 37 975
1276 28 954
1277 20 62
1278 45 53
1279 14 464
1280 28 469
1281 4 710
1282 39 977
1283 46 412
1284 36 772
1285 38 887
1286 14 797
1287 26 957
1288 21 610
1289 18 248
1290 26 542
1291 13 29
1292 21 846
1293 36 940
1294 24 473
1295 44 881
1296 13 314
1297 18 911
1298 40 745
1299 19 299
1300 14 362
1301 5 643
1302 22 850
1303 23 448
1304 41 935
1305 22 849
1306 7 411
1307 24 744
1308 14 455
1309 44 128
1310 7 748
1311 43 116
1312 35 10
1313 42 22
1314 5 384
1315 27 970
1316 42 797
1317 45 197
1318 48 518
1319 34 566
1320 44 857
1321 32 725
1322 19 107
1323 26 920
1324 47 806
1325 36 16
1326 8 524
1327 50 896
1328 50 616
1329 1 320
1330 39 971
1331 8 691
1332 6 753
1333 46 147
1334 8 108
1335 1 66
1336 25 991
1337 7 110
1338 4 273
1339 43 435
1340 25 212
1341 24 956
1342 8 509
1343 46 268
1344 11 614
1345 33 888
1346 42 977
1347 38 649
1348 45 945
1349 3 739
1350 23 150
1351 21 867
1352 50 308
1353 32 186
1354 16 582
1355 22 312
1356 19 718
1357 37 624
1358 18 180
1359 17 293
1360 48 335
1361 20 459
1362 10 797
1363 39 938
1364 17 499
1365 37 324
1366 25 62
1367 28 354
1368 31 823
1369 50 649
1370 23 84
1371 13 286
1372 25 411
1373 32 400
1374 39 269
1375 42 777
1376 17 509
1377 6 302
1378 1 659
1379 25 718
1380 34 579
1381 9 848
1382 48 111
1383 14 552
1384 45 928
1385 41 285
1386 48 44
1387 22 448
1388 42 186
1389 8 609
1390 8 50
1391 2 360
1392 7 797
1393 7 121
1394 35 283
1395 2 841
1396 6 600
1397 39 545
1398 33 310
1399 6 70
1400 16 474
1401 15 158
1402 36 123
1403 2 406
1404 27 306
1405 26 742
1406 31 187
1407 18 913
1408 10 950
1409 38 767
1410 7 532
1411 7 900
1412 13 53
1413 32 422
1414 21 37
1415 18 651
1416 36 578
1417 10 392
1418 27 776
1419 25 615
1420 9 947
1421 23 208
1422 15 323
1423 27 493
1424 35 984
1425 45 587
1426 36 676
1427 28 363
1428 16 242
1429 26 254
1430 23 676
1431 3 954
1432 27 438
1433 6 731
1434 1 754
1435 41 133
1436 45 751
1437 16 234
1438 31 892
1439 26 987
1440 18 462
1441 27 786
1442 23 687
1443 42 276
1444 5 24
1445 38 960
1446 12 278
1447 20 528
1448 10 826
1449 4 129
1450 14 898
1451 18 304
1452 12 139
1453 41 339
1454 10 583
1455 35 158
1456 24 677
1457 46 775
1458 29 634
1459 20 764
1460 14 192
1461 8 807
1462 28 749
1463 2 684
1464 23 336
1465 49 427
1466 23 309
1467 38 204
1468 27 582
1469 33 694
1470 41 412
1471 42 630
1472 14 302
1473 40 742
1474 39 401
1475 46 349
1476 16 874
1477 31 831
1478 25 613
1479 34 235
1480 21 801
1481 16 81
1482 3 934
1483 38 376
1484 43 896
1485 30 490
1486 15 229
1487 31 75
1488 38 525
1489 27 294
1490 30 660
1491 23 254
1492 47 422
1493 11 303
1494 42 734
1495 20 202
1496 7 679
1497 15 106
1498 26 165
1499 31 673
1500 15 111
1501 28 946
1502 39 46
1503 17 319
1504 22 718
1505 13 182
1506 49 324
1507 16 11
1508 18 216
1509 7 130
1510 45 342
1511 8 441
1512 42 279
1513 43 221
1514 38 298
1515 14 675
1516 42 222
1517 31 360
1518 25 700
1519 22 76
1520 39 863
1521 22 76
1522 5 763
1523 44 425
1524 45 291
1525 33 697
1526 38 678
1527 30 70
1528 25 958
1529 44 970
1530 20 690
1531 34 788
1532 8 502
1533 49 269
1534 36 745
1535 3 420
1536 46 809
1537 42 355
1538 18 352
1539 35 467
1540 6 1000
1541 32 65
1542 2 31
1543 3 14
1544 34 129
1545 9 403
1546 35 869
1547 22 878
1548 30 866
1549 1 499
1550 31 874
1551 25 44
1552 10 960
1553 34 627
1554 7 46
1555 17 941
1556 45 658
1557 7 259
1558 33 533
1559 17 869
1560 25 13
1561 37 202
1562 44 614
1563 32 387
1564 6 534
1565 44 309
1566 40 391
1567 25 36
1568 19 27
1569 23 68
1570 16 757
1571 13 107
1572 50 326
1573 27 445
1574 50 921
1575 10 358
1576 23 517
1577 16 969
1578 5 285
1579 23 887
1580 47 808
1581 4 184
1582 12 777
1583 44 750
1584 14 86
1585 45 827
1586 3 954
1587 37 514
1588 42 678
1589 34 752
1590 6 509
1591 33 726
1592 30 63
1593 37 55
1594 20 124
1595 15 571
1596 2 689
1597 38 13
1598 34 828
1599 23 154
1600 36 25
1601 38 877
1602 47 385
1603 28 104
1604 26 73
1605 16 815
1606 9 356
1607 50 513
1608 28 728
1609 19 849
1610 47 660
1611 24 855
1612 19 491
1613 30 627
1614 3 637
1615 49 974
1616 47 936
1617 17 977
1618 4 344
1619 2 333
1620 11 845
1621 40 652
1622 19 36
1623 10 127
1624 38 583
1625 10 105
1626 34 134
1627 42 728
1628 28 152
1629 2 17
1630 21 924
1631 19 829
1632 46 602
1633 44 840
1634 9 364
1635 15 913
1636 23 466
1637 30 11
1638 31 633
1639 29 425
1640 45 766
1641 16 585
1642 25 192
1643 48 170
1644 18 368
1645 49 852
1646 18 76
1647 22 818
1648 34 395
1649 40 739
1650 29 904
1651 33 485
1652 28 333
1653 50 40
1654 8 117
1655 46 302
1656 11 112
1657 45 435
1658 42 659
1659 33 384
1660 23 184
1661 16 462
1662 18 297
1663 29 410
1664 44 224
1665 37 72
1666 38 931
1667 20 194
1668 8 195
1669 30 369
1670 3 769
1671 39 882
1672 35 592
1673 44 503
1674 43 612
1675 42 869
1676 43 777
1677 32 596
1678 49 399
1679 36 21
1680 12 45
1681 7 641
1682 16 129
1683 8 816
1684 8 747
1685 32 416
1686 20 335
1687 29 733
1688 7 130
1689 16 406
1690 26 322
1691 37 871
1692 9 106
1693 33 770
1694 22 874
1695 13 511
1696 3 294
1697 8 210
1698 11 354
1699 2 368
1700 38 401
1701 34 973
1702 5 807
1703 3 587
1704 31 81
1705 4 780
1706 48 118
1707 18 521
1708 6 394
1709 9 262
1710 13 218
1711 17 381
1712 27 578
1713 29 145
1714 45 224
1715 26 566
1716 36 501
1717 45 274
1718 11 11
1719 19 790
1720 17 223
1721 2 650
1722 15 760
1723 50 765
1724 20 933
1725 50 986
1726 32 457
1727 28 100
1728 10 646
1729 41 643
1730 23 842
1731 30 674
1732 35 603
1733 6 748
1734 21 499
1735 20 901
1736 6 189
1737 5 758
1738 46 723
1739 43 183
1740 34 23
1741 49 868
1742 17 833
1743 26 974
1744 34 591
1745 20 340
1746 47 516
1747 7 567
1748 24 694
1749 25 656
1750 43 38
1751 46 526
1752 23 51
1753 6 802
1754 29 569
1755 22 281
1756 21 838
1757 40 865
1758 28 339
1759 12 22
1760 27 610
1761 1 199
1762 3 604
1763 8 652
1764 11 558
1765 29 954
1766 13 832
1767 43 42
1768 21 394
1769 30 236
1770 39 730
1771 42 464
1772 1 213
1773 23 102
1774 9 940
1775 4 281
1776 33 871
1777 18 805
1778 4 486
1779 50 658
1780 48 775
1781 37 31
1782 20 189
1783 15 904
1784 3 780
1785 22 978
1786 7 778
1787 41 437
1788 49 842
1789 47 935
1790 27 527
1791 46 695
1792 33 384
1793 42 841
1794 15 456
1795 41 960
1796 8 405
1797 49 534
1798 7 791
1799 9 933
1800 22 557
1801 15 345
1802 31 186
1803 3 961
1804 35 46
1805 32 361
1806 43 888
1807 17 136
1808 4 243
1809 7 191
1810 8 731
1811 29 713
1812 40 773
1813 23 216
1814 4 43
1815 50 228
1816 27 948
1817 21 645
1818 44 875
1819 37 944
1820 11 867
1821 1 687
1822 50 261
1823 36 273
1824 20 213
1825 18 837
1826 41 25
1827 42 995
1828 42 117
1829 38 401
1830 13 725
1831 3 888
1832 47 650
1833 6 292
1834 30 851
1835 5 906
1836 12 890
1837 49 200
1838 25 814
1839 1 445
1840 49 104
1841 25 517
1842 25 113
1843 23 70
1844 45 463
1845 9 585
1846 12 755
1847 45 698
1848 39 717
1849 1 611
1850 10 590
1851 35 650
1852 19 572
1853 6 212
1854 14 856
1855 26 609
1856 29 234
1857 35 327
1858 10 786
1859 26 685
1860 11 68
1861 3 298
1862 11 617
1863 7 806
1864 8 796
1865 36 857
1866 6 442
1867 32 287
1868 20 539
1869 46 578
1870 37 217
1871 10 752
1872 30 898
1873 11 908
1874 21 432
1875 10 473
1876 25 128
1877 24 364
1878 45 869
1879 5 202
1880 34 269
1881 6 711
1882 12 925
1883 8 221
1884 1 95
1885 5 419
1886 11 472
1887 28 920
1888 42 965
1889 17 336
1890 17 257
1891 37 495
1892 8 310
1893 13 202
1894 33 49
1895 34 459
1896 48 943
1897 36 144
1898 18 642
1899 18 263
1900 17 596
1901 21 565
1902 8 598
1903 3 187
1904 11 963
1905 48 937
1906 9 34
1907 13 106
1908 29 619
1909 14 479
1910 28 514
1911 48 806
1912 47 743
1913 26 804
1914 30 624
1915 43 45
1916 29 767
1917 35 22
1918 25 353
1919 40 470
1920 39 392
1921 46 627
1922 49 350
1923 23 385
1924 48 843
1925 20 465
1926 35 339
1927 44 634
1928 10 551
1929 17 973
1930 30 944
1931 49 459
1932 41 466
1933 27 46
1934 22 377
1935 19 930
1936 19 294
1937 45 818
1938 43 110
1939 31 382
1940 16 168
1941 18 64
1942 42 33
1943 43 232
1944 27 463
1945 6 867
1946 12 997
1947 8 377
1948 1 186
1949 28 530
1950 12 728
1951 32 70
1952 45 797
1953 4 326
1954 29 411
1955 17 916
1956 42 188
1957 21 601
1958 41 557
1959 31 342
1960 38 94
1961 14 621
1962 45 112
1963 35 634
1964 27 868
1965 18 177
1966 47 72
1967 15 514
1968 3 79
1969 23 543
1970 43 383
1971 35 319
1972 14 837
1973 9 668
1974 13 943
1975 26 730
1976 43 44
1977 43 199
1978 46 245
1979 46 214
1980 4 83
1981 31 819
1982 29 285
1983 47 744
1984 34 834
1985 25 780
1986 39 812
1987 10 451
1988 10 235
1989 25 666
1990 48 441
1991 20 27
1992 16 730
1993 19 123
1994 40 719
1995 41 45
1996 9 509
1997 37 194
1998 48 293
1999 42 442
2000 3 972
1 481 34
2 100 94
3 342 72
4 462 60
5 312 84
6 469 21
7 453 24
8 219 66
9 353 25
10 246 17
11 206 99
12 234 51
13 266 10
14 456 40
15 363 73
16 127 21
17 490 51
18 494 55
19 118 70
20 234 39
21 325 87
22 497 64
23 185 72
24 431 46
25 109 63
26 246 90
27 320 27
28 277 25
29 164 15
30 464 36
31 294 70
32 275 66
33 473 55
34 261 39
35 210 46
36 243 36
37 126 33
38 482 86
39 410 79
40 389 84
41 354 65
42 471 60
43 241 61
44 328 73
45 219 39
46 409 32
47 356 96
48 116 60
49 322 61
50 414 71
1 21 1413 1802 239 1832 642
2 27 618 242 360
3 32 874
4 24 3 804 849 352
5 7 382
6 46 241 813 1637 1106
7 33 18
8 40 876 1863 207
9 14 1197 1279 753 597 590
10 23 611
11 21 362 1175 284
12 37 1440 1277
13 20 495 738 1659 444
14 10 379 177 669 1194 540
15 7 15 378 851
16 4 1755 1024 123
17 42 601 512 212 683
18 49 1916 80
19 42 1785
20 37 984
21 42 172 1698 796 922 508
22 3 381 918 451 1544 390
23 30 1592 1171 1830
24 35 1226 902 1427
25 32 157
26 14 1522
27 44 68
28 1 584 290 260 970
29 5 1363
30 37 141 818 227
31 45 1976 1856
32 22 1101
33 16 33 1679
34 19 1700 53 188
35 16 1573 1838 577 1780 867
36 12 503
37 25 1247 1808 769
38 27 542 406 1170 534
39 13 1313 1247
40 34 1580
41 12 1717
42 1 1639 1851
43 38 229 309
44 39 1847 400 1906 1075
45 8 1939 114 1850
46 7 1771
47 25 1656 1068
48 1 1878
49 13 522 1199
50 43 483
51 46 1222 601 103
52 45 1459
53 47 1726 536 1712 1736
54 18 1501 1457 227 1645 1365
55 30 1843 154 476 1541 68
56 23 171 657 1457 50
57 7 1639 343 768 1787 919
58 10 1409
59 30 86 1200 1164 963 47
60 47 1914
61 10 130 571
62 25 97 1879
63 11 950 845 1281
64 5 1857 486 1137 1298
65 3 481 116 1120 642
66 18 1472
67 6 172 761 296 931 1117
68 46 1245
69 48 1461
70 18 785 1419 1140 915
71 20 1896 1958 156
72 36 14 1830 80 1528 633
73 40 179 1610 1962 589
74 27 1076 1244
75 36 1272 566
76 1 1515 584 104
77 22 1833 383 1474 1012 883
78 46 1113 388
79 20 827 62 1964 1936 530
80 46 1307 1899 1351 1704
81 9 364 679 440 494
82 46 1495 1424
83 28 406 191 840 1118
84 15 131 1013 592
85 38 1551 242 1548 1404
86 28 349 1540 1686 551 1225
87 23 1818 1299
88 40 910 124
89 11 334
90 37 863 929 158
91 37 493
92 8 1852 608 1757 1515
93 5 841 43
94 2 707 210 311 234 1553
95 14 1639 1100 136 1951
96 47 1909 563 415 485
97 44 888 1823 1634 731
98 46 1381 1191 478 164 449
99 33 1489 135 651 495 717
100 48 34 1135 1521 806 145
101 18 1377 1614 1273
102 36 660 267 253 1892 788
103 38 1106 985
104 37 1181 1216 750 1398 1622
105 31 228
106 32 1473
107 5 1177 989 1829 417 1565
108 24 19 16 1461
109 1 1929
110 22 934 81 86 177
111 47 101 1511 152
112 48 86 562 1271 1502
113 31 941 213 1119 113
114 4 1269 509 1668 1248
115 38 1405 73
116 26 1407 23 200
117 19 559 1975
118 25 144 824
119 43 350
120 26 417 1122 1487 705
121 28 1736
122 4 908
123 1 662 1866 1119
124 30 71
125 30 1810 1057 966
126 12 1393
127 19 1671 432 1269
128 37 898 1382
129 20 52 1952
130 5 881 992 1351
131 12 1607 342 1728 1350 829
132 39 960 1935 545
133 30 1595 1750 57
134 3 1394 143 589 19
135 34 1405 1463 1169 365 1523
136 48 920 1780
137 22 288 919 732 1131
138 9 10
139 26 1797 448
140 18 587 1680
141 10 623 277 609 1753 375
142 16 1313
143 11 995
144 23 968 1325
145 2 1879 1492
146 34 1339
147 28 851 910 1343 1625 1450
148 21 1072 1163 218 1795
149 16 968
150 30 1797 1354 317 1018 1861
151 48 1211 32 1244
152 36 299
153 32 1081 1916 16
154 42 1293 1779 812 860
155 33 1393 745 819
156 7 571 1602 975
157 33 1730 1234 1335
158 8 534 1675 1896
159 18 1270 1509 744 1300
160 8 982 343 342 60
161 15 729 975 1342
162 42 103 635 623 1693
163 44 1706 408 893
164 37 1673 1197 130
165 28 388 954 607 292 977
166 24 263 1331 1349 1205 1183
167 1 1088 1066
168 7 500 1975 1764
169 11 1519 687 1364 1800
170 24 685 1003 421 50
171 49 1245
172 35 911 615 1850 400
173 34 785 55 122 1312 1775
174 7 371 1781 1241 1835 460
175 23 144 1691
176 11 1887 820
177 32 127
178 41 458 1379 484 1733 1399
179 46 560 73 460 322 1746
180 6 1659 1148
181 40 1123 701
182 2 1108 1356 625 1200
183 10 433
184 20 171 590 234
185 19 687 1062 293 261 283
186 25 248 51 1302 90 389
187 24 697 958 270 598
188 26 410 129 889 408
189 4 1752 1732
190 46 1218 1562 1456
191 44 550
192 22 265
193 38 92 522 1335 769
194 9 601 1249
195 17 535 1462
196 28 252 463 1172 147 450
197 14 1319 1039
198 24 1511
199 35 487 366
200 3 562 459 1276
