500 100
1 49 420
2 51 577
3 58 143
4 82 636
5 43 238
6 100 281
7 93 299
8 67 371
9 23 37
10 66 622
11 17 889
12 19 863
13 11 525
14 63 760
15 64 188
16 56 821
17 23 857
18 95 352
19 95 707
20 66 603
21 93 244
22 61 614
23 89 807
24 93 709
25 67 728
26 49 839
27 34 509
28 47 418
29 67 669
30 65 530
31 44 962
32 59 836
33 85 429
34 41 303
35 86 685
36 10 456
37 96 660
38 44 748
39 40 86
40 50 709
41 16 112
42 20 955
43 54 919
44 75 390
45 33 421
46 11 192
47 69 135
48 9 401
49 58 622
50 17 903
51 98 932
52 70 402
53 82 280
54 84 22
55 56 632
56 93 654
57 13 668
58 25 242
59 95 451
60 19 864
61 78 860
62 47 668
63 5 619
64 37 909
65 3 668
66 96 806
67 98 907
68 53 266
69 19 737
70 17 506
71 62 995
72 85 36
73 95 388
74 76 409
75 100 401
76 100 936
77 41 247
78 35 234
79 8 918
80 38 604
81 11 648
82 5 287
83 70 81
84 99 207
85 84 337
86 39 339
87 25 964
88 74 592
89 65 482
90 21 124
91 30 823
92 55 230
93 15 75
94 64 850
95 40 49
96 21 858
97 32 396
98 29 60
99 35 932
100 64 143
101 53 699
102 6 620
103 21 431
104 29 18
105 1 646
106 81 206
107 23 844
108 67 340
109 9 176
110 67 652
111 36 750
112 21 99
113 64 857
114 81 380
115 65 362
116 84 128
117 85 445
118 86 72
119 82 798
120 97 681
121 23 578
122 11 649
123 96 88
124 9 211
125 38 300
126 88 682
127 76 325
128 70 619
129 81 396
130 80 219
131 63 785
132 82 267
133 31 842
134 35 964
135 10 165
136 67 678
137 81 675
138 68 650
139 10 374
140 79 443
141 22 198
142 42 129
143 31 449
144 68 561
145 54 727
146 98 514
147 10 723
148 3 801
149 60 537
150 29 237
151 43 64
152 29 29
153 95 126
154 87 762
155 61 613
156 56 158
157 84 989
158 85 927
159 75 547
160 43 64
161 40 747
162 40 177
163 28 988
164 83 976
165 74 231
166 58 11
167 6 399
168 58 585
169 42 371
170 83 938
171 54 298
172 48 965
173 33 801
174 21 67
175 47 879
176 52 437
177 32 79
178 50 690
179 46 550
180 72 471
181 53 705
182 77 994
183 62 157
184 98 349
185 47 809
186 1 975
187 12 588
188 44 361
189 24 102
190 42 438
191 17 652
192 26 73
193 93 199
194 36 672
195 37 757
196 98 666
197 84 256
198 55 907
199 80 784
200 55 230
201 56 20
202 82 207
203 34 204
204 80 764
205 22 83
206 73 230
207 1 950
208 40 311
209 89 55
210 82 67
211 33 856
212 5 17
213 40 247
214 44 870
215 34 922
216 52 426
217 79 217
218 70 243
219 31 416
220 62 797
221 86 426
222 13 561
223 16 46
224 91 885
225 42 596
226 36 323
227 5 468
228 16 222
229 13 270
230 3 996
231 10 431
232 100 888
233 30 184
234 55 401
235 4 630
236 12 576
237 19 904
238 12 794
239 6 351
240 61 984
241 7 469
242 4 356
243 78 970
244 16 12
245 23 531
246 20 191
247 21 938
248 23 308
249 26 257
250 96 175
251 99 481
252 46 511
253 37 219
254 93 720
255 14 71
256 11 378
257 39 738
258 22 892
259 63 573
260 17 134
261 46 326
262 37 914
263 67 449
264 54 676
265 68 651
266 30 311
267 19 970
268 82 837
269 82 54
270 49 137
271 10 191
272 94 933
273 85 696
274 27 108
275 73 192
276 48 94
277 13 67
278 97 868
279 46 859
280 53 66
281 84 614
282 65 124
283 27 379
284 86 106
285 8 557
286 96 756
287 76 651
288 56 697
289 58 274
290 74 111
291 4 881
292 59 156
293 18 78
294 88 871
295 43 793
296 17 434
297 73 975
298 68 682
299 6 519
300 3 684
301 78 313
302 93 332
303 55 611
304 53 514
305 13 650
306 31 807
307 6 542
308 82 53
309 65 625
310 44 810
311 57 516
312 8 49
313 22 212
314 16 237
315 85 999
316 11 383
317 41 948
318 6 939
319 26 127
320 100 696
321 19 233
322 91 718
323 23 919
324 51 351
325 87 801
326 99 443
327 79 765
328 95 250
329 76 28
330 79 975
331 34 609
332 33 930
333 2 67
334 96 684
335 49 19
336 77 534
337 58 692
338 8 747
339 89 718
340 19 921
341 82 603
342 53 876
343 71 170
344 79 443
345 27 763
346 66 715
347 13 851
348 95 426
349 27 661
350 83 155
351 51 153
352 24 167
353 26 20
354 14 728
355 53 381
356 46 935
357 53 32
358 29 818
359 2 356
360 75 738
361 5 675
362 32 871
363 25 845
364 50 979
365 91 170
366 89 184
367 15 930
368 78 746
369 76 433
370 94 35
371 64 383
372 4 625
373 60 144
374 76 729
375 42 897
376 91 136
377 97 714
378 6 890
379 69 909
380 44 734
381 79 550
382 57 885
383 48 767
384 54 881
385 75 585
386 53 402
387 100 516
388 82 117
389 6 152
390 66 804
391 42 272
392 91 224
393 87 975
394 47 68
395 74 121
396 1 60
397 85 99
398 16 936
399 81 477
400 17 355
401 6 733
402 77 905
403 98 603
404 88 399
405 78 537
406 38 362
407 15 940
408 37 401
409 17 651
410 98 263
411 86 59
412 41 470
413 60 446
414 8 253
415 13 484
416 28 135
417 90 710
418 13 726
419 67 182
420 2 560
421 86 35
422 59 495
423 21 858
424 12 851
425 16 892
426 74 540
427 77 256
428 7 169
429 78 693
430 9 531
431 23 654
432 78 899
433 1 291
434 8 301
435 92 407
436 87 988
437 39 398
438 19 595
439 23 875
440 20 596
441 19 577
442 80 375
443 35 762
444 63 676
445 66 871
446 50 436
447 86 128
448 90 955
449 53 555
450 4 445
451 26 774
452 27 584
453 56 698
454 21 73
455 78 19
456 2 917
457 76 534
458 92 76
459 4 588
460 47 107
461 56 618
462 53 37
463 74 593
464 43 907
465 12 170
466 84 549
467 77 986
468 74 390
469 8 417
470 11 907
471 68 652
472 83 773
473 71 397
474 54 612
475 8 493
476 4 222
477 95 143
478 15 242
479 29 475
480 62 760
481 79 326
482 71 631
483 89 677
484 50 945
485 7 854
486 49 922
487 10 481
488 18 519
489 91 583
490 27 747
491 15 987
492 100 551
493 71 158
494 73 103
495 88 416
496 32 324
497 91 509
498 54 518
499 87 205
500 99 343
1 422 75
2 100 24
3 361 11
4 326 10
5 386 54
6 317 95
7 113 61
8 146 99
9 250 50
10 199 35
11 397 85
12 157 75
13 303 29
14 277 57
15 487 97
16 476 51
17 126 24
18 405 86
19 468 90
20 112 20
21 396 30
22 282 73
23 186 11
24 308 79
25 281 72
26 347 10
27 478 60
28 205 12
29 261 44
30 196 74
31 228 81
32 305 92
33 294 30
34 315 73
35 201 11
36 326 86
37 180 70
38 120 20
39 123 19
40 449 85
41 387 52
42 361 37
43 292 76
44 174 37
45 379 90
46 169 17
47 369 55
48 338 17
49 294 37
50 452 25
51 155 98
52 471 32
53 341 95
54 315 63
55 224 40
56 429 49
57 258 39
58 421 45
59 149 74
60 164 25
61 134 37
62 132 64
63 339 39
64 151 40
65 401 27
66 473 61
67 421 78
68 379 76
69 265 58
70 439 76
71 113 51
72 173 12
73 130 43
74 280 54
75 452 15
76 500 36
77 302 79
78 306 79
79 275 94
80 448 62
81 373 94
82 360 61
83 162 48
84 400 10
85 277 35
86 212 82
87 304 52
88 237 75
89 354 41
90 345 22
91 197 80
92 408 69
93 145 66
94 462 52
95 400 42
96 474 65
97 129 96
98 473 39
99 218 71
100 324 26
1 13 345 365 286 147 465
2 68 155 238 328 181
3 67 211 385 377 228
4 58 70 300 449 209
5 81 281 451 198 216 384
6 7 8 244 43
7 39 146 340
8 84 478 408 479
9 84 488
10 82 213
11 55 316 203 337 481
12 91 433 377
13 22 174 172 82
14 16 402 259 381 450
15 46 278 160 121 26 329
16 15 100 33 29
17 36 95 183 97 118 246
18 7 232 483 290 24 450
19 25 58 253 496 128 321
20 77 35 101 436 258
21 91 327 143 219
22 6 280 206 176 74 353
23 82 349 334 381 163
24 51 207 40
25 77 188 184 191 370 10
26 72 57
27 11 371 37 295 360 214
28 14 397 185 158 294
29 65 206 406 167
30 14 322 220 262
31 89 476 179 268 199 326
32 58 370
33 19 499 448 355
34 85 196 483
35 98 74 5 198
36 13 118 499 473
37 48 11 326 210
38 33 125 88 463 34
39 80 286 234 346 455 165
40 4 177 325 188
41 31 455 417 496 272
42 94 399
43 50 475 96 56 435 375
44 93 277 101 205 471
45 68 13 166 335 405 310
46 54 341 448 235
47 45 482
48 95 433 474 165
49 58 98 200 412 18
50 94 78 15 392
51 57 193 142
52 58 329
53 78 398
54 74 366 8 238
55 45 449 468 233
56 10 345 414 499
57 29 468
58 51 400
59 4 299
60 26 12 430 478 493
61 29 376
62 75 403 113 161 328 71
63 37 478 222 22 389
64 43 241 487 466 342 324
65 25 285 36 367 333
66 91 208 230 368 29 18
67 6 197
68 65 295
69 7 108 428
70 1 324 450
71 25 366 457 222 140 48
72 100 17
73 58 497
74 76 354 52 282 284
75 54 442 436
76 51 468 400 254 242
77 32 259
78 4 371 59 151
79 18 459 469 109 242
80 52 334 295 121 355 385
81 36 128 154 369 391
82 66 87 260
83 58 438 21
84 31 446 220 289 176 71
85 19 335
86 9 360
87 89 499 254 365 139
88 85 133 484
89 66 313 273 97
90 93 7 110 54
91 45 434 445 420 405 129
92 82 341 203 48
93 81 377 412 149 125 116
94 32 267 235 212 483
95 19 47 331 5 118 102
96 54 215
97 2 360 87 305 47
98 93 470 227 201
99 16 173 356 474 382 82
100 77 118 406 225
101 54 359 254 131 488 177
102 13 227 129 33 441 108
103 26 254 226 229
104 25 52 418 2 109 299
105 26 370 107 209 26 395
106 53 385 236 296 160 152
107 79 8 168 139 187
108 44 21 400 367 293
109 37 59 458 61
110 71 183
111 48 189 468 303 379 28
112 15 408 374
113 91 198 190
114 40 218 112 258 56
115 60 366 266 23 396
116 36 304 397 180 313 103
117 25 12 351 49 332
118 27 125
119 47 386 118 108
120 93 383
121 71 61 217 370
122 39 82 189 438
123 10 21 423 264 216
124 80 470 60 468 105 311
125 29 418 459
126 80 384 399 97 372 386
127 16 145 227 9 212 308
128 44 353 258 94 444 492
129 18 2
130 1 415 29 431 427
131 7 429 453 306
132 37 428 267 166
133 100 32 222 465 379
134 12 202 183 359 431 240
135 45 481 303 348 235
136 96 205 246 319
137 11 317
138 41 348 117 392 148
139 33 231 370
140 55 451 180 278
141 63 132 477 312 150 332
142 60 108 83 421 164 253
143 72 355 300 444 416 39
144 12 386
145 25 288
146 5 366 87 469 158 304
147 82 207 485
148 44 179 357 344
149 66 70 61 313
150 2 116 184 348 300 57
151 42 52
152 58 178 424 278 328
153 79 205 177 288 315
154 13 140 305 458 92 249
155 31 60
156 13 36 480
157 93 43 435
158 74 310 6
159 99 463 150 386 474
160 3 57 75
161 45 466
162 90 480 426 266 21
163 93 288 21 242
164 45 41
165 66 385 16
166 54 420 2 92
167 94 66 99 199
168 70 307 415 365 343 102
169 53 440 408 155
170 52 207
171 4 481
172 99 76 145 412 151
173 3 361 303 305 308
174 87 353 361
175 34 208 301 252
176 46 8 485
177 27 176
178 12 207 186 210 15 235
179 54 84 500
180 32 368 1 67 191 241
181 58 210
182 86 474 161 333 180
183 58 410 428 210 315 149
184 51 426 354
185 10 390
186 44 257 436 188
187 67 49
188 71 141 471
189 99 483 61 76 226
190 26 417 56 201 424 500
191 66 285 84 461
192 66 182 378 241 417 304
193 25 4 121 437
194 20 366 387
195 22 271 126 346
196 94 281 492 440 341
197 85 439 349 487
198 5 375 210
199 22 317 489 139 353
200 46 443 79 44 134 119
