1000 2
1 2 956
2 1 820
3 2 268
4 2 290
5 2 49
6 1 145
7 1 489
8 1 13
9 1 755
10 1 548
11 1 220
12 1 249
13 1 232
14 2 908
15 1 413
16 1 415
17 2 430
18 2 381
19 1 598
20 2 424
21 1 23
22 2 627
23 2 50
24 1 467
25 1 707
26 1 964
27 2 610
28 1 130
29 2 205
30 2 360
31 1 333
32 2 548
33 1 236
34 1 947
35 2 244
36 1 878
37 2 676
38 1 923
39 2 241
40 1 898
41 1 351
42 1 25
43 2 631
44 2 950
45 1 166
46 2 427
47 1 86
48 2 604
49 2 326
50 2 230
51 1 862
52 2 887
53 1 93
54 2 847
55 2 406
56 2 278
57 1 103
58 1 597
59 2 349
60 2 553
61 2 405
62 1 397
63 2 898
64 2 905
65 2 14
66 2 170
67 1 318
68 1 242
69 1 817
70 1 338
71 1 951
72 1 970
73 1 246
74 2 943
75 2 538
76 2 739
77 1 491
78 1 248
79 2 517
80 2 375
81 1 430
82 1 546
83 1 694
84 2 998
85 1 525
86 2 508
87 1 173
88 2 642
89 1 424
90 1 516
91 1 455
92 2 503
93 1 50
94 1 853
95 1 300
96 1 70
97 2 112
98 1 192
99 1 74
100 2 378
101 2 760
102 2 766
103 1 238
104 1 170
105 2 272
106 2 800
107 1 467
108 2 515
109 1 392
110 1 115
111 1 371
112 1 232
113 2 773
114 2 720
115 2 610
116 1 983
117 2 255
118 2 971
119 1 216
120 1 911
121 1 363
122 2 494
123 2 928
124 1 598
125 2 813
126 2 742
127 1 448
128 2 626
129 2 130
130 2 675
131 2 820
132 2 54
133 2 179
134 2 734
135 1 465
136 1 336
137 1 264
138 1 461
139 2 991
140 2 183
141 1 286
142 1 174
143 1 981
144 1 448
145 1 299
146 1 839
147 2 587
148 1 437
149 1 931
150 2 494
151 2 44
152 1 888
153 1 649
154 1 870
155 2 88
156 1 534
157 2 257
158 2 883
159 1 170
160 1 801
161 2 558
162 1 716
163 2 647
164 2 862
165 2 998
166 1 260
167 2 399
168 1 799
169 1 644
170 2 162
171 1 917
172 2 985
173 1 415
174 1 405
175 1 548
176 2 456
177 2 196
178 2 23
179 1 360
180 2 989
181 2 577
182 1 961
183 2 372
184 2 865
185 1 771
186 1 525
187 2 436
188 1 70
189 1 990
190 2 537
191 1 999
192 1 471
193 2 586
194 1 21
195 1 224
196 1 576
197 1 853
198 2 496
199 1 938
200 1 699
201 1 305
202 1 762
203 1 617
204 1 597
205 2 520
206 1 585
207 1 409
208 2 796
209 1 848
210 2 577
211 1 525
212 1 976
213 2 47
214 2 271
215 2 104
216 1 547
217 2 706
218 1 927
219 1 509
220 2 735
221 1 886
222 2 387
223 1 144
224 1 72
225 1 347
226 1 527
227 2 820
228 2 403
229 2 21
230 1 772
231 1 95
232 2 85
233 2 939
234 1 451
235 1 415
236 1 797
237 1 672
238 2 340
239 2 591
240 2 896
241 2 780
242 2 814
243 2 209
244 1 95
245 2 984
246 1 971
247 1 764
248 2 527
249 2 655
250 1 688
251 1 66
252 2 985
253 1 278
254 1 619
255 2 492
256 2 570
257 2 147
258 2 609
259 2 619
260 1 495
261 1 703
262 2 972
263 2 10
264 2 499
265 1 864
266 2 336
267 1 164
268 2 374
269 2 946
270 2 747
271 1 156
272 1 45
273 2 280
274 1 828
275 2 799
276 1 298
277 1 951
278 2 523
279 1 310
280 1 677
281 1 188
282 2 623
283 2 792
284 1 780
285 2 441
286 2 920
287 2 696
288 2 39
289 1 380
290 2 992
291 2 689
292 2 117
293 1 453
294 2 133
295 1 592
296 1 540
297 1 38
298 1 309
299 1 171
300 1 552
301 2 709
302 1 156
303 2 699
304 1 959
305 1 389
306 2 660
307 2 97
308 2 706
309 2 498
310 2 878
311 1 831
312 1 51
313 2 63
314 2 105
315 1 117
316 1 105
317 2 418
318 1 544
319 1 792
320 2 687
321 1 847
322 1 384
323 2 794
324 2 14
325 2 118
326 2 950
327 1 187
328 1 633
329 1 372
330 1 683
331 1 873
332 1 643
333 1 382
334 1 305
335 2 13
336 1 173
337 2 419
338 2 925
339 1 233
340 1 305
341 1 648
342 1 358
343 2 912
344 2 562
345 1 773
346 1 111
347 1 991
348 1 443
349 1 399
350 1 371
351 1 665
352 1 538
353 1 334
354 1 507
355 1 205
356 2 881
357 1 118
358 1 377
359 1 744
360 1 701
361 1 737
362 1 470
363 1 250
364 1 933
365 1 123
366 2 477
367 1 555
368 2 493
369 2 529
370 2 637
371 1 332
372 1 794
373 1 421
374 1 101
375 1 492
376 2 723
377 2 746
378 1 853
379 1 830
380 1 552
381 2 18
382 2 477
383 1 228
384 1 711
385 2 129
386 1 51
387 1 675
388 2 829
389 1 482
390 1 861
391 1 924
392 2 453
393 1 72
394 1 910
395 1 906
396 1 931
397 2 456
398 1 195
399 1 93
400 1 626
401 2 629
402 2 306
403 2 267
404 2 816
405 2 972
406 2 734
407 1 932
408 2 419
409 1 283
410 1 913
411 2 906
412 2 452
413 2 203
414 2 967
415 1 387
416 2 261
417 2 65
418 2 170
419 2 597
420 1 991
421 1 579
422 2 161
423 2 498
424 2 304
425 2 882
426 2 204
427 2 309
428 2 24
429 2 271
430 1 879
431 2 395
432 2 148
433 2 735
434 1 111
435 2 621
436 1 315
437 1 575
438 2 356
439 1 425
440 1 860
441 2 986
442 1 799
443 2 481
444 1 42
445 2 358
446 1 505
447 1 194
448 1 844
449 1 261
450 2 985
451 2 464
452 2 185
453 1 970
454 2 589
455 1 126
456 1 399
457 1 49
458 2 535
459 2 443
460 1 889
461 1 422
462 1 667
463 1 88
464 1 249
465 1 74
466 1 173
467 1 810
468 2 710
469 1 167
470 2 339
471 1 730
472 2 115
473 2 357
474 2 401
475 1 78
476 1 315
477 2 528
478 2 913
479 2 232
480 2 781
481 2 383
482 2 634
483 1 153
484 1 943
485 1 535
486 2 799
487 2 198
488 1 625
489 2 695
490 1 631
491 2 65
492 1 810
493 1 611
494 2 461
495 1 817
496 1 412
497 2 394
498 1 915
499 1 269
500 1 768
501 2 59
502 2 848
503 1 63
504 1 864
505 1 571
506 1 850
507 1 40
508 2 557
509 1 594
510 2 813
511 1 788
512 1 695
513 2 502
514 1 281
515 2 20
516 1 726
517 1 986
518 2 251
519 1 362
520 2 628
521 1 927
522 2 793
523 1 653
524 2 168
525 2 844
526 1 631
527 1 956
528 2 523
529 1 916
530 1 205
531 1 391
532 1 255
533 2 872
534 2 702
535 2 307
536 1 470
537 2 885
538 1 808
539 1 66
540 2 476
541 1 733
542 2 780
543 1 891
544 1 287
545 2 284
546 2 106
547 1 70
548 1 173
549 1 197
550 1 82
551 2 375
552 1 93
553 2 245
554 2 487
555 2 214
556 2 544
557 1 249
558 2 114
559 2 432
560 1 846
561 2 489
562 2 552
563 2 459
564 2 55
565 2 11
566 2 56
567 2 958
568 1 710
569 2 50
570 1 499
571 1 797
572 1 425
573 2 885
574 1 432
575 1 391
576 1 753
577 1 98
578 1 402
579 2 382
580 1 568
581 1 874
582 1 506
583 2 317
584 2 39
585 1 19
586 1 799
587 1 45
588 1 17
589 2 173
590 1 591
591 2 574
592 2 857
593 2 762
594 2 112
595 2 373
596 1 383
597 1 295
598 2 352
599 2 294
600 1 415
601 1 280
602 2 743
603 2 243
604 2 939
605 1 227
606 1 391
607 2 37
608 1 382
609 1 607
610 2 685
611 1 527
612 1 11
613 2 650
614 2 875
615 1 901
616 1 457
617 2 695
618 1 322
619 2 375
620 1 90
621 2 160
622 1 390
623 2 925
624 2 133
625 2 189
626 2 762
627 1 614
628 2 86
629 1 418
630 2 733
631 2 347
632 2 487
633 1 35
634 2 515
635 2 892
636 1 472
637 1 671
638 1 920
639 2 884
640 1 588
641 2 168
642 2 596
643 2 72
644 2 671
645 1 687
646 2 753
647 2 992
648 1 447
649 1 507
650 1 930
651 1 429
652 2 981
653 1 572
654 2 534
655 1 769
656 1 783
657 1 568
658 2 933
659 1 197
660 2 762
661 1 191
662 1 877
663 1 51
664 1 573
665 1 743
666 1 979
667 1 57
668 2 274
669 1 495
670 1 200
671 2 284
672 2 392
673 1 115
674 1 570
675 1 669
676 2 219
677 1 118
678 1 23
679 2 511
680 2 756
681 1 14
682 2 582
683 2 812
684 2 457
685 2 828
686 2 904
687 1 134
688 1 556
689 1 63
690 1 570
691 2 791
692 1 912
693 1 652
694 2 916
695 1 384
696 2 934
697 1 345
698 2 961
699 1 703
700 2 189
701 1 464
702 1 812
703 2 925
704 1 253
705 2 633
706 1 202
707 2 565
708 1 120
709 2 550
710 2 681
711 2 554
712 1 634
713 1 720
714 1 236
715 1 995
716 1 299
717 2 716
718 1 774
719 1 453
720 2 701
721 2 292
722 1 769
723 1 133
724 2 33
725 2 931
726 2 79
727 1 425
728 1 867
729 1 191
730 2 781
731 1 520
732 2 382
733 2 836
734 1 56
735 2 118
736 1 656
737 1 538
738 2 566
739 1 562
740 2 110
741 1 682
742 2 428
743 2 547
744 1 103
745 2 699
746 1 393
747 2 11
748 2 257
749 2 608
750 2 328
751 1 725
752 1 919
753 2 602
754 2 596
755 1 35
756 2 642
757 1 817
758 2 463
759 2 320
760 2 517
761 2 929
762 1 223
763 2 639
764 1 554
765 2 528
766 2 181
767 2 352
768 1 953
769 1 247
770 2 801
771 1 503
772 1 494
773 1 109
774 2 419
775 1 949
776 2 232
777 2 458
778 2 589
779 2 914
780 2 625
781 2 913
782 1 190
783 2 854
784 2 553
785 1 33
786 1 991
787 1 290
788 1 904
789 1 773
790 2 694
791 1 640
792 2 352
793 1 29
794 1 874
795 1 891
796 2 442
797 1 219
798 2 454
799 1 324
800 2 182
801 1 661
802 2 734
803 2 335
804 2 460
805 1 211
806 1 836
807 2 108
808 1 746
809 2 690
810 1 793
811 1 933
812 1 991
813 2 456
814 2 576
815 1 779
816 1 822
817 2 39
818 1 565
819 1 638
820 2 97
821 2 771
822 1 595
823 2 597
824 2 170
825 1 563
826 1 966
827 1 257
828 1 161
829 2 659
830 2 573
831 2 851
832 2 978
833 1 117
834 1 674
835 2 237
836 1 54
837 1 242
838 1 815
839 1 425
840 2 814
841 1 371
842 1 977
843 2 970
844 2 490
845 2 74
846 2 813
847 2 659
848 2 864
849 1 975
850 1 873
851 1 859
852 1 796
853 1 323
854 2 863
855 1 941
856 1 416
857 1 707
858 1 70
859 1 627
860 1 540
861 1 213
862 1 613
863 1 472
864 2 428
865 1 823
866 2 85
867 1 958
868 1 15
869 1 234
870 2 582
871 2 822
872 1 309
873 2 611
874 1 102
875 2 136
876 2 234
877 1 240
878 2 764
879 1 199
880 1 779
881 2 197
882 2 12
883 2 480
884 1 642
885 1 333
886 1 512
887 1 69
888 2 313
889 2 407
890 2 909
891 1 801
892 1 960
893 1 11
894 1 640
895 2 151
896 2 107
897 2 467
898 1 43
899 2 268
900 1 935
901 2 785
902 1 477
903 1 506
904 1 924
905 2 594
906 2 315
907 1 717
908 1 455
909 1 50
910 1 475
911 1 15
912 1 595
913 2 960
914 2 971
915 1 807
916 2 631
917 1 177
918 2 472
919 2 778
920 1 372
921 1 599
922 2 573
923 2 33
924 1 217
925 1 367
926 2 547
927 2 653
928 2 979
929 2 594
930 2 24
931 1 800
932 1 601
933 1 893
934 1 953
935 1 832
936 1 593
937 2 827
938 1 196
939 2 45
940 2 790
941 1 600
942 1 604
943 1 833
944 1 691
945 1 700
946 1 107
947 1 883
948 2 950
949 1 746
950 2 42
951 2 715
952 2 552
953 1 370
954 2 374
955 2 588
956 2 742
957 2 412
958 2 203
959 1 422
960 1 139
961 2 686
962 2 776
963 1 592
964 2 274
965 1 905
966 2 10
967 2 181
968 2 671
969 1 460
970 1 114
971 2 965
972 1 306
973 1 62
974 2 35
975 1 925
976 1 940
977 2 688
978 1 380
979 2 92
980 2 937
981 1 247
982 1 544
983 1 161
984 2 417
985 2 176
986 1 360
987 2 464
988 1 252
989 2 889
990 2 167
991 2 510
992 2 316
993 1 778
994 2 806
995 2 252
996 2 32
997 2 404
998 1 372
999 1 706
1000 1 393
1 241 46
2 417 79
1 2 9
2 2 998 900 917 519 807
3 2 171 855 309 718 606
4 1 605
5 1 249
6 1 210 244 37 269
7 1 688 727 39
8 2 904 700 13 507
9 1 515 325 406
10 1 708 313
11 2 876 586
12 1 786 551 651
13 2 586
14 2 287
15 1 453 978
16 2 659 434 890
17 2 250 193 359 807 628
18 1 347 546 882 711
19 2 413 152 535 67 336
20 2 718 976 835
21 1 80 144 19 507 586
22 2 140 584 212
23 1 742 629 785
24 2 749 125 812
25 2 296 589 535 716
26 2 181 319 261 666
27 2 923
28 1 403
29 2 36 172
30 1 368 843 869
31 1 920 767 177 160
32 1 927 293 900 146 535
33 1 107 929 621 369 454
34 2 884
35 1 869 682
36 1 60
37 2 712 314 792 86
38 1 511
39 2 992 855 567 168
40 2 507 561 325 638 741
41 1 765 53
42 2 326 847
43 1 224 306 524
44 1 568 949 669
45 1 797 395 971 826 991
46 1 215 982
47 2 388
48 2 561 808
49 2 489 233 387
50 2 159 281 890 81 280
51 2 191 403 152
52 1 15 134
53 1 737 730
54 2 835 788 238 146 911
55 2 271 240
56 2 918 965 224
57 2 705 121 50
58 2 206 911 683
59 2 132 663 458 629 567
60 1 568 123
61 2 243
62 2 513 4 917 688 300
63 1 8 965 595 974 391
64 1 299
65 2 418 420 569 317
66 2 756 134 327 135
67 1 145 44 502 544 530
68 1 376
69 1 513 949 914 758 78
70 2 678 628 584
71 2 54 960
72 1 852 579 502 766
73 1 716 215
74 1 718 203 365 832 242
75 1 221
76 1 953 902
77 2 315 779 458
78 1 902
79 1 584 373
80 2 488 431 646 649 885
81 2 5 312 785 531 926
82 2 443 312
83 2 152 642 111 636
84 1 397 659 84 258
85 2 456 276 53 436
86 2 405
87 1 947 356 479 368
88 1 837 127 820 566
89 2 436 66 30 941
90 2 830 167 396 827 201
91 1 518
92 1 327 919
93 2 93 514 954 449
94 2 733 490 468 122
95 1 376
96 2 33 122 1000
97 2 227 390 790 430
98 1 888
99 1 856 786
100 1 332 819 469 183
101 1 186 236 744 947
102 2 536
103 1 475
104 2 978
105 1 979 340 798 431
106 2 400 8 849
107 2 689 502 653 311 403
108 1 599 8 822 963 743
109 1 513
110 2 16 923
111 1 282 426 262
112 1 851 996 234 709
113 2 126 582 276
114 1 929 364 414
115 2 443 27 141 293
116 1 782 262 303 815
117 1 885 763 291 312 276
118 1 438 382 11 591 19
119 1 810 584 79
120 2 961
121 1 883 965 295
122 2 608 912 220 761
123 1 862 839 75
124 2 335 943 940 447
125 1 675
126 1 796 645 96 93
127 1 23 315 537 885
128 1 44 660 878 543
129 1 211 619 102 676
130 1 875 566 336
131 1 162 77 629 859 199
132 2 976 490 411 470
133 2 639 355 972 597 431
134 1 725 287
135 1 473 945 921 735 423
136 2 720 91 51 149 262
137 2 295 730 238 367 377
138 2 94 245
139 1 144 620
140 2 282
141 2 277 189 470 924 614
142 2 35 727 933
143 1 887 179 295 275
144 1 441 157 481 952
145 1 127 918 932 188 634
146 2 263 516 952 126 532
147 1 225 648
148 1 867 510 375 499 209
149 2 468 440 352 53 446
150 2 537 955
151 1 265 419 576 209 902
152 2 811 543
153 2 179
154 1 3 760
155 2 926
156 2 726 886
157 2 380 317 798 599
158 2 521 498 654 698 297
159 1 932 380 50 768
160 1 264 928 353
161 2 652 532
162 2 140
163 2 178 642 534 992
164 2 87 238 349 219
165 2 144 762 465 963
166 2 27 231
167 1 310 481 366
168 2 269
169 2 532 126 242
170 2 212 994
171 2 818 121 768
172 2 555 426
173 1 554 884 529 212 421
174 2 968 950 698 926
175 1 231 415 347 211
176 2 199
177 1 501
178 1 872 65
179 1 70
180 2 842
181 1 437 495
182 2 376 424 934 187 238
183 2 596 826
184 1 433
185 1 387 699 808 968
186 2 463 197
187 1 457 939 929 989 360
188 1 590
189 2 875 832 912 171
190 2 323
191 1 130 573 336 453
192 1 702 578 305
193 2 427 105 472 135
194 1 301 902 729 525 201
195 1 792
196 1 150 950 643 619
197 1 889 807
198 1 460 72 356 367
199 1 908 505 737
200 2 361 848 41 854 814
