101 100
1 49 905
2 30 976
3 32 836
4 82 592
5 17 188
6 16 83
7 3 378
8 27 960
9 38 976
10 51 865
11 9 175
12 53 98
13 85 88
14 46 978
15 96 586
16 73 674
17 53 977
18 9 436
19 24 835
20 93 553
21 55 546
22 38 80
23 93 590
24 10 731
25 7 187
26 60 975
27 11 225
28 24 673
29 22 386
30 2 465
31 100 956
32 22 354
33 13 366
34 93 516
35 88 418
36 47 244
37 24 754
38 35 717
39 89 924
40 5 441
41 50 502
42 16 458
43 43 952
44 100 946
45 38 730
46 4 236
47 80 674
48 44 478
49 63 540
50 26 782
51 21 121
52 14 723
53 90 194
54 93 259
55 89 907
56 43 720
57 8 575
58 60 719
59 52 643
60 49 306
61 77 752
62 12 839
63 86 650
64 23 477
65 72 277
66 89 714
67 80 952
68 25 308
69 58 642
70 83 657
71 68 229
72 40 222
73 40 657
74 49 559
75 84 386
76 79 952
77 43 263
78 83 940
79 39 574
80 67 83
81 71 409
82 39 127
83 61 844
84 92 969
85 45 160
86 70 295
87 11 147
88 21 456
89 22 505
90 63 855
91 64 303
92 88 300
93 92 41
94 70 136
95 41 30
96 87 985
97 22 997
98 34 362
99 58 802
100 82 368
101 60 285
1 398 29
2 124 45
3 208 85
4 210 64
5 239 97
6 157 14
7 113 83
8 478 93
9 192 19
10 302 55
11 481 100
12 153 91
13 433 24
14 449 64
15 347 43
16 243 33
17 337 46
18 325 40
19 478 58
20 165 77
21 339 99
22 235 19
23 131 57
24 180 63
25 184 12
26 209 64
27 176 73
28 458 12
29 194 42
30 193 17
31 294 87
32 424 89
33 106 89
34 223 88
35 217 37
36 360 19
37 281 90
38 114 34
39 112 96
40 265 26
41 230 90
42 382 41
43 332 97
44 125 37
45 458 37
46 158 77
47 293 96
48 256 93
49 346 34
50 282 50
51 387 10
52 309 18
53 235 98
54 354 55
55 378 81
56 265 97
57 229 67
58 259 45
59 189 11
60 408 55
61 476 45
62 187 29
63 431 15
64 330 27
65 285 63
66 274 100
67 227 58
68 119 13
69 319 73
70 142 31
71 484 39
72 133 86
73 417 31
74 415 85
75 391 28
76 282 72
77 102 56
78 298 27
79 343 54
80 257 72
81 118 70
82 178 89
83 260 91
84 236 71
85 238 100
86 216 35
87 111 85
88 294 57
89 338 11
90 182 100
91 464 71
92 375 50
93 202 15
94 345 92
95 162 24
96 327 57
97 217 17
98 249 90
99 102 96
100 480 74
1 72 79 29 25 7 14
2 27 42
3 17 14
4 29 5 6 27 11 88
5 9 59
6 95 95 63 96 15 37
7 21 75
8 47 4
9 90 73 49
10 28 69 51 48 59 73
11 57 34 37 82 1
12 8 94 57 98 28
13 94 87 86 77
14 76 72 61 42 17 81
15 43 70 77 42 34
16 12 88 8
17 60 80 98
18 62 91 31 88 41
19 47 34 53 68
20 76 82 14 60
21 97 6 50 11
22 31 44 39 79 50 5
23 29 21
24 1 1 14
25 80 13 45
26 85 91 94 51 72 30
27 8 1 91 11 93
28 50 14 79 87 82
29 62 98 6
30 5 90
31 21 44 20
32 6 25 88
33 47 20 85 86 32
34 89 74 23 46 96 101
35 86 41 32 59 39 71
36 17 95 71 47 22
37 75 40
38 33 92
39 12 21 29
40 89 18 87 65
41 80 31 20
42 77 90 36 99
43 47 79 22 9 76
44 94 58 100 17 73 40
45 88 82 60 70 24 42
46 64 60 97 52 6 59
47 7 62
48 77 1
49 41 76 78 29
50 39 4 88 57
51 63 42 73 34 36 60
52 70 86 72 24
53 2 26 59 6
54 41 84 44
55 12 20 39
56 41 86 37
57 58 4 91
58 9 100 27 29 90
59 32 59
60 19 48 84 87
61 42 19 37 86 23
62 1 85 37
63 62 93 66 2 69 90
64 40 67 38
65 61 38 16 19 55 56
66 47 56 31 94 76
67 47 8 67 87 6 95
68 12 66 98
69 34 23 25 97 92
70 1 93 58 7 28
71 74 16 85 73 12
72 91 64 37
73 53 44
74 13 82
75 79 59 16
76 37 72 66 78
77 56 45
78 87 40
79 54 19 27 37
80 51 85 100 82 1
81 20 5 91 61
82 33 68 62 16
83 47 70 80 28
84 52 27 3 77
85 60 38
86 54 80 8 32 34
87 80 98
88 85 58 21
89 4 74 71 61 39 9
90 38 67 53 89 10 19
91 91 35 26 23 62
92 78 68 1 7
93 41 65 38 74 7
94 9 56 67
95 14 91 22 31 45
96 56 73
97 18 38 17 92 15 96
98 26 76 14
99 59 45 13
100 77 76
101 45 63
102 29 43 66 20
103 71 90 84
104 69 38 60 84 13
105 66 32 82 78 33
106 34 50 96 66 54 77
107 65 94 60 59
108 35 24 28 99 93 30
109 96 61 6 101
110 68 98 88
111 65 47 18 2 72
112 28 90 66 86 22
113 22 90 66 56 39 41
114 74 59 11 7 18
115 82 45 49 38
116 58 80
117 82 31 65 73
118 1 35 69 81 57 94
119 48 101 27 73
120 34 9 83
121 63 50 80 87 13 30
122 42 65 56 16
123 73 36 44
124 64 77 76 70 11 28
125 94 79 81 32 69
126 99 36
127 3 55 40 23 31
128 29 50
129 36 41 48 62 74 98
130 80 60 76
131 76 40 91
132 50 76 91 38 6 82
133 11 101
134 37 57 42 48 74 60
135 57 52 96
136 76 7
137 83 14
138 50 96
139 80 75
140 24 66 70 59 32 95
141 43 13 51 4 101
142 24 19
143 23 15 29 7 97
144 9 17 37
145 3 13 101 25
146 75 7 99
147 8 75 65 44 71 49
148 12 40 95 47 97
149 57 96 43
150 19 68
151 13 16 63 20 57
152 68 35 21 59 75
153 86 52 95
154 82 21 48 67
155 53 85 74
156 27 49 64 96 94
157 73 8 24
158 7 28 24
159 60 41 70 19 78 45
160 10 31
161 75 49 85 99 41 58
162 22 64 26 37
163 48 78 4 95
164 54 8 98 76 81 68
165 21 40
166 81 1 50 77
167 69 58 93 18 74 14
168 27 78 75 89 18
169 46 6
170 82 40 39
171 89 90
172 86 98 89 79
173 97 29 76 70 34
174 31 27 57
175 50 49 87 99 89 28
176 70 1 9 18 86 58
177 79 52 99 4 12
178 18 88 87
179 46 56 59
180 7 70
181 4 30 52 89
182 91 57 42 31
183 98 74 35
184 70 71 4 29
185 37 12 77 6 15 66
186 73 63 42
187 29 35 59 95
188 49 54 101 43
189 10 56 1 39 77 20
190 7 15
191 52 28 47 56 69 40
192 1 44
193 49 83 3 49 96 17
194 79 17 1 52 60
195 88 17 93 58
196 30 58 94 74 30
197 57 34 27 75
198 22 76 67 100 72 1
199 31 39 11 72 51 20
200 84 84 6 15 55 37
201 4 32 15 27
202 46 73 97
203 48 96 2 43 53 90
204 43 62
205 21 71
206 50 32 42 62 52 27
207 59 6 9 100
208 46 10
209 75 36
210 91 20 65
211 65 48 76
212 90 62 50
213 36 88 11 63 13 32
214 98 20 10
215 76 67
216 77 32 85 24 86
217 88 2
218 63 47
219 77 66 60 35 26
220 52 95 67 7 89
221 34 23 28 25 67 19
222 90 47 41 87
223 76 13 98 37 25
224 69 3 18 59 90
225 27 67 50 23
226 36 101 46 61
227 67 94 38
228 24 29 78 66
229 72 25 71 12
230 34 26 41 95
231 56 55 54
232 10 52
233 74 30 65 89
234 16 94 40 19
235 71 100 29 55 77 96
236 75 17 28 70 41
237 3 36 61 1 62
238 24 44 19 72
239 59 80 97 92
240 54 40
241 41 80 2 69
242 16 80 87
243 82 37 26 39 66
244 74 85
245 91 27
246 100 96 61 67
247 12 101 69 20 57 67
248 98 86
249 88 84 16 65 99
250 22 16
251 24 12 82 56 18 51
252 19 41
253 89 10 8 72
254 23 89 1 27
255 27 60 79 41
256 59 34 32 64 78 17
257 36 29 101 47 51 21
258 19 47 84 3 100
259 45 15 58 90
260 89 89 94 8 74 31
261 25 70 61 17
262 29 87 47 64
263 89 67
264 84 47 9
265 91 5 14 93
266 72 64 13 16
267 6 72 63
268 25 22
269 33 20 63 85 101
270 28 23 33 101
271 34 9 22 1
272 58 52
273 43 1 52 88 11 20
274 13 80 69 36 16
275 6 98 60 99 8
276 19 26 38
277 41 62 8
278 44 84 9 100 47
279 70 24 19 69 29
280 33 63 47 11 86
281 76 11 80 83 75 71
282 12 62 98 75 29
283 34 85 50
284 45 32
285 87 4 45
286 43 72 82 24 70 80
287 49 41 4 74 17
288 90 61 34 72 19
289 89 45
290 85 90 30 87 76
291 20 53 2 15 74 58
292 96 69 29 90 16 84
293 43 7
294 20 24 83 79 5 30
295 28 97 82 92
296 95 89 64 90 62
297 30 63
298 89 18 37 74 41 80
299 57 18 86 51 15
300 87 90 6
301 66 54
302 37 59 30
303 16 42 70 30 32 22
304 97 49 78
305 86 11
306 11 84 48
307 43 82
308 38 12
309 60 6 89 26 84 65
310 26 41 18 51
311 60 30 23 81 54
312 46 33 79 67 22 8
313 76 11 90 82 67
314 48 64
315 82 21 99 78 61 6
316 22 96 97 26 68
317 70 27 21 39 81 50
318 41 60 34
319 67 7
320 30 17 33
321 52 17 48 43
322 42 32 42
323 86 72 99 78
324 49 51
325 87 101 2 70 48 63
326 81 7 30 43 76 8
327 7 68 45
328 83 49 38
329 98 47 44 8
330 2 79 26 64
331 68 39
332 2 9 96
333 52 85
334 50 38
335 46 14 30 4
336 5 27 49 53 92
337 98 83 43 63
338 42 87 65 69
339 66 45 49 17 92 27
340 36 39
341 98 96 92
342 42 50 8
343 51 73
344 38 30 57 56 8 10
345 13 61 43 72 94 15
346 100 58 30 37 38
347 92 63
348 39 28 12 52 67
349 18 38
350 73 2 63 88 37
351 47 19
352 20 71 12
353 89 88
354 64 23
355 3 65
356 65 7
357 16 58 76 90 20 44
358 44 73 18 82
359 35 65 55 15 62 4
360 38 25
361 80 20 38 13
362 17 96 81
363 77 97 37 7 70
364 22 72
365 52 10
366 82 30 32
367 97 97 8 54
368 65 28 83
369 83 26 53 3
370 75 9 89
371 36 66
372 64 55 84 72 49
373 23 8 79 55 58 87
374 85 57
375 89 42 86 81 22 71
376 86 100 13
377 79 13 3 86
378 6 56 72 6
379 8 40
380 32 12 95 86 65
381 16 59 47 79 13 30
382 66 24 23
383 44 22 70 74 50 9
384 62 59
385 14 89
386 22 34 5 24 72
387 3 85
388 16 11 5
389 88 50
390 28 5 10 9
391 13 49 22 53
392 46 8 47 51
393 66 71 40
394 27 101 68 58 18 40
395 8 34 16 61
396 76 26 84 40
397 46 9 39
398 31 52 35 46 57
399 34 81
400 95 29 4 95 98 49
401 51 15 44 56 89 41
402 30 45 20 26 19
403 68 61 71 32 31
404 53 22
405 74 44 23 87 74
406 83 100 16
407 65 55 70 9 67
408 40 20 32 73
409 35 76 82
410 59 74
411 26 72
412 3 101
413 81 40 25 13
414 53 14 46 73 6 35
415 92 73 92
416 32 29 48 9
417 32 11 42 10 82 13
418 37 92
419 29 27 73
420 48 25 11 73 60
421 39 98 7 15 80 29
422 61 97 57 93
423 34 95 35 34 70 59
424 59 57 81 50
425 96 13
426 45 5 53
427 81 80 100 30 3
428 41 35 6
429 8 92
430 28 66 70
431 54 37 16 51
432 16 13 32 5 47
433 47 25
434 57 9 32 10 3 27
435 90 59 58 28
436 52 17 25 1
437 48 43 5 69 64
438 96 89 21 88 19 100
439 45 53
440 68 74 28 2 32
441 87 8 69 96 12
442 42 67 25 20
443 72 72 8 64 32
444 64 42 56
445 16 56 90
446 83 83 58 53 27 33
447 24 18 46 42
448 84 2 50 77 71 20
449 90 59 25
450 57 38 68 97 101 63
451 20 81 94 41 15
452 71 1 71 19
453 69 29 50 18 43
454 25 51 37 96
455 64 3 91 49
456 63 36
457 15 45 62 90 33
458 89 1 100 89 16 8
459 83 36 16 2 33
460 48 47 41
461 11 60 34 44
462 94 69 38 54 29 2
463 13 41 92
464 14 9
465 59 15
466 73 79 86 49 19
467 76 98 88
468 10 92 90 69 5 100
469 50 60 51 23 59 1
470 35 15 30 82 38 4
471 13 27 57 95
472 97 59 15 74 47 34
473 11 86 60 19 6 31
474 86 75 88 80 24
475 6 71 11 80
476 59 66 64 18 84 41
477 84 29 82 1 50 3
478 15 63 28
479 85 58 85
480 7 72 54 66 5
481 47 60
482 34 16 28 67 76 65
483 55 77 64
484 63 9 75
485 29 65
486 75 56 46 89
487 5 6
488 68 63
489 5 53 2 73 70 79
490 38 34 77
491 53 26 43 27 19 10
492 49 34 28
493 40 64
494 78 14 52 29 1 12
495 67 88 70 56
496 58 44 81 23 35 21
497 46 57 45 65 19 35
498 71 27 97 22
499 7 93 50 33
500 77 84 7
501 48 48 31 73 66 75
502 100 79 83 98
503 11 59 32 21 56 92
504 74 77
505 68 17
506 53 20 100 78
507 87 64 3 13
508 77 84 73 23 77
509 68 13 68 18 44
510 84 60 47 57 32
511 54 95 88
512 18 43 75 90
513 34 59 83 65 13
514 73 79 66
515 21 52
516 77 93 64
517 92 78 73 60
518 72 9
519 81 79
520 53 15 68 70 61 62
521 42 86
522 14 86 39 26 8 25
523 66 98 97 18
524 5 39 65 75
525 19 90 75 83
526 33 16 70
527 73 97 24 87 26 49
528 62 59 99 26 20 33
529 79 5 14 78 91
530 54 36
531 8 83 28 60 3 99
532 62 82 42
533 95 29 7 2
534 36 46
535 77 84
536 81 56 57 52
537 58 63
538 85 51 39 6 33
539 57 92 71 95
540 82 38 74
541 90 44 47
542 30 39 58 82
543 83 93 17 9 14
544 41 69 12 58 90
545 97 89 73 21
546 81 86
547 7 51 101
548 100 26 30 89 1
549 78 66 34
550 5 49 56
551 25 65 93
552 27 7 89
553 96 6
554 11 74
555 34 7 42 69 66 22
556 12 55 29 73
557 22 38
558 64 18 43 101 45
559 16 64 34 39 9 59
560 4 16
561 99 86 26 59 52
562 5 45 21 10
563 61 7 54 98 101
564 72 45 25 77 37 58
565 91 37
566 16 60 49 84 100 9
567 85 46
568 68 65 31
569 36 73 57
570 95 8
571 32 97 73 75
572 55 75 94 8
573 56 81 69
574 41 99 30 68
575 76 70 38 15 83 93
576 36 59 87 84 93 36
577 17 92 18 51 11
578 74 44 39 24 100 81
579 20 59 65 89 14 79
580 51 5 59 83
581 14 81 9
582 57 32 83
583 20 20 1 72
584 55 48 53
585 82 83 74 23
586 20 1 72
587 21 83 94 98 5 80
588 3 1 5 2
589 11 48 13
590 7 90 6 10
591 8 56
592 13 97 19
593 86 30 97
594 45 56 5
595 11 81 1 27
596 82 9 87
597 36 16 68 93
598 71 13
599 62 33 83 23 77
600 44 52
601 48 13 50 97 18
602 82 1 35
603 90 42 39 73 88 65
604 70 67
605 17 55
606 76 62 73 1 85 50
607 29 73 85 89 32
608 22 34 39 27 2 40
609 33 29 5 21 66
610 3 35 88 41 9 4
611 87 83 16 18
612 19 27 59 1
613 26 60 35 100 94
614 8 7 34
615 48 89
616 2 17 92 101 83 38
617 30 19 2 66 67 80
618 22 87 50 95 30
619 76 67 86 73 57 52
620 15 26
621 96 62
622 73 25
623 56 57 82 95 16
624 58 45 101 88 33
625 9 2 81
626 25 90
627 29 12 30
628 91 75
629 78 38 37 10
630 98 38
631 70 61 45 97
632 12 35 65 23 51
633 40 4 44
634 4 21 87 66 19
635 97 94 59
636 95 64 47 40
637 91 95 87
638 20 62 67 52
639 66 37 10 78 80
640 77 27 21 16 28
641 51 97 73 88
642 46 88 25 33 39
643 100 73 61 75 25 77
644 14 58 14 55
645 15 2 66 3 41 96
646 3 38 22 53 35 34
647 47 33 9 62 81
648 8 18 29
649 70 67 2 19 44 36
650 81 45 24
651 55 1 98 7 47
652 79 9 44 79 85 51
653 56 92 38 20 15 62
654 94 32 53 100 94 88
655 30 26 99 19 77 16
656 84 80
657 58 9
658 84 55
659 99 38 55 23
660 72 33 35
661 87 42
662 100 30 96 14
663 93 52 95
664 56 89 60 17
665 45 92 2 77 4 32
666 68 53 43 54 93 68
667 35 69
668 33 4 64
669 31 27 84 4 11
670 3 13 12
671 63 50 8 87 71 42
672 58 55 31 23
673 81 5 21
674 95 49
675 47 80
676 23 68
677 27 2 23 88 19 92
678 92 17 92 21 95
679 10 79
680 40 43 98
681 17 78 15
682 72 2 62 90 96 94
683 80 63 91 59
684 54 70
685 62 8 27 18 9
686 36 33 67
687 14 43 5
688 13 77 80 39
689 70 95 52
690 5 64 46 80 27 3
691 90 38 81 87 41
692 67 81 56
693 94 24 65 96 19 2
694 71 13 62
695 68 32
696 21 62 50
697 76 74
698 29 97 51 61 78 75
699 71 94
700 62 3 83
701 69 91 75 96
702 13 95 19 13
703 95 50 89 88 12
704 79 59
705 7 81
706 46 23 44 27
707 98 98 49 27
708 3 19
709 61 28 95
710 25 98 41
711 34 65
712 30 101
713 32 78
714 26 60
715 73 40 94 68 14
716 87 10 60
717 57 37 58 1 86 28
718 99 54
719 42 37 63 65 60
720 82 22
721 19 67 37 99 82 91
722 79 62 97 22 68
723 45 2 23 10 22
724 8 50 35 31 81 54
725 10 53 29
726 47 46
727 84 22 33 42
728 21 57 77
729 25 21 64
730 73 33 56
731 95 86 45
732 99 87
733 65 8 39 31 63 10
734 52 99
735 79 50
736 82 37 89 99
737 90 7 65 6 32
738 99 18
739 38 87 66 13
740 79 7 50 10
741 98 72 70
742 64 71 10
743 91 47 22 84
744 1 88 61
745 38 88 12 69 5 40
746 74 81 86 62 1 43
747 56 51 11 72
748 33 51 44
749 9 5 33 46 11 71
750 64 89 12 39
751 76 69 86 43 91 77
752 33 49 8 25 44 65
753 69 76 33
754 47 38 10
755 75 28 1 15 87
756 27 52 34 9 57
757 15 92 19 10 14 6
758 11 38
759 3 84 101 52
760 54 18 40
761 60 37 62 38 66
762 35 38 66 94 51 77
763 48 39
764 95 7 38 24 13 34
765 15 10
766 87 43
767 99 22 24 81 50 38
768 2 83
769 98 66 31 89 67
770 67 3 21
771 18 94 6
772 69 48 3 15 29 90
773 66 65
774 68 17 34 65 86 81
775 60 88 76 85 2 44
776 59 73 88 84 22 81
777 41 62
778 64 28 60 58 3
779 51 1 43 100
780 79 47 60 77
781 61 22 30 38 70
782 61 77 39 42
783 77 14 20 30
784 48 42 50
785 92 29
786 84 90 46 97 18
787 55 20 4 21
788 93 57 101
789 47 14 67
790 49 87 86 72 75
791 58 60 4 21
792 93 49 40 13 79
793 80 92 29 52
794 81 96
795 21 64 57
796 97 44 27 58 15 40
797 76 4 51
798 5 76 34 36
799 24 70 29 18 22
800 29 92 17 94 47 32
801 93 62
802 26 85 47
803 98 23
804 37 100 65 59
805 79 88 78 28
806 43 76 65 82
807 26 99 35 92 26 48
808 37 82 60 95 39 83
809 76 45 14 24 68 28
810 49 28 24 37
811 75 84 94
812 21 8 75 54 66
813 8 31 74 96 21 82
814 30 59 21 6 30
815 63 19 33 89 32
816 61 27 19 64 101 60
817 95 4
818 34 94 100 67
819 4 23
820 50 94 2
821 96 11 10
822 9 83
823 5 7
824 7 24 52
825 11 28
826 37 7 8
827 43 68 24 71
828 55 82
829 10 97 77
830 71 85 26 60 87 13
831 65 17
832 36 80 55 99
833 44 2 8 87 19 84
834 50 19
835 5 66 101 75 40 58
836 93 43
837 15 52 72 80 22 99
838 19 64 65 50 22 89
839 100 14 71 19
840 77 86 83 15
841 7 41 68 91 66
842 74 78 32 68 25 46
843 77 26 19
844 19 65 28 76 101
845 38 21
846 13 42 53 5 55 62
847 69 75 14 45
848 88 86 95 19 40
849 69 80 22 83 4
850 59 57
851 36 24 67
852 64 62
853 95 59 42
854 44 12
855 43 47 16
856 40 81 35 44 4
857 49 25 31 61 39 48
858 21 37 46
859 78 34 29
860 100 7 42 6 50 48
861 75 72 42 50 30 91
862 8 21 54
863 20 4 73 31
864 93 14 32 62 6 12
865 26 71 93 44 39 96
866 20 55 58 51 74 45
867 1 77 89 24 41 52
868 79 39 20 55 97 91
869 90 67 70 27 23
870 68 45 11 8
871 6 23 83
872 6 46 3
873 80 5
874 48 85 70 38 80 8
875 96 96
876 40 83
877 53 31 70 79
878 92 69 4 84 90
879 50 86 52 33 45
880 64 58 70
881 52 14
882 69 96 44 88 73
883 37 24
884 24 5 14 54 21
885 10 64 29 2
886 87 11 30 31
887 22 30 58 17
888 31 98 23
889 5 54 39 18 8
890 54 71 72
891 81 63
892 81 14 91 56 80
893 66 81 15 66 90
894 50 46 92 5 49
895 85 84 51 95 47 8
896 50 2 18
897 27 64 77 47 70 45
898 98 18 85 47 56
899 94 68 70 42
900 3 85 91 40 37 88
901 47 33 39 23 74
902 40 68
903 42 31 73 62 51
904 60 78 69 44 73 82
905 6 26 96
906 74 30 47 58 54
907 65 16 9 35
908 30 60
909 2 51 43 89 80 11
910 16 5 90 22 42 38
911 29 2 40 64
912 18 71 66 83 23
913 97 45 75 77
914 60 47 13 86 34
915 26 5
916 13 95
917 19 42 84 48 54 17
918 95 43 52 93 79
919 80 67 78 61 46
920 90 14 5 37
921 99 5 24 85 50 83
922 94 93 45 64 89 7
923 95 98 15
924 3 12 52 82
925 50 48
926 44 100
927 72 100
928 15 24 66 69 72 27
929 31 2 37 9
930 45 3 20 67
931 15 17 9 74 21
932 64 89 39 91 72
933 77 91 44
934 86 24 100 83 1
935 99 1 89 53
936 12 44 2 85 6
937 3 7
938 47 86 85 35
939 66 36
940 40 79 59
941 56 3 53
942 54 85 97 39
943 76 81 76
944 22 43 21
945 94 68
946 89 43 54 34 24 86
947 62 51 25
948 51 48 31 15 67
949 49 9
950 23 28 14 98 59 4
951 83 9
952 66 41 75
953 20 86 36
954 11 47
955 22 82 44 76 53 4
956 71 66 96 101 18
957 9 66 62 24
958 88 75 35 8 50 16
959 10 50 79
960 39 59 85 64 70 51
961 48 100 71 83 30 61
962 85 79 44
963 77 38 40 75 45
964 94 48 60 11 1 67
965 47 87
966 74 54 75 2 91 77
967 94 28 54 61 39 73
968 16 70 29 15 58 17
969 86 83 59 61 63
970 71 84 18
971 81 23 69
972 31 74
973 80 5 101 75 58 74
974 51 79 71 1 42
975 88 17 45
976 62 97
977 31 1 68
978 31 14 64
979 88 17 62
980 27 46 82 10
981 6 34
982 49 12 58
983 37 78 93 43 35 55
984 94 40 34
985 87 75 98
986 7 5 66 64 87 21
987 67 30 32 86
988 34 92 71 2 43 22
989 63 8 99 36 18
990 81 13
991 63 95 50 4 40 67
992 74 21 49 97 28 78
993 64 33 88 64
994 12 94 14 40
995 1 95 83 86 69 51
996 15 63 5 18 15 73
997 27 9 56 2
998 88 55 92 51 16 76
999 25 32 95 66 31
1000 67 32 91 69 101
1001 42 49 48 15 78 30
1002 1 51 71 52 16 21
1003 19 13 98
1004 45 40 53
1005 37 63
1006 60 83 47
1007 52 22 16
1008 44 55 9
1009 4 57 48 6 44
1010 19 90
1011 36 6 96 67
1012 19 58 47 51 35 7
1013 23 72 6 84
1014 72 20 81 52
1015 80 7 82 85 22 93
1016 24 8 39 37 16
1017 76 73 2
1018 70 84
1019 84 61 88 82
1020 16 2 74
1021 99 46
1022 35 6 39 53 94
1023 89 87
1024 25 73
1025 12 28 36 45 66 26
1026 11 5 63 25
1027 77 8
1028 7 14
1029 37 42 47 32 35
1030 34 32
1031 69 32 80 19 96 64
1032 62 51 89
1033 76 39 6 63
1034 23 7 6 80 22
1035 91 84 3 20
1036 4 62 72 65
1037 29 26
1038 66 13 29 5 87 82
1039 5 7 56 14
1040 53 80 12 7
1041 2 5 22 63 93
1042 35 54 17 93 76 60
1043 87 30 37 6
1044 9 63 58
1045 28 4 71
1046 6 56 70 28 65 100
1047 44 64 7 54
1048 86 65
1049 92 46 18 98 29 92
1050 46 83 31
1051 19 94 60 11 54 29
1052 47 100 97 78
1053 61 91 90
1054 50 20
1055 49 94
1056 64 37
1057 65 14 23 57 32
1058 55 44 97 11 34 67
1059 40 83 32 43 46 61
1060 92 98 46 70 40 91
1061 23 93 26 29 33 98
1062 17 31 12 54
1063 79 4 101 77 66 71
1064 76 97 93
1065 81 1 80 25 64
1066 98 9 81 29
1067 59 35 91 3 26
1068 32 44 39 23 89
1069 42 25
1070 69 88 36 60
1071 2 38 73
1072 45 29 70 91 40
1073 1 36 68 89 9 74
1074 83 81 19 35
1075 68 64 87 65 21 84
1076 83 8 51 37
1077 40 60 75 43 87
1078 90 25 92 31
1079 33 54
1080 88 82 100 30 81
1081 76 60 63 69
1082 16 89 66 60 9
1083 65 2 92
1084 24 31 36 22 13
1085 96 27 19 91 76
1086 72 16 85 45 13
1087 42 57 66
1088 25 54 68 45 94 21
1089 11 8 84 1 65
1090 34 41 88 56 17
1091 79 40 88 22 1
1092 49 22
1093 3 17 101 78 45 16
1094 43 26 62 50 82
1095 13 64 21 26 94
1096 27 50 29 25 98 44
1097 9 78 42 14
1098 16 58 2 101
1099 53 64 27 17 58 20
1100 25 63
1101 18 49
1102 58 43 69 26
1103 54 71 97 3 47
1104 19 12 78 30
1105 13 33 99 10 39 35
1106 97 97 25
1107 6 37 19 85 26
1108 63 100 45 72 80 81
1109 9 21
1110 13 34 47
1111 80 4 85
1112 1 2 67 73 88 84
1113 29 28 86
1114 50 53 85
1115 15 86 57 76 2 21
1116 38 67
1117 35 67 37
1118 48 13 10 26
1119 37 75 57 94
1120 52 23 46
1121 96 74 58 3
1122 5 99
1123 57 92 56 53
1124 41 77 95
1125 77 96 43 62 59 71
1126 46 92
1127 64 76 70
1128 25 5 29 7
1129 37 94 67 46 58 47
1130 80 101 67 75
1131 18 15 30
1132 26 32 85 82 95
1133 17 9
1134 16 29 26 25 37 7
1135 40 57 32 28 64 39
1136 51 47 5 18
1137 4 68 33 81 100 46
1138 59 69
1139 57 101 82 77
1140 35 81 85
1141 42 16 52 76 22 12
1142 41 92 64 24 48 85
1143 52 73 56 23 11
1144 44 75
1145 77 35 62 46 96
1146 29 98
1147 100 28 47 35 97
1148 22 43 13 35
1149 32 30 6 92 37
1150 58 51 9
1151 67 75 37 96 5
1152 39 53 39 18 37 57
1153 74 17 67 24 91 45
1154 24 23 12 24
1155 14 92 12 13 32
1156 68 51 92 7 54
1157 49 21
1158 75 52 37 80 34
1159 66 47 17
1160 46 77 62 18
1161 76 96 66 39 11
1162 34 100
1163 76 74 84 8
1164 32 67 57
1165 25 12
1166 39 45 39 20 91
1167 76 95 5 84 43 20
1168 71 77
1169 23 21 90 32
1170 34 64 38 20
1171 11 9
1172 21 60 21
1173 71 5 32 21 83 28
1174 55 82
1175 41 85 5 58
1176 91 55 90 63
1177 60 37 35 58 36 6
1178 95 31 25 23
1179 100 83 52 68 12
1180 48 98 17 50
1181 86 59 70 66 51 101
1182 31 48 67 78
1183 4 74
1184 87 25 62
1185 55 17 79 30
1186 89 52 9
1187 3 5 38 96 17
1188 49 64 15 44 32
1189 87 64 32 55
1190 45 75
1191 73 44 31 24
1192 53 83 90 23 100 94
1193 5 23
1194 40 81 62 72 69 17
1195 31 41 75 28 101 20
1196 28 84 20
1197 53 93 41 9 80
1198 59 90
1199 78 90 39
1200 34 34 32 3 28 39
1201 67 87 43
1202 24 84 30 51
1203 16 32 75 18 7 6
1204 48 26 78 15
1205 35 92 86 2 95 34
1206 55 75
1207 87 77 50 90 97
1208 52 71 8
1209 95 82
1210 24 4 24
1211 12 60 56
1212 84 46 47 9 8
1213 50 77 59
1214 52 51 1 85
1215 99 80 61 79
1216 77 53
1217 5 58
1218 17 5 70 90
1219 16 20 35 50
1220 94 44 66 5
1221 57 14 20 75
1222 14 89
1223 25 100
1224 82 48 79 85 53
1225 44 59 101 32 21 88
1226 38 79 76 80 78
1227 35 41 64 86 10
1228 47 14
1229 9 64 18
1230 42 4 90 18 46
1231 4 79
1232 71 99
1233 77 63 35 84 74 88
1234 25 59 75
1235 53 78
1236 97 26 19
1237 3 31 91 25
1238 45 64 69
1239 48 1 68
1240 2 58 37 3
1241 98 64 77 84
1242 87 11 64 8 18
1243 1 99 30 89 3 36
1244 50 45 84 9
1245 35 5
1246 86 19 35 99 68
1247 34 96 11 100
1248 47 40 73 91 24
1249 96 20 2 40 28 94
1250 28 59 57 44 84
1251 61 22 57 40 9
1252 3 70 13
1253 99 54 88 6 90 77
1254 46 93
1255 69 40
1256 49 17 25 8
1257 92 44 64
1258 72 96
1259 88 21 87 60 65
1260 50 70 13 39 26 4
1261 16 39 66 17 85
1262 21 11
1263 49 98 65 5 62
1264 59 56 1 16
1265 2 77 43
1266 89 4 32 20
1267 45 33
1268 96 11
1269 52 90 72 24 93
1270 77 13 84 73
1271 50 92 64 28 51 33
1272 41 72
1273 55 78 9 13 42
1274 99 82 51 18 69 68
1275 86 29 56 23 17 45
1276 90 18 12 32
1277 97 38 47 4 43
1278 12 2 41 57 99 93
1279 64 81 64 84 59
1280 60 65 52 22
1281 82 97 49 29
1282 13 13
1283 26 32 11 9
1284 79 80 9 13 30
1285 82 99 69 13 60 19
1286 5 21 80 94 17
1287 88 37 64
1288 10 14 43 44 75
1289 35 77 62
1290 34 40 11 5 63
1291 55 77 42 33 44
1292 82 11 78 23
1293 95 37 16
1294 11 70 12 89 54
1295 98 29 24
1296 2 3 27 101
1297 32 41 31 2
1298 54 60 65
1299 72 57 47
1300 40 25 11 95 63 10
1301 71 75 5 68
1302 2 39
1303 49 42 60 74 14 78
1304 74 81 48 68 5 57
1305 42 57 43 54
1306 33 54 81 97
1307 97 28 100 40
1308 42 79
1309 12 81 3 17 78 34
1310 97 99 78 68 26
1311 17 39 25 89 88 8
1312 3 79 89 82 38
1313 86 75 18
1314 40 37 16 90 23
1315 49 44 15
1316 51 10
1317 53 49 82 81
1318 69 48 11 95
1319 49 91 8 19
1320 96 68 67
1321 21 29
1322 100 100 22 38 60
1323 68 56 33 37
1324 61 13 9 14 99
1325 42 6 65 60 64 59
1326 95 100 14
1327 61 85
1328 35 17 8
1329 51 87
1330 57 39 29 81
1331 55 10
1332 86 85 72 26
1333 71 9 97 64 88 5
1334 1 70
1335 91 5 36 28 64 82
1336 69 35 50 80
1337 89 23 58 69 22 73
1338 5 36
1339 19 85 65 43 97
1340 96 41 83
1341 71 97 79 93
1342 2 75 43 69 42
1343 27 80 54 78 3
1344 63 8 99 20 68 44
1345 33 93 8 5 68 38
1346 83 62 7 61 75 82
1347 78 46 31 93
1348 54 2 85 35 30
1349 51 36 91 101 38 88
1350 49 77
1351 20 41 64 1 66 93
1352 90 30 3 46 9
1353 47 54 19 89 28 101
1354 97 8 71 27
1355 76 55 63 93 27 16
1356 14 28 66 32 5 46
1357 58 16 74 41 48 22
1358 48 21 26 6 22
1359 81 81 66 9
1360 98 40
1361 72 26
1362 58 41 19
1363 60 40 26
1364 85 20 100 18 95
1365 41 51 62 40 25
1366 62 9 40 39 70
1367 5 2 58 32
1368 69 51 36 8 35
1369 54 37 3 61
1370 92 29
1371 98 86 12 97
1372 66 55 97
1373 15 6 100 26 93
1374 64 45 66 35 71 69
1375 58 24
1376 23 89 73
1377 57 4 90
1378 58 30 51 81 99 1
1379 73 90 12 81 65
1380 14 39 27 65 62 31
1381 68 47 53 72
1382 84 58
1383 41 78
1384 46 89 25 64 63 85
1385 76 36 61 98
1386 10 101 87
1387 16 18
1388 88 70 54
1389 2 40 80 92 36 33
1390 42 60 7 78 91 10
1391 40 6
1392 84 5 77 85
1393 39 66 47 86
1394 71 69 72 28 13
1395 1 53 10
1396 71 23 88
1397 2 83 37
1398 19 41
1399 75 83 8
1400 87 62 21
1401 15 34
1402 63 33 22
1403 33 41 42 31 93 24
1404 84 3 1 4 54
1405 22 71 53
1406 96 40 33 64 42 25
1407 98 43 25 94 32 28
1408 17 58 69
1409 17 81
1410 76 47 81
1411 98 15 51 49 101 69
1412 54 3 58 32 48 74
1413 5 14 61 15 47
1414 85 15 11 52 34 80
1415 11 34 37 67
1416 7 1 83
1417 82 77
1418 91 56 93 23
1419 10 71 37
1420 54 95 33 85 26 53
1421 76 35 92 49 46
1422 39 41 52 85 19 58
1423 32 90
1424 18 25 62 60 46
1425 18 22
1426 67 15 66 18
1427 98 62 7 24 65 56
1428 44 69 3 60 89 41
1429 1 49 76 62
1430 17 7 56 5
1431 44 28
1432 29 1 63 86
1433 22 85 95
1434 10 11
1435 73 68 55 50
1436 58 3 7 41 35 71
1437 83 25 46 71
1438 36 91 88 6
1439 29 57 48 72 39 13
1440 8 2
1441 40 37
1442 72 60 26 10
1443 97 14 57
1444 61 57
1445 100 11 77
1446 21 11
1447 45 49 45 28 1 47
1448 14 89 14 81
1449 76 67 93 6
1450 2 44 10 81 9
1451 15 79 2 80
1452 63 58
1453 98 7
1454 68 10
1455 90 10 18
1456 28 31 21 14
1457 86 101 83 55
1458 79 58 99 101 4
1459 62 21 101 11 25
1460 41 100 14
1461 40 86 22
1462 21 72 67 61 64
1463 42 60 65 72 93
1464 92 14 51
1465 73 16 51
1466 23 50 4 82
1467 9 97
1468 69 42 43 67 72
1469 50 100 36 92
1470 50 14 31 50 15
1471 51 23 95
1472 93 35 70 21 97 79
1473 28 28 54 26 87 84
1474 31 1 97 52 18
1475 90 42
1476 31 11 43
1477 5 84 24
1478 51 26
1479 19 75 78
1480 69 24 52
1481 33 53
1482 73 38
1483 93 53 41 31 19 24
1484 52 60 51 28
1485 98 21 2 96 58 6
1486 96 26 47 91 7
1487 12 32 14
1488 53 18
1489 72 20
1490 90 33 77 14 8
1491 87 100 73 70
1492 94 38 74 62 21 66
1493 23 2 69 88 46
1494 38 97 1 82
1495 37 1
1496 39 93 24 50
1497 28 30 10 11 69
1498 53 30 57
1499 83 58 57 5 30 36
1500 42 53 76
1501 97 25 45 99 58 98
1502 65 77 24 19 11 68
1503 44 33 49 93
1504 50 57 83 43
1505 93 83
1506 10 73 28 3 98
1507 12 61 55 45 14 84
1508 34 39 84 73 79 22
1509 44 1 9 45 97
1510 69 71 85 9
1511 98 8 36 68
1512 10 19 45 36 62
1513 33 13
1514 88 49 58 69 63 54
1515 52 39 19 37 13 65
1516 64 38 20 79 52 99
1517 36 77 64 39 1 16
1518 51 7 31 94 5 57
1519 85 24 72 1
1520 14 76 67 63 46 19
1521 64 80 34
1522 45 62 66 31 32
1523 40 91 35 9
1524 84 49 77 72
1525 51 94
1526 79 88 5 63
1527 6 5
1528 27 59
1529 100 97 56
1530 79 92
1531 24 71 30 17 23 36
1532 39 101 25 77
1533 56 19 9 36 74 54
1534 25 8
1535 14 72 87 18
1536 91 95 6 5
1537 71 87 70 71
1538 48 40 29 86 30 78
1539 4 8
1540 64 25 76 19 24 61
1541 19 4 47 16 71
1542 44 94
1543 85 43 63 45 37 6
1544 73 50 94 25 13
1545 23 22 13 86 32
1546 56 6 95 69
1547 41 75
1548 39 5 98 49
1549 43 9 42 23
1550 14 36 38 18 101
1551 38 19 25 20
1552 52 70
1553 16 63 34 16 3 2
1554 34 76 43 3 70 94
1555 22 78 30 42
1556 96 65
1557 72 47 32 85
1558 90 26
1559 57 76
1560 73 43 62 48
1561 9 98 45 86 10
1562 98 80
1563 21 34
1564 74 51 92 29 75
1565 25 70
1566 2 100 64 21 82
1567 68 22 37
1568 81 59 19 12 2
1569 42 20 22 67
1570 72 37 43 3 51 77
1571 43 53 32 12
1572 63 68 15 39 23
1573 100 2
1574 93 22
1575 47 12
1576 38 46 64 54
1577 75 97 58 48 62
1578 52 36 51 59
1579 97 79 13 73 8 28
1580 95 61
1581 62 40 17 27 13 49
1582 64 37 45 36 95
1583 80 33 85 41 29 54
1584 99 51 96 1 16 70
1585 57 27 14
1586 34 91 36 72
1587 39 56 43 20 88 8
1588 84 101
1589 90 62 37
1590 82 96 9 21 44
1591 76 54 48 37
1592 11 25 70 56
1593 42 5 86 6
1594 62 55 10 39 31
1595 24 88 21 55 85
1596 96 64 6
1597 72 67 10 51 3
1598 85 6 72 50 34 100
1599 41 20 61 35 88
1600 9 79 18
1601 17 88 101 15
1602 80 25 2 37 62
1603 84 57
1604 30 86 98
1605 36 28 10 23 6
1606 89 96 5
1607 55 18 31
1608 69 63 10 40 18
1609 36 72 55 81 5
1610 73 60 19 2
1611 24 22 10
1612 38 86 74 27 30
1613 83 74 45
1614 22 40 22 65 11
1615 100 3 9 81 29 66
1616 20 74 38
1617 55 78 96 65
1618 23 34 15 16 32
1619 12 22
1620 9 20
1621 92 4 75 35
1622 83 18
1623 87 37 29 60 85 36
1624 21 25 29 88
1625 29 8 50 97 98 84
1626 34 101 22 54
1627 89 28 84 53
1628 3 27 38 25 63
1629 55 10 100 67 93
1630 72 34
1631 97 12
1632 50 42
1633 18 60 10 36 48
1634 96 17 19 27 68 1
1635 33 68 72
1636 97 3 48
1637 72 76 23 14 74
1638 25 87 52
1639 6 21 84
1640 45 50
1641 29 60 20 96
1642 12 97 65 64 46
1643 20 101 51 72 87 2
1644 75 100
1645 21 10
1646 62 96 89 8 21 29
1647 31 90 34 1 28 41
1648 41 15 35 1 101
1649 43 24
1650 30 17 38 28 82 94
1651 8 72 24 31 88 65
1652 36 19 53 47
1653 21 53 44 40
1654 14 38 76 11 8
1655 78 68 62 74 48
1656 62 9
1657 92 29 99 88 94
1658 57 2 88 37
1659 82 42 97
1660 47 42
1661 36 13 89 72 68
1662 84 30 91
1663 74 39 82
1664 36 66
1665 94 98 67 99 36
1666 60 83 87 61
1667 42 86 17 19 37
1668 70 59 61 48 14 96
1669 17 69 36 71
1670 15 49 80 64 73 40
1671 76 36 17 54
1672 93 92 98 90 64 63
1673 12 52 67 26 14 38
1674 97 68 82 50 61
1675 34 82 22 48
1676 5 64 36 17 56 8
1677 64 95 17 37 83 74
1678 80 70 48 43 26 23
1679 5 45 44
1680 50 38 39 69
1681 30 9 46 86 60
1682 8 37 20 60 79 3
1683 68 98
1684 70 31 21
1685 57 16 97
1686 84 20 22
1687 17 39
1688 22 99 5
1689 55 52 61 32 33
1690 79 76 32 78
1691 54 1 11
1692 12 21 19 11
1693 54 78 57 74 76 85
1694 31 53 61
1695 100 32 10 5 96 87
1696 85 48 70
1697 16 85
1698 3 90 59 79 22
1699 41 6 26 94 93 39
1700 44 85 94
1701 55 68
1702 23 99 8 18
1703 39 29 5
1704 6 79 71 59 45 85
1705 74 57 47 25 93 89
1706 73 84 93 79 21 91
1707 54 21 50
1708 55 7 53
1709 70 98 42 24 13
1710 59 80 39
1711 76 46 92
1712 28 20
1713 42 8 77 23
1714 29 41 84 38
1715 50 36
1716 50 43 92 13
1717 7 80
1718 34 33 66 38
1719 16 54 10 93
1720 11 15 82 24
1721 13 74
1722 70 61 64 42
1723 85 51 83 73 71 70
1724 94 56
1725 44 81 64 19 61 42
1726 92 35 82 7
1727 34 63 91 93 22 40
1728 24 38 82 83 73
1729 63 1 86
1730 57 73
1731 4 64
1732 88 2
1733 16 12 72 51 46 35
1734 1 77 26 10 34 94
1735 91 76 8 39 90
1736 23 81 53
1737 94 81 101 61 96 53
1738 27 47 10
1739 31 50
1740 28 52 48 40 69
1741 25 4 54
1742 58 41 10 8 88
1743 53 36 26
1744 73 87 4 85 71
1745 16 50 80
1746 18 15 7 14
1747 13 7 31 16 45
1748 97 94 88 15 74
1749 98 2 17 101 53
1750 76 62
1751 48 88 73 68 29
1752 4 9 43
1753 67 70
1754 93 9 91 69 20
1755 42 1
1756 15 17
1757 81 58
1758 21 43
1759 48 78
1760 64 30 89
1761 22 100 83
1762 76 40 44 50 12 78
1763 7 53
1764 10 16 2 69 23 36
1765 64 14 39 12 59
1766 2 34
1767 89 64 66 87 86 2
1768 19 66 6
1769 51 48 49 40
1770 69 87 73 49 28 91
1771 68 78 25 68
1772 51 6 74 45 14
1773 22 78 64
1774 1 56 92 100 46
1775 9 40 60 64
1776 84 58
1777 66 100 36 14 97
1778 16 30 82 64 18 78
1779 42 53 71 101 22
1780 75 4 71
1781 43 29 21 95 52
1782 60 31 41 10 43
1783 30 51
1784 65 59 96
1785 67 93
1786 46 70
1787 47 32
1788 52 74 60 34
1789 3 26 73 17
1790 28 40 45 49 62 42
1791 35 38 95 59 89
1792 77 13 63
1793 2 70 3 89 90
1794 69 89 44 61
1795 84 89
1796 95 49
1797 65 94 100
1798 28 41 45 17
1799 49 82 17 43 67
1800 56 80 11
1801 89 70 77
1802 53 31 92
1803 96 73 89 86 99 5
1804 40 28 95 91
1805 61 88
1806 20 48
1807 13 74 31 15 39 72
1808 56 44 58 67 73 4
1809 59 82 65 48 38 51
1810 48 58 98 81
1811 14 5 43
1812 74 26 49
1813 51 62 2
1814 33 6
1815 18 64 31 12 4
1816 68 8 58 93 97 73
1817 31 92 32 69 49
1818 63 60 9 72 84 53
1819 49 11
1820 46 13
1821 40 30
1822 67 7 82
1823 80 98 4 71 60 58
1824 66 7 35 61
1825 74 58 46 56
1826 45 18 61 20 94 35
1827 34 50 22 62 47 64
1828 66 57 35 38
1829 80 61 89
1830 75 11 14 23 82 58
1831 91 98 89 39
1832 48 10 18 42 50
1833 27 93 11 31
1834 99 85 39 58
1835 30 84 96 64 20
1836 45 3 89 56 2
1837 90 100 3
1838 94 64
1839 46 1
1840 19 17
1841 14 75 14 95
1842 38 38 63
1843 48 23 89 3 82
1844 87 75 15 86 70 13
1845 68 47
1846 22 13 80 97
1847 78 89 98 92 69
1848 80 88 76 28 52 61
1849 88 11 18 73 9
1850 31 94 27 57 53
1851 10 20 32 9 94 18
1852 82 90 47 93 7
1853 80 32 47 37
1854 48 56 34 29 13 53
1855 70 88 46 24
1856 99 88 49 46
1857 26 53 73 39 5 25
1858 63 92 45 91 39
1859 49 13 24 73
1860 65 90 33
1861 61 64 79 2 67
1862 70 100 7 80 19
1863 61 47 101 70 25
1864 21 59
1865 19 36 89 4 95
1866 12 96 44 33 70
1867 59 99 36
1868 83 20 36 79 4
1869 6 98
1870 57 34 6 83 97 1
1871 18 99 59 19 71
1872 16 2 15
1873 62 97
1874 12 19 62 65 44
1875 89 71 68
1876 25 86 32 7 83 60
1877 71 35 19 53 34 10
1878 15 19 95 24 81
1879 18 87
1880 23 49 93
1881 53 25 24 84 86 46
1882 71 72 1 88 19
1883 45 91 79 63
1884 45 6
1885 31 21 79 39 60
1886 7 66 67 51 9 17
1887 88 21
1888 57 79
1889 76 54 88
1890 39 76 75
1891 41 97 94 59 83
1892 56 49 72 74 99 96
1893 54 44 31 77
1894 35 37 87 59
1895 27 34
1896 15 39 1
1897 100 3
1898 89 21
1899 99 96 40 98
1900 75 6 56
1901 71 16
1902 17 50
1903 24 57 13 101 68
1904 63 49
1905 66 60 62
1906 45 22 66 92 37 15
1907 89 72 95 28
1908 34 51 55
1909 64 53 26
1910 68 79 27 45 8 13
1911 84 68 18 4 17
1912 26 12 20 49
1913 52 43 11 69 17 42
1914 87 48 38
1915 19 100
1916 32 5 31
1917 14 90 48 79 47 23
1918 59 11 37
1919 90 99 26 100 67
1920 28 33 100
1921 74 37 31 40 65
1922 1 3 66
1923 59 23 101 7 32 41
1924 12 100 75 26 67 47
1925 72 57
1926 88 19 62 44 48
1927 72 57 20 13 42 18
1928 82 62 43 39
1929 32 87 50 34 29
1930 62 89 35 90
1931 60 26 90
1932 4 55 80 22 31
1933 22 23 101
1934 27 54 52 101 86
1935 48 1 28 90 27
1936 71 47 92 73
1937 98 96 12
1938 14 99 14 11 15 56
1939 1 14 87 62 63
1940 64 38 41 90 80
1941 86 50 94 96 49 1
1942 65 45
1943 11 40 67 59 83
1944 54 48
1945 20 66 87 20 95 89
1946 14 57 74 92 88
1947 97 45 4 70 2 66
1948 50 62 27 87 52
1949 37 25
1950 3 49
1951 70 32 82 66
1952 44 58 84 47
1953 93 10 6 47
1954 57 92 9
1955 66 82 61 73 30 17
1956 40 82 73
1957 31 50 86 35 90
1958 36 23 78 90 74
1959 47 33
1960 94 63
1961 18 83 51 33 46
1962 78 59 58 65
1963 78 74
1964 79 11 97 39
1965 99 25 16
1966 83 72 22 100 19
1967 12 53 61
1968 93 86 33 49 80 99
1969 90 100 15
1970 73 71 9 55
1971 11 50 56 60
1972 59 58 34 42
1973 29 36 20
1974 10 92 59 2
1975 9 24 45 51 5 56
1976 85 39 67
1977 70 46 63 11
1978 94 84 4
1979 49 65 19 101 29 38
1980 67 93 84 17
1981 36 44 35 7 76 15
1982 22 47
1983 80 48 34
1984 90 81 69 79 8 36
1985 47 9 90 80 58
1986 25 2 79 92 63
1987 53 77 63 66
1988 30 2 93 80 84
1989 1 46 98 43 48
1990 83 31 42 28
1991 69 48 1 82
1992 72 83 17 20 51
1993 34 71 67 101 43 62
1994 77 87 23 38 30
1995 96 29
1996 90 10 23 42 55
1997 41 99
1998 7 63 77 60 69
1999 91 92 49 57 68 101
2000 47 85 56
2001 85 65 11 55 36 56
2002 19 38 42 48
2003 68 80 87
2004 17 38 95 91 73
2005 83 91 69 73 22 51
2006 20 60 8 38
2007 16 28
2008 5 94
2009 60 93 85 38 49 4
2010 61 32
2011 40 92
2012 26 31 35 32
2013 11 73 15
2014 35 22 13 15
2015 39 47 52 22 57 82
2016 14 61
2017 80 79
2018 30 55 38 24
2019 17 83 68 23 31 92
2020 13 22 78 89
2021 74 65
2022 10 96 72
2023 81 11 1 37 14
2024 97 47
2025 10 98 74 35
2026 55 91 100 22 61
2027 3 3 12 82
2028 75 22 60 81 67
2029 32 52
2030 82 39 62 35 59
2031 18 10
2032 67 97 100 3 75
2033 10 20 48 95 79 82
2034 99 3 15 101 46
2035 97 62 85 36 25 51
2036 89 68 11 28
2037 2 54 99
2038 3 93
2039 12 51 73 99
2040 49 2 52 15
2041 81 42 66 100 52
2042 27 2 73 9
2043 41 8 59 76 44 10
2044 48 42
2045 25 40 37 39 70
2046 30 40 29 49
2047 87 79
2048 88 43 98 6 100
2049 68 48 92 54 80
2050 40 34 56 10
2051 23 75
2052 5 53
2053 39 64
2054 79 33 62 93 15
2055 41 95 97 65 80 73
2056 55 98
2057 97 74 98 61 83
2058 89 9 77 67 7
2059 88 57 93
2060 29 29 61
2061 95 3 73 12 55
2062 92 87
2063 78 75 99 92 35
2064 54 45
2065 54 54 34
2066 79 30 37 82
2067 83 10
2068 92 19 51 69 101
2069 15 101 32 79
2070 55 44 67 2 79
2071 59 31 8
2072 71 26 3
2073 29 28 38 97
2074 12 20 22
2075 70 11 38 25 65 57
2076 70 100 54 78 58
2077 40 74 14 26 31
2078 81 28 10 88 93 20
2079 4 30 5 84 88
2080 96 76 5 17 91
2081 88 59 51
2082 42 48 14 95
2083 80 44
2084 33 75 48 14 64
2085 5 1 70 15 75 78
2086 73 55 101 83
2087 5 46 30 23
2088 51 51 26
2089 30 65 52 60 2 84
2090 83 48 26 24 40 93
2091 70 83 35
2092 47 75 77 57 45 63
2093 44 8 33 73
2094 61 97 46 98
2095 4 94 13
2096 61 84
2097 85 63 33 92 81 67
2098 97 68
2099 2 80 9 81 90
2100 5 20
2101 38 57 74
2102 15 59
2103 22 82 38 78
2104 72 57 97 83 38
2105 36 41
2106 6 38 20
2107 54 12 9 57 60 5
2108 45 32 55 35 2 59
2109 3 71 29 64 63
2110 72 100 93 62 5
2111 76 39
2112 10 90
2113 48 43 22
2114 82 88 66
2115 20 68 60 73
2116 69 35 66
2117 83 80 37 44
2118 98 20 77
2119 29 45 19
2120 50 16
2121 38 37 62
2122 87 101
2123 8 26
2124 28 74
2125 26 25 77 41 16 89
2126 80 33 92 47 64
2127 31 24
2128 8 53 80 1 46 85
2129 57 41 57 14 8
2130 47 77 99
2131 92 38
2132 39 57 82
2133 46 61 23 48 95
2134 72 11 59 100 45
2135 31 95 97 58
2136 55 55 1 8 70 74
2137 43 11 22
2138 88 15 25
2139 66 70 91 9
2140 82 69 17 97 2 94
2141 79 57 16 90 25 34
2142 84 82 15 86
2143 6 85 83 9 13
2144 94 39 82 90 36 56
2145 47 20 8 30 45 23
2146 13 33 85 52 55 44
2147 41 71
2148 87 56 92 45 11 17
2149 89 20 14 44 100 15
2150 99 54 66 46 36 87
2151 91 19 73
2152 73 96
2153 21 29 58 40
2154 30 26 10
2155 74 14 87 66 101
2156 92 101
2157 19 53 88 91
2158 72 95 9 91
2159 47 71 92
2160 84 36 3 75 68
2161 90 59 35 44 74
2162 83 46 2 27 98 1
2163 21 65
2164 82 51 18 25
2165 14 75
2166 8 6 18 73 5 69
2167 92 49 9 46
2168 50 51 100
2169 75 93 81 42 30 54
2170 18 61
2171 75 22 94 18
2172 12 11 98
2173 14 48 3 49 47 88
2174 78 23 38
2175 39 37
2176 91 33 11 12 59
2177 34 89 33 21 68
2178 77 28 81
2179 5 82 66 80
2180 10 85 97 48 16 13
2181 97 68 8 26 67 33
2182 100 101 14
2183 75 92 17 3 13 2
2184 6 8 71 66
2185 73 75 61 92
2186 76 8 56 67
2187 3 21
2188 11 27 71
2189 57 86 69 77 34 42
2190 95 96 5 99 37
2191 95 61
2192 94 43 30 17 36
2193 62 66
2194 90 47 8 61
2195 95 60 12 44 50 75
2196 83 39 83
2197 33 65 94
2198 85 10 38
2199 8 76 51 65
2200 50 73
2201 40 55 3 49
2202 4 87
2203 99 91 21 40 10 28
2204 21 65 73
2205 75 71 15 7 82 23
2206 15 5 73 65 39
2207 90 84 34
2208 69 72 89 57 36 16
2209 13 61 2 36 1
2210 73 49 14 37
2211 70 77
2212 90 28
2213 75 60 53
2214 59 85 46 64 95 59
2215 9 47 5
2216 63 99 98 3
2217 90 44 2
2218 75 46 52 61
2219 23 77
2220 86 42
2221 5 31 37 47 60 28
2222 95 5 70 27
2223 79 87 54 26
2224 31 38 10 37 62
2225 79 49 35
2226 90 89 9 21
2227 86 62 48 22
2228 72 1
2229 33 56
2230 80 12 39 63 56 52
2231 6 88 48 84 61
2232 93 35 52 16
2233 49 41 67
2234 92 58 83 60
2235 49 101 74 19 96 59
2236 50 74 20 23 67 75
2237 84 64 9 28
2238 73 72
2239 24 63 29 43
2240 94 28 38 87 96 4
2241 25 40 98 4 69 101
2242 42 8 40
2243 14 94 74
2244 51 68 63
2245 86 62 12 49
2246 23 79
2247 12 40 86 8 85
2248 26 93 50
2249 39 69 18 96 52 50
2250 70 69 29 16 23
2251 44 55
2252 92 5
2253 31 80 24
2254 61 81 26
2255 91 99 45 19 96 34
2256 17 96 86 75
2257 96 35 96 51 61
2258 5 64 66 4 16 24
2259 93 36
2260 18 14 43 88 17
2261 96 82 30 67
2262 60 63 77
2263 92 62
2264 35 42 63 2 62
2265 31 63 41
2266 52 51 35 6 43
2267 4 74 93 58
2268 57 15 87 70 11
2269 98 30
2270 31 60 61 93 33
2271 22 34 42 61 88 35
2272 54 40 16 85 65 89
2273 19 61 56 8 35 79
2274 37 37 15 67 90 100
2275 79 90 57 51
2276 65 12 100 47
2277 86 6
2278 84 85 59 36 2
2279 43 19 85 55 75 71
2280 46 34 32
2281 23 88
2282 88 38 52
2283 78 39 101
2284 43 74 82 8 6
2285 1 63 96 31
2286 39 5 101 8 36 72
2287 100 6 41 52
2288 10 40 33
2289 12 39 44 38 41
2290 66 17
2291 100 10 64 100 69
2292 35 68 76
2293 50 12 2
2294 71 76
2295 47 78
2296 4 95 82
2297 86 62 28 10 69 38
2298 58 55 68 45
2299 28 69 97
2300 29 2 84
2301 38 72 50 44
2302 79 43
2303 95 11 6
2304 83 34 35
2305 75 11
2306 42 20 61
2307 69 5 12 57
2308 79 4 90 46
2309 75 35
2310 61 9 28 30
2311 12 88 3
2312 30 87 39
2313 36 66 24
2314 12 90 65 83
2315 37 101 96 72
2316 70 64 75
2317 16 57
2318 31 37 101 19 66 54
2319 68 96 93 34 15 9
2320 78 58 23
2321 18 66 98 95 46
2322 81 51
2323 77 65 91 83 64 37
2324 12 75 37 49 35
2325 21 97 56 38 63 43
2326 42 66 37
2327 1 30
2328 58 100
2329 47 11
2330 38 39 67
2331 2 68 42 53 39
2332 23 6 93 5 16
2333 18 72 30 90
2334 42 53 71 5 12 2
2335 24 29 18 87
2336 32 7 82 101
2337 49 71 38 5 26
2338 11 87
2339 13 16
2340 19 97 74 49 35 8
2341 71 53 84 7 23
2342 70 6 40 49
2343 83 31 5
2344 65 9 43 70
2345 23 83 12 65 75 68
2346 89 75 24 19
2347 96 45 4 58
2348 60 80 99
2349 27 56 93 28 77 19
2350 20 67 63 12
2351 12 65 36
2352 60 72
2353 50 57 14 15 36 71
2354 23 31
2355 53 73 99 59
2356 53 62
2357 80 87 13
2358 26 94
2359 45 64 56
2360 86 40 87
2361 38 37 15 28 67
2362 10 4 40 6 2 101
2363 51 82 50 35 42
2364 46 59 3 54 78
2365 54 1 36 39 7
2366 79 79
2367 8 46 67 84
2368 4 61 87 88 49 68
2369 60 51 89 59 22 34
2370 97 94 40
2371 61 87
2372 92 92
2373 94 62
2374 61 101 45
2375 32 45 50 23 5 71
2376 60 84
2377 1 67 88 81 61
2378 21 90 9
2379 44 53
2380 91 31 41 49
2381 65 57 50 59 23
2382 85 24 42 86 82 15
2383 71 5 90 58
2384 22 61 12 74
2385 40 93 42 77 63
2386 47 12 57 95 21
2387 40 74 58 53 70 39
2388 50 81 93 94 86 42
2389 89 17 43 91
2390 54 72 18 8 50 42
2391 75 59 96 62
2392 83 99 52 72 3 6
2393 65 88 15 79 74
2394 70 51 29 97 11 86
2395 79 97
2396 12 49 63 56 35
2397 36 53
2398 59 53 62 23 28
2399 35 96
2400 19 74 31 89
2401 2 81 43 75
2402 4 46 79 83 96
2403 36 80 93
2404 56 29 35
2405 15 67 11 4
2406 51 72 28 19 58
2407 65 43 48 51 39 47
2408 68 68 21 20 101
2409 38 31 84 19
2410 79 37 36 42
2411 66 46 56 96
2412 61 83 48
2413 87 9 79 42 64
2414 30 37 29 77 53
2415 40 3 95 38 65 41
2416 85 35 32 81 82 80
2417 33 79 78
2418 27 54
2419 82 32 11 101 39
2420 62 52
2421 83 6
2422 1 11 53
2423 82 85 70 44 24 101
2424 71 15 70 14 8
2425 94 37 28
2426 12 53 26 84 40 57
2427 30 54 79
2428 29 59 82 87 52
2429 79 98
2430 12 80 54 87 16
2431 86 28 49 99 26 56
2432 2 48
2433 56 75 11 70 19
2434 66 22 10 6 61 23
2435 45 7 90 44
2436 73 39 94 93 81
2437 36 55
2438 26 58 19
2439 57 77 52 3 90
2440 23 76 86 39
2441 45 71 59 27 70
2442 22 6 86 79 44 1
2443 71 63 41 46
2444 49 68 20 82 11
2445 2 74
2446 93 24 88 67
2447 65 82
2448 17 90 65 47
2449 39 28 34 19 15 18
2450 69 72 98 101 78 94
2451 26 71 81 10
2452 96 29 57 74 95
2453 95 45 27 10 44
2454 74 93 73 53 30
2455 14 13 31 92 60 69
2456 91 63
2457 18 29 26 47 8 56
2458 22 66 12 2 58
2459 36 65
2460 13 61 71 80 13
2461 9 8 61 34 72 10
2462 23 92 95 84 67 83
2463 45 92 52 31 36
2464 33 96
2465 18 95 69 17
2466 37 42 11
2467 58 71
2468 56 36
2469 26 33 70 87 39
2470 23 52 79
2471 10 36 28 88
2472 30 87 19
2473 55 52 55 61
2474 40 16 68
2475 9 17 66 11
2476 100 58 48 44 5
2477 40 2 58 44 27
2478 73 72
2479 84 34 87 8 93 14
2480 54 59 65 33 34 48
2481 51 46
2482 63 6 81 63 83 22
2483 88 40 29 69 62 79
2484 20 70 49 66
2485 83 12 73 8 64
2486 21 8 4 57 6
2487 23 23 63
2488 64 49 82 64 94
2489 48 69 47 57 11 65
2490 14 88
2491 91 64
2492 82 76
2493 94 95 15
2494 71 78 46
2495 65 68 33 46 72 8
2496 2 98 4 66
2497 1 66 99 76 10
2498 53 74 5
2499 70 27 21
2500 20 58 37 14
2501 65 64 98 14 16
2502 12 41 37 36 56 21
2503 20 86 75 31
2504 64 32 36 23 10
2505 61 81 12 33 77 70
2506 100 12 83
2507 87 62 49 55
2508 65 43
2509 32 71 47 51
2510 59 43 17 15 84 23
2511 40 74 59 98
2512 4 7 101 45 16 52
2513 39 55 33 47
2514 52 60 75 39 22 14
2515 53 63
2516 13 77 33 34
2517 78 92 55
2518 99 69 34 20 98 76
2519 81 74 71
2520 41 62 23 11
2521 93 16 97 15
2522 14 6 54
2523 5 51 88
2524 88 87 21 72 58 88
2525 34 91 8 50 92 48
2526 30 1 64 2 58
2527 67 25 30 40 72
2528 61 69 91 27 76
2529 94 71 62 77
2530 59 78 24 2 22 17
2531 17 68
2532 63 7 96
2533 3 48 88 39 2 3
2534 34 86 32 91
2535 55 10 68 19 47 94
2536 30 57 2 5
2537 33 59 20 16 18
2538 82 18 77 17 3
2539 42 41 20 3 27
2540 38 39 3 99 69 40
2541 90 72 74 22
2542 34 76
2543 10 42 33 24 73
2544 98 79 33
2545 39 20 18 44 82
2546 26 86 37 44 74 82
2547 88 53 11 74
2548 66 6 5
2549 99 87 41 17 67 74
2550 27 82 54 76
2551 57 28 17 16 47 44
2552 50 33 81
2553 15 5 96
2554 96 90
2555 15 76 22 58 27
2556 67 50 63 1
2557 64 89 98 4 28 2
2558 14 3
2559 68 38 20 23 34
2560 5 50 31 27 60 47
2561 29 11
2562 11 96 99 38 25 15
2563 79 75 2
2564 96 26 4 73 43
2565 46 24 57 59 9 84
2566 81 13 75 31
2567 52 20
2568 17 45
2569 13 44 10
2570 44 2 87 79 4
2571 26 98 69 62 89 33
2572 54 15 19
2573 43 72
2574 40 26 95 17 65
2575 29 61
2576 52 49
2577 80 36
2578 98 96
2579 83 78 32 3 88
2580 64 51 19 90
2581 83 86 97 69
2582 39 87 94 69 32
2583 11 39
2584 8 64
2585 99 83 42 73 13 7
2586 45 59
2587 13 95 91 87
2588 93 74 96 26 93 43
2589 44 58 13 52 46
2590 37 46
2591 89 12 97 22 19
2592 73 9 27
2593 70 92 17 16 31
2594 62 38 78 59 91 79
2595 85 48 99 7 89 9
2596 36 69 59 60 86
2597 2 73
2598 77 19 28 66
2599 8 20
2600 12 100 10
2601 50 40 6 47
2602 54 57 1 86 59
2603 8 55
2604 29 80 87
2605 29 4
2606 71 65 23 91 33 98
2607 83 1
2608 3 40 1
2609 49 21
2610 77 99
2611 35 82
2612 4 51 78 99 43 35
2613 54 41 80 83 54 60
2614 3 45 26 24
2615 84 84 26 50 35
2616 30 72 23 17 45 42
2617 48 32 35 2
2618 24 21 90 87
2619 28 53 46 68 69
2620 25 28 50 19 33 4
2621 30 49
2622 56 30 20 81 89 19
2623 70 36 11
2624 96 40 101 64
2625 89 26 67 73 64 49
2626 12 76 95
2627 83 29
2628 24 48 42 81 37
2629 92 52 35 32 27
2630 85 45 72 73 42
2631 32 38
2632 35 18 67 4 29 77
2633 55 21
2634 74 61 43 78
2635 81 81 89 57
2636 39 31 101 52 13
2637 20 45 4 48 46 86
2638 74 10 11 92 28 77
2639 50 74
2640 13 12 60 32
2641 88 25 49 100 17 43
2642 83 35 10
2643 77 16 14
2644 86 40
2645 60 47
2646 31 47
2647 68 56 100 88 12
2648 81 63 39 57
2649 36 14 13 40 24
2650 76 69 41 96 61
2651 74 16 31
2652 99 67 12
2653 13 1
2654 6 73 49 94 53
2655 27 75
2656 15 75 83 82
2657 11 34 68 20
2658 34 35 1 18
2659 25 15 25
2660 52 3 95 43
2661 5 45
2662 86 63 87 67 66
2663 5 97 25 64
2664 10 72 79 38
2665 21 72 7 47 28 54
2666 41 94 43 53 23 90
2667 55 82 49 30
2668 25 67 53 79
2669 15 35 86 95 85
2670 31 12 11 5
2671 84 25 7 64
2672 62 87 86 79 56 72
2673 97 39 98
2674 37 11 19 37
2675 20 24 44 47
2676 67 70
2677 23 17 56 51 30 15
2678 53 77 93 22 94 60
2679 77 20 37 94 85
2680 76 12 40 53
2681 88 65 93 85
2682 87 95 90 26 39 100
2683 21 67 72
2684 56 42 46
2685 91 16 51
2686 62 17 22 8 67 38
2687 90 95 97 16 4 17
2688 38 28 31 37 11 65
2689 88 39 44
2690 77 58 46 95
2691 28 65 49 35 2
2692 55 85 78 42
2693 73 40 12 15 27
2694 42 43
2695 65 59 84 15 68 69
2696 31 34 56 46
2697 86 101 63
2698 85 44 54 34 84
2699 20 93
2700 54 66
2701 32 4 29 2
2702 67 94 66 58 51
2703 12 64 60 78 80 57
2704 21 39 32 9 67
2705 77 24 18 66 101
2706 66 12
2707 36 55 11
2708 77 39 74 57
2709 84 88 8
2710 36 23
2711 62 55
2712 67 92 55 52
2713 67 86 84 98
2714 72 96 66 5 51
2715 15 12 24
2716 13 10 3
2717 8 35 41
2718 37 71 93 9 81 41
2719 9 54
2720 50 56 61 52 6
2721 13 90
2722 5 13 14 97 28 26
2723 97 90 12
2724 89 26
2725 25 11
2726 85 60 22 20
2727 66 85
2728 35 22 16 18 11 38
2729 78 61
2730 54 53 76 10
2731 87 35
2732 5 31 30 94 48
2733 96 72 88 79 35 29
2734 71 80 53 73 25
2735 87 70 79 92 6
2736 21 69 77 3 36
2737 71 96
2738 9 56
2739 20 1 30 26 27
2740 16 100 76 59 36 3
2741 25 52 26 55 58 59
2742 86 77 98 22 57
2743 85 64 75 85
2744 85 65 50 41 71
2745 3 52 17 15
2746 45 60 20
2747 92 65 81 51 101
2748 17 7
2749 42 97 26 53 19
2750 49 97 9
2751 14 92
2752 33 28 62 69 4 1
2753 26 97 82
2754 52 89 75 72
2755 43 83 39 45 50 57
2756 25 96
2757 39 32 83 19
2758 6 98 87 61 100
2759 57 21 43
2760 40 35
2761 87 40 23 60
2762 90 69
2763 58 72 18
2764 28 10
2765 90 93 6 43 55
2766 43 92 43 16
2767 27 28 52
2768 24 39 35 45
2769 58 39
2770 54 95
2771 83 62
2772 35 76 63 70 73 45
2773 93 46
2774 48 4 60
2775 85 94 91 17 65 67
2776 70 8 91 10 97 75
2777 100 97 23 63 93 89
2778 76 28
2779 80 63 38
2780 24 20 13 48 63 65
2781 72 89 97
2782 26 53 14
2783 40 18
2784 48 90 81 56 52
2785 51 94 23
2786 84 2
2787 41 37 49
2788 55 84
2789 70 12
2790 1 39
2791 59 7 75 46
2792 91 51 98 94 54
2793 27 62 59 5 61
2794 100 21
2795 96 85 84 3
2796 78 98 6 99
2797 85 81
2798 92 1 34
2799 88 34 48
2800 93 11 61 17 29 64
2801 40 4 89
2802 39 23 91 72 81 73
2803 15 24 97 35 85
2804 73 69 53 75
2805 55 48
2806 68 15 82 79 31
2807 59 69 28 65 101
2808 94 93 47
2809 89 79 9
2810 59 11 29 13 15
2811 4 71 25 65 30 101
2812 98 47 28 65 33
2813 17 6 54 30 68 4
2814 54 74 9 50
2815 23 24 51 79
2816 16 68
2817 23 10
2818 20 40
2819 68 85 13 83 63
2820 26 46 17 39 28
2821 6 81
2822 7 56 22 91 54 72
2823 14 67 59 11 50
2824 98 52 44 58 36 55
2825 23 31
2826 68 72 1 33
2827 67 41 33
2828 46 7 87 40
2829 3 47 25 99 56
2830 78 19 7 12 38
2831 94 54 57 77 69
2832 9 72
2833 66 22 84 77
2834 89 79
2835 100 40 96 87 58 71
2836 28 39 92 53 79
2837 23 34 87
2838 43 87 10 20
2839 66 27 56 96 66
2840 47 22 94 38 69 100
2841 35 40 69 78 64
2842 97 77
2843 9 57
2844 93 13 96 46 10
2845 69 69
2846 65 29 31 60
2847 55 59 17 15
2848 39 28 47 18
2849 50 36
2850 24 35 90 19 17 18
2851 33 4
2852 26 57 67 51
2853 36 37 69 65
2854 69 44
2855 55 49 43 61
2856 89 64 99 37
2857 94 96 81 74 41 55
2858 24 89 23 101
2859 86 38
2860 95 40 17 71 66
2861 65 58
2862 44 62 96 54
2863 53 81 58 77 14
2864 18 84
2865 85 16 95 90 42 38
2866 40 68 6 83 53
2867 30 31
2868 24 89
2869 53 96 37 59
2870 7 57
2871 96 79 54 52
2872 79 33 49 4
2873 59 72 58 73 69
2874 33 2 37 9 34
2875 100 74 53 23 42 54
2876 83 18 75 17 19
2877 95 97 34
2878 11 64 2 51 21
2879 95 36
2880 36 16 23
2881 97 70 3 76 16 72
2882 63 69 84 87
2883 51 37 64 21
2884 49 72
2885 90 75 27 63 2 77
2886 18 60 78
2887 43 50
2888 32 21
2889 46 84 16 41 8
2890 94 87 57
2891 52 73 100 10 35
2892 64 73 1 84 79
2893 80 94
2894 11 64 20 84 24 15
2895 10 49 19 33 15 13
2896 92 9 23 78
2897 61 18 41
2898 56 35 48
2899 83 55 73
2900 38 29 84 95 21 9
2901 13 67 43 27 51
2902 46 49 70 25 59 27
2903 25 16 55 34 24 75
2904 88 80 5 21 44
2905 22 17 9 14
2906 67 83 33 1 41 43
2907 20 34 64 15 47 50
2908 54 76 58
2909 8 44 76 59
2910 68 31 12
2911 56 86 49 44 25 82
2912 69 53
2913 70 22
2914 11 76
2915 42 27 42 23 1 58
2916 32 93
2917 94 28
2918 95 28 49
2919 57 41
2920 35 64 28 46 85 29
2921 42 67 48 45 23
2922 85 5 44 48
2923 3 57 100 17 44
2924 41 89 47
2925 79 11 59 50
2926 1 73 62 54
2927 96 47 32
2928 52 84 9 54
2929 25 38 6 73 24 2
2930 93 62 78 92
2931 60 97 48
2932 30 72 53 23
2933 16 71 39 66 83 29
2934 34 30 52 18 76
2935 91 25 27
2936 25 85 15 21 44 60
2937 14 68 38
2938 29 84 5 88
2939 17 12
2940 93 15 3 97 55
2941 57 56 63 30 80
2942 100 66 24
2943 7 12 68
2944 78 14
2945 14 97 55 62
2946 37 75 95 2 49 3
2947 96 73 80
2948 60 39 15 68 71 1
2949 87 89 43 13
2950 28 20 7 57
2951 90 71 43 11
2952 13 75 73 7 12
2953 39 73 46 4
2954 5 70 57
2955 84 56 34
2956 72 100 74 19
2957 46 40 48 79 3
2958 31 10 3 101 49
2959 46 45 56
2960 64 80 69
2961 77 25
2962 88 51 55 58 90 85
2963 42 37 49 61 41
2964 79 69
2965 62 88 27 12 93
2966 68 72 67 93 62 63
2967 14 92 91 8 94
2968 95 25 29 19 79 40
2969 100 8 91 12 87 63
2970 20 61 21 1 79 36
2971 18 50 98 18 47 49
2972 83 22 11
2973 73 26
2974 18 16
2975 79 49 94 99 68 13
2976 81 16 57 34 42 74
2977 19 69 55 81 97
2978 37 62 65
2979 69 1
2980 23 76 101 73
2981 51 9 55 23 57 33
2982 56 59 14
2983 85 61 31 38 97 34
2984 65 13 55 83
2985 36 92 87 36 67
2986 87 72 24 53 44
2987 76 57 70 81
2988 52 48 59
2989 46 85
2990 23 40 19 18 89
2991 44 80
2992 29 21
2993 29 61
2994 15 11 89 5
2995 56 90 39 10
2996 43 54
2997 39 4 87 59 39
2998 79 86 82 5
2999 47 59 3
3000 85 37 43
3001 34 76 12 5
3002 42 61 64 78
3003 6 2 52
3004 64 34
3005 43 97 79 45 34
3006 79 62
3007 14 44
3008 8 45 5 28 48 1
3009 98 75 87 25 37 100
3010 26 82 59 64 50
3011 68 44
3012 29 49
3013 10 81
3014 34 53 18 47
3015 74 84
3016 7 50 52
3017 18 63 32 50
3018 100 84 52 94 37 55
3019 6 23 9 48
3020 13 76 47 98
3021 94 22 14 73 39 92
3022 15 54
3023 77 82
3024 99 9 22 42 86
3025 83 49
3026 1 54 84
3027 26 44 42 19 67
3028 44 86
3029 93 4 91 11
3030 67 94 19 71 10
3031 9 46 11 49
3032 100 24
3033 20 39 20 67 69
3034 90 32
3035 30 44 23
3036 13 99 80 41 27
3037 23 81
3038 62 67 22
3039 93 101
3040 12 19 26 38
3041 35 93
3042 70 54
3043 25 46 37 91 23 58
3044 19 65
3045 74 35
3046 44 50 38 93 30 48
3047 10 81 52 69 66 20
3048 39 59 72 31 45
3049 21 42 7 101 21 78
3050 76 65 12 98 82 44
3051 9 101 30 86 84 41
3052 39 101 69 19
3053 49 56
3054 5 42
3055 93 101 83 59 30 23
3056 25 65 62 44
3057 3 87
3058 8 10 90
3059 42 26
3060 20 18
3061 25 15 10 88 5 55
3062 64 100 15
3063 95 16
3064 42 35 20
3065 6 8 54
3066 59 43
3067 86 18
3068 37 71 33
3069 27 19 12 100 93 6
3070 76 82 61 81 22
3071 57 10 89 88
3072 1 73 84 50 94 49
3073 34 14 72 10 24
3074 70 59 78
3075 29 99 33
3076 39 68 58 99 91 56
3077 76 93 20 19
3078 76 75 66 34 92
3079 54 4 74 79
3080 49 38 23 96 39 1
3081 64 77 100 68 1 24
3082 70 93 64 37
3083 58 59 35 20 49
3084 67 76 43
3085 61 86 77 5 96 20
3086 16 50 18
3087 49 91 33 34
3088 52 94
3089 81 26 64
3090 34 13 21 58 33 94
3091 37 98 90 27 54
3092 67 74 62 20
3093 10 45 15
3094 67 14 63 23
3095 1 84 25
3096 38 9 57
3097 94 38 52 15
3098 63 23 2 44
3099 100 67 73 39 44
3100 58 68 40 48
3101 13 11 79
3102 69 36 86 39
3103 54 8
3104 44 78 22
3105 20 39 99 56 89
3106 68 90 45 64 4
3107 60 6 33
3108 62 73 64 82 4 28
3109 77 95 38 17 69 52
3110 86 30 83 6
3111 99 49 90 44 2
3112 100 74 14
3113 97 21 41 100 96 14
3114 41 56 49
3115 44 100 41 66
3116 38 32
3117 90 40
3118 74 82 85 4 45
3119 93 26 98 27
3120 66 81 76
3121 33 59
3122 60 100 2 9
3123 24 69 20 27
3124 94 6 32 30
3125 33 79
3126 26 75 83 71 52 39
3127 26 33 86 30
3128 50 90 44 100 62 49
3129 68 11
3130 71 26 22
3131 79 33
3132 13 99 13 82
3133 4 95 68 83
3134 35 1 87 55 15 45
3135 100 84 19 10
3136 80 32
3137 73 53
3138 9 18
3139 36 8 98 64 72
3140 79 37 15
3141 8 15
3142 91 82 15 42
3143 20 47 90 30 51
3144 78 88 38 41
3145 94 77 81 17
3146 33 79 50 17 51
3147 68 95 48 70 53 15
3148 92 81 95 41 83
3149 31 41 57 13 40 8
3150 7 42 57 85
3151 98 97 73 24 71 84
3152 22 82 76 4
3153 6 88 8 35
3154 5 91
3155 67 4
3156 54 43 44
3157 69 24 74
3158 68 85 21 26 60
3159 34 11
3160 74 96 69 14 28 91
3161 61 6 29 24
3162 91 75 85
3163 33 57 54 21
3164 83 60
3165 39 34 71
3166 71 72 38 85
3167 46 69 63 17 67
3168 52 11 62 56
3169 90 89 26 53
3170 12 34
3171 25 96 24 66 87
3172 67 36 17
3173 23 78
3174 28 45 9
3175 50 96 78 52 4 87
3176 59 65 5 51 99 73
3177 11 13 97 81 54 89
3178 62 25 42 11
3179 74 86 84 21 43
3180 41 84 97 31 43
3181 20 86
3182 21 12 55 80
3183 4 87
3184 70 51 79
3185 95 67 61 93
3186 20 33 12
3187 2 95
3188 70 5
3189 39 63 44 84
3190 5 72
3191 69 59 57 23 63 18
3192 20 87
3193 63 50 19
3194 90 19 59 40
3195 76 25 99 82 23 70
3196 23 14 37 33 61 42
3197 8 41
3198 14 80
3199 43 25
3200 93 57 44 16 77
3201 68 71
3202 23 64 70 18 80 100
3203 59 81 88 73
3204 91 17 3
3205 74 9 12 92 40 11
3206 59 98 31 61 92
3207 19 32
3208 100 64 63 46 24
3209 58 43 38 29 79 3
3210 89 69 56 90
3211 93 82 85 9 56
3212 37 46
3213 25 20 84 64 53 10
3214 64 98 16
3215 39 49 95 15
3216 52 14 68 6 12
3217 29 4 67 8
3218 23 83 34
3219 66 91 18 7 16 32
3220 67 8 35 54 80
3221 73 42 58 24 12 31
3222 61 3 4
3223 55 24
3224 90 96 29 89 73
3225 75 56
3226 49 98 78
3227 48 25 47 50
3228 16 42 22
3229 19 55 17
3230 19 28
3231 84 22 91
3232 93 62 17 60
3233 32 33 53 24 13
3234 64 51
3235 33 54
3236 79 18
3237 15 12 23
3238 71 39 63
3239 18 21
3240 60 57 88
3241 96 72
3242 52 66 42 25 70 29
3243 97 60 79 84 71 98
3244 53 96 50 3 51 89
3245 1 27 86 95 77
3246 84 95
3247 96 92 20 16 34 50
3248 37 33 26 14
3249 12 58 25 20 62 29
3250 91 84
3251 100 80 28 74
3252 46 60 58 42
3253 70 42 61 97
3254 14 47 33 52 74 79
3255 66 78 24 86 79
3256 98 52
3257 1 43 69
3258 80 19
3259 11 98 71 1 68 36
3260 48 25
3261 45 97 80
3262 33 39 99 54 43
3263 15 34 9
3264 11 27 82
3265 60 35 13 8 30
3266 43 11 40 94 28
3267 33 51 97 84
3268 67 84 89 42 19 75
3269 95 63 16 100 43
3270 59 90
3271 12 85 20 12 54 22
3272 37 46 64 96
3273 94 95 27
3274 52 29
3275 33 51 41 59 100 31
3276 8 87 16
3277 81 61 34
3278 98 24 39
3279 19 49 60
3280 24 49 96 94 66
3281 94 37 8 44 9
3282 59 66 25
3283 65 61 74
3284 93 79 45
3285 7 67 24 2
3286 57 34 7 101 42
3287 45 41 15
3288 35 1 66 6 12 95
3289 60 25 49 82 23
3290 72 84
3291 29 48 54 46 99
3292 24 5 56
3293 69 63 70
3294 36 70 25 34 75 20
3295 31 8 13 76 49 65
3296 38 80 40
3297 7 77 67 70 41
3298 32 1 45 7 71
3299 88 29 33 27 77 91
3300 83 32 48 78 13
3301 25 35
3302 7 70 18 80 101 77
3303 26 17 70 92
3304 67 100
3305 38 34 71
3306 36 67
3307 10 75
3308 48 51 19 23 91 17
3309 22 46 39 82 35 5
3310 79 79 57
3311 94 86 50 82 48 88
3312 90 27 36
3313 57 21 88
3314 45 25 67 60
3315 47 7 81 37
3316 48 3 56 75 79
3317 49 94 30
3318 98 16 25 51 36 80
3319 68 83 32 25 75 84
3320 47 68 55 90 71 59
3321 10 37 26 62
3322 76 90 70 11
3323 71 42 1 97
3324 40 72 84 40
3325 79 84 65 92
3326 29 36 72 17 61 15
3327 74 5 85
3328 93 99 63 61 49
3329 37 90 94 72
3330 48 82 33 59 96
3331 38 77 101 89
3332 99 36 92 84
3333 44 20 10 87 29 11
3334 57 17 59 65
3335 50 40 85 62 39 46
3336 95 97 101 50 62 45
3337 68 81 29
3338 53 87 76 14 7
3339 36 24 75 93
3340 19 26 67 64
3341 54 46 54 82
3342 55 17 36 95 92
3343 62 82
3344 49 63 43 18 86
3345 21 67
3346 4 86 15 5 24
3347 91 71 32 20 18 10
3348 7 5 21 56 28
3349 44 6 33 62 93 47
3350 49 86 6 12 81 59
3351 7 83 28 44
3352 82 68 17 63 100
3353 78 34
3354 61 51 66 80 58 83
3355 92 76 44 6 8 54
3356 35 7 19 32
3357 25 13 72 82
3358 33 55
3359 45 48 68 31 41
3360 5 39 55
3361 55 72 93 40 75 89
3362 57 72 29 41 35
3363 89 77 18
3364 94 1 29
3365 3 94 3 68 60 79
3366 20 1 73 50 94
3367 1 70
3368 36 30 88 59
3369 73 72 55 96
3370 12 93 96 88
3371 38 76 14
3372 53 51 63
3373 10 86 90 100 59
3374 36 7
3375 89 78 38 63
3376 58 97 22 31 27
3377 16 82 51 54 69
3378 84 73
3379 46 36 42 17 11 86
3380 65 80 70 1 33 42
3381 97 24 21
3382 31 18 88 15 50 49
3383 23 81
3384 32 73 71 17 82
3385 33 96 4
3386 27 23 55 3 29 30
3387 5 64 58 8 79 42
3388 81 22 69 29 79
3389 42 18 7 46
3390 71 84 31 15 63
3391 46 40
3392 5 21 25 45 15
3393 28 53
3394 84 13 43 81
3395 67 41
3396 37 24 79 9 2
3397 33 70
3398 26 1 41 22 31
3399 98 79 46 91 7 9
3400 67 67 33 29 100
3401 12 69 53 39
3402 22 24 32 15 95 14
3403 10 54 12 99
3404 76 58
3405 69 27 93 88 95
3406 16 67 25
3407 82 84 14 93 51
3408 77 28 68 100
3409 81 71 10 50
3410 69 74 59 12 10 7
3411 88 72 47 93 34 99
3412 6 85 38 86 27
3413 48 62 46 79
3414 53 24 72 46 60 9
3415 71 67
3416 64 45
3417 62 4 41 67
3418 53 93 45 85 76 11
3419 10 19 20 85 32 39
3420 89 82 8 73
3421 25 36 40 73 45 98
3422 86 86
3423 56 57 8 77 63 25
3424 1 62 87 98 2 78
3425 20 47 1 7 28 35
3426 40 12
3427 45 85 24 75 91
3428 25 22 41 33 96
3429 71 61 78 29
3430 100 30 54 81 13
3431 2 101 36 27
3432 75 20 32 71 78
3433 35 33
3434 97 76 95
3435 74 74 59
3436 5 2 25 18
3437 48 54
3438 22 68
3439 4 8 65 29 72 91
3440 62 100 65 19
3441 57 4 67 57 33 10
3442 15 87 27 24 51 2
3443 38 88 56
3444 99 88 36 47
3445 88 11 99
3446 60 89 42 101 74
3447 80 22 55
3448 16 45
3449 83 37 81 28
3450 24 75 69
3451 71 98 80
3452 83 10 74 95 99
3453 3 23 64 6 37 42
3454 95 64
3455 12 82 3 101
3456 59 70 38 29 59 66
3457 58 68
3458 14 45 41
3459 94 68
3460 21 50 21 64 97 18
3461 60 80 48 5 92 3
3462 88 6 101
3463 2 20 25 82 76
3464 83 4 10
3465 53 39 71 56 99 34
3466 81 95 101 69
3467 57 9 63 34 62
3468 69 34 37 69
3469 83 29 87
3470 58 27 74
3471 13 7
3472 45 41 13 90 46
3473 84 62 36 75
3474 48 1 92 81 97 37
3475 13 86 31 96 60
3476 55 28 65 19 91
3477 45 95 69 65 21
3478 79 68 15 24 6
3479 94 61 73 62 26
3480 12 13 34 35 73
3481 74 71 67 23 92 3
3482 72 12 5 51 40
3483 17 19 96 55 12
3484 39 93 67 72
3485 88 50
3486 55 25
3487 97 75 65 18 66 1
3488 9 54 23 86 19 2
3489 83 10
3490 91 10 4
3491 55 37 21 98 57 64
3492 35 22 35 56 53 90
3493 51 20 13 89 74 83
3494 99 12
3495 34 21 33
3496 18 71
3497 61 80 21 91 2
3498 52 92 41 96 71 13
3499 3 95 78 83 17 7
3500 89 47 8 19 20
3501 66 81 79
3502 65 51 7
3503 88 12 67 75 36 90
3504 14 89 7 25
3505 48 23 34
3506 81 77 87
3507 5 97 67 61
3508 55 100 15
3509 36 48 100 36 52
3510 54 97 13 39
3511 80 70 100
3512 71 101 53 49 22
3513 85 69 101
3514 3 15 29 56
3515 57 2 3 72 79 5
3516 29 60 18 33
3517 93 90 4 23 44
3518 84 93 76 50
3519 34 21 30 91 7
3520 23 42 57 45
3521 32 36 93 18 27 50
3522 96 32
3523 58 79 80 11
3524 23 8 32 30 14 78
3525 61 18 42 51 77 5
3526 4 24 55 8
3527 84 51 97 77
3528 62 55 36 43
3529 49 6 92 47 29 49
3530 5 55 46 24 68
3531 32 40 65 20 97 34
3532 70 12 70 99 10 101
3533 1 32 51 74
3534 15 32
3535 26 11 46 18
3536 71 60 5 84
3537 23 34 40 14
3538 66 88 74 83 34 35
3539 20 20 26 54
3540 25 28 7 4 66 64
3541 17 69 73 78 97 36
3542 58 46
3543 79 85 51 55 12
3544 71 37 63 44 64
3545 3 82
3546 50 98
3547 47 10
3548 29 11
3549 71 56 9 19 96 44
3550 9 46 17 63
3551 75 32
3552 54 55
3553 78 70
3554 43 76 63 30 8 71
3555 54 40 23 36 86 2
3556 64 41 40 12 75
3557 83 72
3558 50 61 21
3559 97 62 18 77 92
3560 4 74 84
3561 89 92
3562 13 9 30 92 28 86
3563 18 87 52 71 44 99
3564 80 22 53 10
3565 82 71 33 87
3566 23 13 45 75 74
3567 62 74
3568 3 87 4 64
3569 3 81
3570 47 23 101 99
3571 63 19 100 81
3572 7 80 60 15
3573 94 8 84 76
3574 26 92 53
3575 24 29 28 59
3576 47 58 38
3577 29 63 46
3578 5 79 29 76 26 18
3579 54 19 65 76 84
3580 98 54 1
3581 15 12 101 38
3582 31 44 33 27
3583 65 56
3584 27 97 69 89
3585 51 4
3586 28 89
3587 7 23 97 24 58 80
3588 79 3 29
3589 37 3 80
3590 39 38
3591 36 9 77 2 89 3
3592 14 84
3593 28 5 96 45 70
3594 71 49 36 9
3595 53 69
3596 57 63 62 100 44
3597 40 18 101 56
3598 87 15 95
3599 76 86 93
3600 96 45 58 29 22
3601 100 40 17 13
3602 47 46 25 83
3603 22 95
3604 41 3 47 71 14 35
3605 7 25 19 17 96
3606 42 76 32 52 74
3607 59 72 50 2
3608 95 84 90 24
3609 76 38 11 78 89 21
3610 100 27 25 89 59
3611 48 70 15 16 64
3612 35 29
3613 90 76 95
3614 44 96 72 8 101
3615 14 91 50 28
3616 20 101
3617 60 40 13 93 98 82
3618 70 80
3619 33 100 14 26
3620 50 39 91
3621 26 52
3622 13 86
3623 30 95 37 29 17 55
3624 95 1 54 18 64 14
3625 18 48 19 14 6 51
3626 13 5
3627 72 67 8 41 72
3628 89 69 73
3629 49 11
3630 9 48 50 81
3631 62 72 19 65 98
3632 51 79 76 93 62
3633 58 64 60 72 101 38
3634 59 83 25 34 60
3635 78 64 22 7 76
3636 3 100 44 82
3637 85 38
3638 49 23 72 90 2 1
3639 17 63 90 27 41 20
3640 80 90 51 43 3 45
3641 79 49 48
3642 32 13 86 21 67
3643 87 31
3644 29 4 56
3645 17 76 11
3646 15 18
3647 68 61 85
3648 54 32 83
3649 38 60 59 24
3650 73 36
3651 84 62
3652 43 91 78
3653 80 56 75 3 22
3654 76 14 44 73 80
3655 63 39 14
3656 95 47
3657 61 35 100 10 50 43
3658 31 62
3659 5 17
3660 37 22 72 2
3661 3 1 56 82
3662 59 85 51
3663 99 81 92
3664 55 61 5 21
3665 78 50 38 64
3666 57 99 85
3667 58 8
3668 31 37 77 69 16
3669 5 55 64 80 26
3670 37 98 86 66
3671 43 54 74
3672 99 27 37 50 16 100
3673 44 17 85
3674 71 100 36
3675 63 1 78 2
3676 94 39 35 28 98
3677 25 1 25
3678 69 22
3679 42 10 62 80 92 53
3680 49 22 38
3681 38 75
3682 83 67
3683 87 27 44 88 33 53
3684 60 18
3685 88 89 39
3686 9 20 91 83 81 90
3687 7 68 37 82 19 72
3688 59 75
3689 97 30 16 24 1
3690 50 64 97 29
3691 31 3 25 86 53
3692 68 98 35
3693 6 2 80 39
3694 59 24 83 58 100
3695 27 43 47
3696 6 23 89 71 53 7
3697 55 42 31 6 74 46
3698 86 14 44
3699 72 49
3700 25 26 93
3701 50 83
3702 88 1 83
3703 39 94
3704 1 8 4 58 60 26
3705 33 88 24 26 17 89
3706 35 3 83 62 67 13
3707 39 6 42
3708 100 99
3709 73 25 84
3710 60 51 38 41
3711 56 45 63 36 26
3712 3 9
3713 18 13 21 3
3714 3 29 38
3715 88 94 80 3
3716 45 56 85 7 82 65
3717 22 69 70 36 9 2
3718 93 20
3719 51 71 23
3720 35 13 90 11
3721 49 88 13 76 35
3722 25 84 92 2 93
3723 10 84 71 40 19 23
3724 64 93 35 56 71 69
3725 81 45
3726 72 19 29 22
3727 97 74 28 64
3728 10 28 72 91 36 11
3729 78 2 8
3730 30 59 96 92 97
3731 84 17 75 98 45 47
3732 30 48 6 21 89 12
3733 9 3 61
3734 60 62 34 63 94
3735 61 94
3736 98 80 41 81 26
3737 62 29 93 75
3738 95 99
3739 51 101 64 57 70 82
3740 65 48 53 101 25
3741 71 92 75 89
3742 31 12 49 10 98 13
3743 23 55 45 84 15
3744 92 1 4
3745 56 67 34 25
3746 50 13 6 24
3747 98 33 8 38 99 79
3748 55 76 90 12 15
3749 67 59 47 69 13
3750 71 51 17 1 60 98
3751 78 92
3752 25 45 44
3753 52 90
3754 28 23 81 90 6
3755 38 49 73 9 28
3756 85 71 63
3757 86 71 9 88 57 72
3758 31 94
3759 55 13
3760 72 47 93 7 27 74
3761 8 79 67 45
3762 84 4
3763 30 46 7 96
3764 97 26
3765 8 3 87 29
3766 92 59 78 81
3767 33 25 45 78 101
3768 90 92
3769 23 85
3770 66 37 1 83 67 101
3771 85 23 87 16 32
3772 90 17 59 19 100
3773 10 63 57
3774 92 34 39 97
3775 79 17 53
3776 35 72
3777 51 21 52 97 34 96
3778 36 50 100
3779 31 59 13 56 23 61
3780 90 67 58
3781 38 43
3782 8 29 99
3783 95 11
3784 62 92 39
3785 88 54 80 39
3786 47 56 101
3787 22 1 98
3788 10 17 53
3789 55 94 15 57 99 72
3790 33 55 52 82 57
3791 7 4
3792 6 98
3793 34 26 39 9 49
3794 55 99
3795 78 99
3796 40 62 89 39 96 83
3797 61 69 5 55 58
3798 69 13 28
3799 38 70 24
3800 96 93 42 91
3801 66 75 87 99 91
3802 35 54 47 70
3803 21 42 44 62 69
3804 92 26 28 54
3805 20 64 45 59 52 23
3806 40 47 95
3807 82 96
3808 64 67
3809 83 70 98 20
3810 6 95 30 16 96
3811 87 19 74 48 44
3812 10 100 83 39 48
3813 90 66 91 8 89 27
3814 86 79 32
3815 95 16 19 13 59 31
3816 47 33 15
3817 45 39 23 50
3818 80 77 4
3819 17 96 81 90 16 44
3820 60 60 35 63 30 5
3821 91 39 17 20
3822 34 85 71 98 91
3823 4 19 23
3824 33 99 43 49 69
3825 84 55 29 40 78 1
3826 40 90 53 55
3827 82 83 52 100 32 58
3828 87 59 75 101
3829 10 10 33 66 94 98
3830 96 82 29 11
3831 96 42
3832 84 43 98 6 33
3833 37 7 45 93 86
3834 93 60 23 3
3835 10 52 99 51
3836 20 60 10 7 84 69
3837 2 23 57 46
3838 20 22
3839 34 28 60 13 41 17
3840 37 24 49 98
3841 83 2 77
3842 5 100
3843 84 34
3844 38 86 99
3845 61 91
3846 23 85 19
3847 66 20 78
3848 3 85 33 59 64 66
3849 100 35 69 84
3850 59 54 101 40 1
3851 93 25 10 69 65
3852 83 30 28 82 53 20
3853 62 1 75 84
3854 50 60
3855 41 92
3856 2 47 32 62 97
3857 2 92 86
3858 82 45
3859 57 26 30 34 51
3860 12 1 58 54 101
3861 44 18 88 92
3862 14 61 72 45
3863 42 72 51 55
3864 80 17
3865 97 20
3866 39 11 59 35 3 68
3867 71 35 31 36 53 52
3868 13 56 49 12 29 15
3869 81 79
3870 14 101 58 49
3871 22 77 43 7 64 18
3872 18 3 62
3873 62 96 56
3874 22 6 64 95 58 76
3875 35 35 62 71
3876 26 32 100 33 90 81
3877 99 27
3878 99 28 38 67
3879 9 62
3880 20 4 25 23 29
3881 61 70
3882 60 89 55
3883 18 82 98 35 12 47
3884 57 61 71
3885 13 91 37 71 12 79
3886 97 66 8 59
3887 87 42
3888 11 54 45 82
3889 65 68 26 42 33
3890 67 94 95 63
3891 36 50 40 36 53
3892 23 85
3893 54 86 66
3894 91 45 73 33 96 85
3895 47 70 6 84 8 97
3896 38 3 64 80 32 75
3897 11 24 52 38 11
3898 48 17 90
3899 25 47 15 101 90
3900 47 83 101 74 91 67
3901 89 83 13
3902 27 99 5 35 68 47
3903 60 16 1 5 19 23
3904 67 10 14 73
3905 40 58
3906 48 54 84 30 99 34
3907 74 21 80 32 73 16
3908 58 24 26 22 56 38
3909 89 6 70 47
3910 77 63 31
3911 59 85 76 52
3912 65 68 93
3913 5 89
3914 99 47
3915 35 77
3916 95 47 4 20 60
3917 71 25 63 78 62 85
3918 37 30 63 7 48 26
3919 53 9 12
3920 99 64 38 47 69 91
3921 38 40 71 80 69
3922 33 63 94 4 37
3923 1 73 59 53 36
3924 40 8 28 49 59
3925 22 50 76 97
3926 8 69 7 52 35 33
3927 60 29 12 11 98 56
3928 79 41
3929 28 19
3930 59 100 34 57
3931 64 101 73 76 70 25
3932 2 8
3933 5 64 71
3934 43 29 2 21 45 73
3935 64 55 17 75
3936 85 45 65 27 22 37
3937 99 47
3938 37 44 32 65 78 36
3939 27 3 97 98 18
3940 91 99
3941 92 17 54 43
3942 10 28 69
3943 30 10 22 47
3944 35 96 20 14 82
3945 36 95 23 57 87
3946 2 4 12
3947 77 62 27 100
3948 23 58
3949 91 67 38
3950 47 97
3951 56 39
3952 69 37 64
3953 83 46 50 18 35 45
3954 71 70 96 37
3955 5 54 31
3956 35 24 99 69 11 83
3957 14 77 2
3958 97 20
3959 85 94 64 69 92
3960 29 83 3 53 17 81
3961 28 84 27 47 62
3962 29 24
3963 84 87 90
3964 64 56 27
3965 81 39 83
3966 18 45 34 63 26
3967 71 51 56 99
3968 2 17
3969 38 79 64 99 35
3970 99 37 87 58 71
3971 34 81 76
3972 13 69
3973 61 86 61 55 46 64
3974 65 38 26 72 51
3975 37 4 55
3976 45 60
3977 65 88
3978 6 67 58 86 44
3979 34 24 80
3980 94 79 12
3981 35 1
3982 28 88
3983 42 7
3984 77 33 53 88 97
3985 76 22 13
3986 30 62
3987 31 81 45 48
3988 53 49 67 19 101
3989 44 42 28 58 29
3990 76 78 84 34 4 97
3991 22 63
3992 86 8 95 60 92
3993 35 6
3994 88 91 70
3995 13 13 58 83 47
3996 18 20
3997 84 34 48
3998 20 71 10 43
3999 20 30 76 25 54 44
4000 60 78 27 58 92
4001 43 17 95
4002 61 39 68 1 36 24
4003 25 81 87 56 31 66
4004 29 2
4005 1 67 84 41 92 23
4006 1 43 62 2 24
4007 45 24 56 77 29
4008 8 74 46 25 69
4009 62 36 75
4010 14 44 11 65 84
4011 16 22 51 29 40 65
4012 90 90 3 64 73
4013 99 67 54 43 35 2
4014 99 93 73 69 62 91
4015 44 57 86
4016 22 1 34 53
4017 39 38 46
4018 63 15 30 4
4019 53 94 37 98 16 99
4020 40 97
4021 32 5
4022 87 92 8 88
4023 13 66
4024 19 38 81 50 20
4025 1 2 94 66 27 11
4026 91 22 73
4027 6 73 101
4028 71 34 49 63
4029 1 78 44 59 96 24
4030 23 41 47 17 56 44
4031 1 46 81 12 58
4032 8 63 20 38
4033 11 36 14 28
4034 8 69 2
4035 57 62 40 54 68 91
4036 33 90
4037 60 69 52 12 4 61
4038 94 88 36 64 12 39
4039 99 12 59
4040 35 92 94 4 40 36
4041 26 62 94 63 45
4042 32 54 86 33 23
4043 74 59 69
4044 62 11 21 60 41 83
4045 74 21
4046 34 94 73 9 1
4047 54 66
4048 50 53 20
4049 100 12 72 41
4050 53 91 71 36 2
4051 38 41 87
4052 87 99 92 75 82
4053 58 58 64 39 15
4054 70 89 76
4055 68 79
4056 15 99 67
4057 29 60 25
4058 90 90 75 82 76 15
4059 42 84 50
4060 92 60 100 53 9 42
4061 3 2 52
4062 52 2 73 53
4063 39 100 89
4064 32 46 56
4065 94 64
4066 12 15 65 39 27
4067 51 3 20 85
4068 98 51 75 64
4069 56 59
4070 52 100 45
4071 55 82 1 100 47
4072 37 37 35 1
4073 74 24 3 88 58
4074 46 14 66
4075 26 99 8 20 98
4076 23 48
4077 78 37
4078 54 59 51
4079 30 57
4080 80 60 17 69 11 53
4081 20 19 82 39 33
4082 46 15 44 58
4083 32 66 57 20 84
4084 58 98 41 37 23 96
4085 31 21 29 57 94
4086 71 26 64 5
4087 9 45 40 57 61
4088 80 62 75 39 3 78
4089 47 21 20 34 9
4090 64 23 70 68 79
4091 38 50 13 14
4092 64 63
4093 87 74 11 89 35 83
4094 36 34 47 48 22 24
4095 2 8
4096 96 21 65 51 58
4097 55 68 62
4098 50 51 76 69 50
4099 21 98 84 8 65 36
4100 43 81 54 66 64 25
4101 20 8 44 84 95
4102 12 96 16 49 99 98
4103 95 37 67 44 78 98
4104 25 40
4105 62 69 86
4106 27 4 21 70
4107 87 97 77
4108 18 64 73 21 33 51
4109 19 45 16 43 96 83
4110 20 90
4111 79 87 58 67 84 55
4112 77 82 25 1
4113 29 101 39 53 40
4114 34 8
4115 89 61 40 79 93
4116 25 79 10 22
4117 27 84 22
4118 30 89 82 25 78 101
4119 86 76 38 45
4120 70 39 59 94 6
4121 100 13 88 98 82 65
4122 87 65 8 49 13
4123 81 48 70 98 58
4124 49 84 10 24
4125 97 71
4126 64 37 51
4127 98 99 25 50 26
4128 31 36 83 87 37
4129 76 13 49 60
4130 63 80 19 17 73 38
4131 97 39 7 20 81 43
4132 79 65
4133 95 32 34 101 13 30
4134 51 30 66 70 73 89
4135 96 6 69
4136 15 98 41 28 44 83
4137 70 43 12 31
4138 34 94
4139 24 96
4140 14 43
4141 41 49
4142 25 74 26
4143 93 26 82 7 60 101
4144 13 42 23 54 83
4145 75 11 76 75 7
4146 13 20 64
4147 30 21 40 28 8 56
4148 35 38 65 3
4149 91 44 28
4150 78 20 11 55
4151 14 19 4
4152 4 86 10 98 74
4153 20 49 98
4154 23 61 36 14
4155 19 3 62 32 70 99
4156 63 84 28 37 11
4157 35 99 3 93
4158 55 83 59 60 26 13
4159 12 51 46
4160 32 56
4161 95 36
4162 82 12 13 93 77 68
4163 4 93 33 15
4164 98 55 68 46 7 34
4165 72 69
4166 49 50 52 56 88 22
4167 62 75 71 93
4168 68 89 73
4169 98 7 74 80 84
4170 85 46 66
4171 99 101 80 14 30
4172 97 22 95 38
4173 97 75 6
4174 31 34 61
4175 99 71 74
4176 41 73 59 81
4177 15 46 38 15 36
4178 50 6
4179 74 6 57 98
4180 90 51 19 76 18 56
4181 57 70 79
4182 21 24
4183 4 33 69
4184 29 95 34 42 91
4185 81 39 21 16 17 22
4186 9 73 37 68
4187 19 16 32 82 57 92
4188 92 77 92 34 44
4189 43 62 94 88 54 66
4190 63 43 77 89 97
4191 100 81 84 3 40
4192 37 67 26 6 24
4193 90 96 28 93
4194 26 76
4195 90 64 19 21
4196 36 70
4197 58 8
4198 29 77 29 62
4199 69 8 27 93 61 11
4200 60 13 52 73
4201 76 59
4202 30 80 48 65 59
4203 73 98
4204 1 69 95 41
4205 87 27 26 98 89 74
4206 13 13 27 73
4207 26 63 41 85 44
4208 63 98
4209 15 64 1 94 37
4210 87 61 72 48 82
4211 80 93 74 60 50
4212 29 80 73
4213 2 62 58 14 61
4214 73 90 46
4215 40 65 48 80
4216 52 47
4217 79 14 53 47 20
4218 52 22 83 17 99
4219 26 34 44 22
4220 1 60 94 15
4221 72 20 43 28 51
4222 58 21 46 33
4223 54 26 88 20
4224 29 95 93 65 24 12
4225 18 79
4226 39 19 6 40
4227 39 3 22
4228 63 36 11
4229 30 95 28 4 16
4230 78 37 30 79 55
4231 48 92 30 77
4232 6 11
4233 94 56 18 41
4234 34 76 91 93
4235 50 94 8 83
4236 9 46 3 70 54
4237 1 56 77 28 21 22
4238 41 69
4239 70 91 94 31
4240 39 77 28 19
4241 14 59
4242 29 38 98 92
4243 16 16 99 34
4244 46 18
4245 22 13 16
4246 12 27 93
4247 59 15 95 101 28
4248 93 81 13
4249 33 92 70 93 58 53
4250 55 92 73 64 99
4251 38 54 33 67 78
4252 55 47 51 21
4253 78 69 88
4254 9 81 83 97 72 61
4255 89 59
4256 9 55 68 91 12
4257 37 5 62 64 58 11
4258 31 98 68 69 93 71
4259 100 29 4 27 71
4260 44 48 57 28
4261 63 89 13 71
4262 94 2
4263 4 51 48
4264 51 38
4265 2 93 64 52
4266 68 17 87 98
4267 72 57 23 53
4268 88 79 38 40
4269 53 26 42
4270 32 46 57 76
4271 20 44 13
4272 38 64 90 4 43 29
4273 25 6 64 98 84 48
4274 13 15 57 31 26
4275 87 25 1 15 44 90
4276 65 38 31 47
4277 49 14 44 62
4278 40 33
4279 4 88 50 45 84 28
4280 35 16
4281 83 91 47 29 13
4282 52 83 17 20 65
4283 53 44 26 16
4284 70 70 60 59 44 22
4285 31 65 16
4286 60 34 87 45 74 43
4287 34 93 4
4288 39 57 53 9
4289 16 71 18 40
4290 58 84 60 95
4291 44 48 65 86
4292 61 39 33 66
4293 51 84 72
4294 79 44 19 92 32 79
4295 46 19
4296 80 67 6 101
4297 50 51 12 75 18
4298 13 86 42 2 45
4299 42 1 65 3
4300 77 42 63 69
4301 60 94 40
4302 100 80 93 8 34
4303 12 43 38 16
4304 72 87 58 67 101 91
4305 2 29 61 4
4306 80 39
4307 37 70 80 18
4308 14 29 68 66 36
4309 40 54 90 80
4310 8 72 58
4311 37 42 47
4312 99 48 8
4313 9 42 45 30 11 98
4314 40 56 4 71
4315 31 77 38
4316 72 81 12 59
4317 30 2 19 12 29
4318 96 92 6
4319 75 78 95 64 48 37
4320 96 65 75
4321 96 83 5 53 75 69
4322 44 99 34 58
4323 13 11 39
4324 30 47 15 72
4325 90 95 19 94 43 22
4326 64 72
4327 26 10 68 98 46
4328 93 92 47 29 60
4329 32 101
4330 42 3 13 28 57
4331 83 73 88
4332 62 79 42
4333 38 67 52 78
4334 95 36 35 91 38
4335 100 7 28 57 3 44
4336 90 38 18 87 58 21
4337 81 57 66 8 85 98
4338 35 73
4339 35 36 29
4340 85 39 27 37 9 5
4341 69 99 10 26 51
4342 98 64 20 35 25
4343 83 73 94
4344 74 65 18
4345 80 6 48 93
4346 77 70 99
4347 45 37 60 1
4348 52 93 33 100
4349 72 23
4350 56 82 34 60
4351 24 81 97
4352 39 89 13 2 36 17
4353 64 54 6 40 18 64
4354 36 51 71 35 1 89
4355 95 86
4356 60 37 50
4357 70 61 26 39
4358 69 11 97 62 5 48
4359 64 47 83 54 55 88
4360 11 79 100 10
4361 58 67 35
4362 59 8 96 42 46
4363 3 32 50 53 99
4364 8 74 67 53
4365 82 33 7 90 87
4366 41 82 19 15 39
4367 3 4 8
4368 25 55 45 67 36
4369 3 72 99 43 65 68
4370 98 37 21 77
4371 78 48 44 12 100 53
4372 30 54 92 61 43
4373 53 2
4374 96 89 60
4375 80 11
4376 39 26 30 68
4377 69 32 34 43 23
4378 87 99
4379 88 84 76 78
4380 63 27 32 67
4381 22 63 77 50 39
4382 63 75 84
4383 15 7 22 13
4384 23 34 30
4385 39 33 39 7 82 68
4386 70 14 35 28 54 3
4387 79 10
4388 73 12 101 20 10 19
4389 28 35 16 39 93 68
4390 38 18 68 76 84 45
4391 39 32
4392 92 47 86 101
4393 95 31 98 56
4394 19 3 2 26 100
4395 66 20 98 73
4396 85 33
4397 52 81 95
4398 87 83 98 16 96
4399 22 48 17 60 47 88
4400 46 28 74 61 79
4401 94 9 56 40
4402 73 55 15
4403 83 76
4404 76 31 13 17 43 60
4405 29 18
4406 39 21 76 49
4407 100 69 94 8 82
4408 94 22 49 63 25 27
4409 58 88 26 92 66
4410 84 87 67 91 15 22
4411 8 39 95
4412 46 19
4413 90 59 95 46
4414 75 22 95 4 3
4415 16 73
4416 24 70 56 53
4417 46 77 38
4418 57 74 19 37 35
4419 98 65 56
4420 64 18 57 87
4421 18 28 31 97
4422 11 66
4423 39 50
4424 28 58 76 38 60
4425 21 93
4426 19 17
4427 41 5 4 3 48
4428 67 77
4429 95 77 49 31 99
4430 40 55 22 72 38
4431 95 71 86 52 78 74
4432 51 63 75 44 49 18
4433 26 15
4434 3 64 59 44
4435 80 10
4436 25 16 45 33
4437 86 94 97 54
4438 16 12 71 57
4439 79 17
4440 52 99 69
4441 44 33 11 36 55 97
4442 59 18
4443 75 55 45 54
4444 85 10
4445 82 30 22
4446 79 29 33 65
4447 28 95 22 66 44
4448 13 57
4449 37 4 84 74 67
4450 11 31 93
4451 63 94 25 44 15 57
4452 42 24
4453 30 101 4
4454 74 90 37
4455 24 6
4456 29 28
4457 33 40 5 97 45 58
4458 91 58 101 17 16
4459 24 61 58 100 57 6
4460 41 81 3 37
4461 99 39 101 84
4462 59 42 75 27
4463 1 77 21
4464 33 95 59 11 4 15
4465 97 68 24 64 85 83
4466 20 13
4467 3 65 5 22 83
4468 20 33
4469 72 57 46
4470 34 63 2
4471 72 99 44 92
4472 30 70 9 77
4473 16 9 98 43
4474 27 15
4475 74 20 19 50
4476 64 62 35 32 95
4477 81 82 59
4478 59 9
4479 24 11
4480 99 68 26
4481 43 52 63 78 50
4482 63 91 90 77
4483 19 18 88 95 73
4484 43 12 16
4485 86 52 28 70 101 85
4486 89 72 88
4487 11 2 52 65 9
4488 55 94 44 14 49 90
4489 86 36 97 38
4490 36 43 63 7
4491 3 100
4492 30 74 45 10 78 91
4493 37 64 82 100 55 72
4494 96 19 99 5
4495 65 49
4496 85 21 70 79 29
4497 69 34 49
4498 48 9 47 4 100
4499 49 24 41 62 34 31
4500 58 44 89 31 20 1
4501 46 6 20 50 86 70
4502 32 46 16 96
4503 70 39 19 66 94 44
4504 3 85
4505 21 18 47 64
4506 74 96 29
4507 55 38 11 47
4508 80 85 30 33 6 44
4509 22 85 53 14 21
4510 10 14 77 68 43
4511 24 86 74
4512 90 42 78 37 55 14
4513 11 79 33
4514 98 33 18 58
4515 23 45 88 41
4516 51 71 45
4517 17 58 2 79 82
4518 42 93 95 63 15 75
4519 82 57
4520 30 90 61 72 55
4521 61 54
4522 89 92 33 37 11 74
4523 92 91 72 34 70 45
4524 23 10 39 82 58
4525 91 95 62 79 43 54
4526 85 54 55 32 59 37
4527 24 56
4528 6 17
4529 40 67 11 91
4530 47 65
4531 63 76 52
4532 46 22 84 94
4533 46 67 36
4534 22 7 10 77 17
4535 10 40
4536 15 20
4537 17 65 31 49
4538 96 1 25
4539 87 86 23
4540 52 87 48 19 72 31
4541 67 70 2 7 80
4542 15 43 88 9 14 58
4543 10 1 101 82
4544 36 84 57 79
4545 89 21 78 43
4546 25 41 24
4547 62 1 38 62
4548 94 28 88 20 58 101
4549 56 29
4550 87 38 71 3
4551 15 86 54 81 31
4552 37 66 40 18
4553 29 14
4554 59 63 92
4555 97 44 26 15 38 7
4556 21 36
4557 77 73 62 3
4558 87 53 82 85 91 11
4559 21 75 32 13 50
4560 28 71 93 26 88
4561 79 83 43
4562 37 34 36 25 51 15
4563 95 72 94 49
4564 55 63 18 89 81
4565 20 1 19 87 17 79
4566 15 39 74
4567 58 40
4568 20 48 22
4569 81 100 80 64 60
4570 59 100 31 66
4571 77 21 17 62 66
4572 48 19 98 28 41
4573 90 87
4574 51 37 9 36
4575 10 4
4576 15 43 77
4577 98 67
4578 89 74 10
4579 86 76 36 74 29
4580 79 52 61 99 41
4581 28 25
4582 60 81 55 97
4583 34 14 73
4584 22 59 62 40 18
4585 65 83 57
4586 1 94 65
4587 63 7 46
4588 9 2 85 47 46 66
4589 71 78 54
4590 21 85 81 13
4591 6 26 79
4592 12 49
4593 100 17 72 22 52 94
4594 33 51 83
4595 18 41 61
4596 100 75 99 83 19 64
4597 21 4 86 7
4598 17 33 85 7 67 30
4599 80 93 88 61
4600 22 84
4601 60 65 8 55 44 16
4602 94 85 20 99 47
4603 89 88 76 80 93 8
4604 41 73
4605 60 58 88 52
4606 37 14 88 48 46 54
4607 10 6 29 86 15
4608 32 89 57 97
4609 55 51 7
4610 4 44 83 35 39 22
4611 55 6 91 10 21
4612 21 16 1 78
4613 35 51 66 72 7 9
4614 86 28 15 85 70
4615 49 66 22 97 67 17
4616 60 9 45 83 60 40
4617 33 96
4618 49 48 84 22 92
4619 56 87 14
4620 46 2 24 88
4621 45 80 16 100 66
4622 35 43 71 60
4623 95 55 17 99 87
4624 19 5 96 72 4 45
4625 82 14 56
4626 9 12
4627 66 94 67 43 26 76
4628 80 48
4629 98 87 2 46 64
4630 80 73
4631 5 1
4632 13 36 67 39 33 21
4633 76 52 42 21 13
4634 87 32 36 41 19 84
4635 32 59
4636 98 77 9 88 101
4637 48 90 101 4 6 52
4638 6 77 27 97 14 6
4639 93 28 89 67
4640 52 75 50 37 19
4641 27 17 87 11 6 24
4642 76 27 7 66 10
4643 3 62
4644 19 1 17 100 12
4645 99 81 54 16 92 21
4646 83 94 96 52 8 42
4647 45 58 12 10 8 43
4648 70 58 4 81 7
4649 2 77 91 72 96 43
4650 34 18 85 80 96 100
4651 65 43
4652 11 71 20 100
4653 4 96 67 6 73
4654 88 71 16
4655 63 61 58
4656 69 21 38
4657 6 70
4658 79 1
4659 27 56 97 63 84
4660 24 100
4661 78 34 90 50 52
4662 3 13 12 63 19
4663 5 34 42 11
4664 26 46 39 32
4665 31 80 83 16
4666 65 54 78
4667 77 61 66 65 49
4668 80 68
4669 79 9 72
4670 67 32 27
4671 34 94 86 82 14
4672 9 59 14
4673 39 80
4674 18 47
4675 95 52 76 57 67 100
4676 75 90 4 12
4677 95 4 34
4678 64 30
4679 31 42 48 59
4680 93 2 1 17 41
4681 70 49 42 84 6
4682 57 66 95 12 23
4683 81 29 17 45
4684 79 54 27 24 65 96
4685 81 10 6 94
4686 95 21 89
4687 83 88 58 77 19
4688 94 47 28 65 48 97
4689 3 72 4 84 70
4690 48 100 54 57 79 75
4691 24 85 16 1
4692 41 91 25
4693 92 89
4694 74 83 33 22 25
4695 26 35 40 33
4696 25 28 91
4697 99 30 57 29
4698 78 11 1 15 7
4699 64 74
4700 79 90 56 52 27 48
4701 64 97
4702 58 4
4703 40 21 29 13 7 63
4704 60 34 53 60 4
4705 18 57 62 52
4706 4 79 9
4707 75 65
4708 97 54 58 65 64
4709 89 20 74 45 47
4710 36 89 19
4711 45 26 36
4712 31 54 92 34
4713 4 73 9
4714 53 27 72 21
4715 36 73
4716 5 59 41 85 50 31
4717 70 27
4718 65 18
4719 98 57 7 1 89 24
4720 45 76 15 30 27 44
4721 46 24 73
4722 6 70 2 44
4723 17 53 24 5 82
4724 89 67 3 2
4725 9 25 78 80 27
4726 90 50 69 68
4727 4 14 93 8 42 46
4728 91 54 81 83 62 73
4729 88 77 90 41 85
4730 99 58 14
4731 19 72 100 11
4732 99 82 39 52 95
4733 73 56 12 35 18
4734 97 26 70 19
4735 4 42
4736 3 42 1 33 56
4737 96 90 86 48 26
4738 81 65 60
4739 20 26
4740 26 19 24 67
4741 56 16 18 61
4742 82 87 91 56
4743 30 61 26 68
4744 71 28
4745 85 53 71
4746 24 25 9 43
4747 40 21 29 90 91
4748 99 66 29
4749 94 67
4750 96 10 76 93
4751 72 75 95 42 33 65
4752 44 69 49 65 92
4753 91 92 20
4754 3 3 34 50 80
4755 7 9 52 93 17
4756 61 18 78 19 10 8
4757 77 75 51 73 52
4758 43 69 10
4759 77 74 69 68
4760 28 64 90 16 13
4761 17 31 45 14 54
4762 3 69 26 78 39 67
4763 42 15 5
4764 50 25 69
4765 36 87
4766 22 99 42
4767 71 18
4768 79 10 86 34 14
4769 45 63 60 57
4770 99 27 33 70
4771 23 51 68 81 9 83
4772 78 53 58
4773 2 100 69 87 38
4774 13 82
4775 97 31 35 70
4776 37 30
4777 3 35 63 77
4778 70 18 3 100 97 77
4779 54 87
4780 52 87 51 54 99
4781 8 67 65 21 4
4782 29 36 72 97 59
4783 86 17 48 21 69
4784 90 93 18 30
4785 95 26 40 14 95 9
4786 66 58 87 10 13
4787 86 75 5 8 52
4788 32 60 20 27
4789 73 43
4790 68 64 79
4791 2 81
4792 1 31
4793 4 10 44 32 5 20
4794 17 80
4795 29 2 96 79 81
4796 12 48
4797 5 87 2
4798 44 47 98 70 42
4799 26 49 69 55 20
4800 28 93
4801 50 47 43
4802 92 6
4803 37 4
4804 27 53 71 66 3 15
4805 88 68 58
4806 99 27
4807 15 7 27 54 75
4808 31 97
4809 14 76 26
4810 12 64 100 6
4811 77 64 26 97 4
4812 56 83 92 99 66
4813 64 57 60 42
4814 10 29 21 52 60 92
4815 84 80 71 77
4816 76 41 88 79
4817 11 98 84 36 38 26
4818 59 3 41
4819 100 46
4820 11 45 50
4821 33 6 17 64 71
4822 99 43 25 17 96 34
4823 84 99 98
4824 86 73
4825 3 20 40 92 53
4826 25 41 86 11 48
4827 12 15 43 32
4828 93 75 50 91
4829 39 2
4830 44 81 71 56
4831 5 3 90
4832 53 53 21 8 88
4833 74 97 22 14 10
4834 20 38 62 41 88
4835 54 53
4836 52 32 59 73 13
4837 42 83 77 57 15
4838 4 52 20
4839 5 101 75 55 78 56
4840 6 34
4841 11 84 37 68
4842 45 80 75
4843 12 74 95
4844 12 41 9 53 100 48
4845 9 87 98 100 69 30
4846 60 20
4847 14 74 15 97 59
4848 39 87 45 5 76
4849 75 97 85 71 84 50
4850 56 62 90
4851 69 37 28 98 81
4852 57 2
4853 41 96 56 80
4854 66 37 17 78 44
4855 7 80 11 51
4856 82 48 63 56
4857 70 19 39 7
4858 11 1
4859 9 34 66 80
4860 47 41 2 49 47
4861 76 75 98 25 82 27
4862 72 34 39 52 5 14
4863 99 20 40 82
4864 21 49 19 62
4865 51 69
4866 2 3 28 19 56 80
4867 59 52 65 59 92 9
4868 65 16 25 17 62
4869 59 55 13
4870 88 56 89 51 61
4871 92 21
4872 60 95 17
4873 18 54 50
4874 59 57 48 40
4875 55 19
4876 28 89 47 39
4877 54 3 25 45 69
4878 5 40 32 28 53
4879 14 83 46
4880 55 31 92 61 32 96
4881 33 29 96 99 39
4882 57 100 101
4883 11 29 63 26
4884 42 25 9
4885 31 1 32 11
4886 52 32
4887 91 62 58
4888 96 89 37 23
4889 49 57 7 14
4890 36 6 92 78
4891 48 98 56
4892 11 51 20 52 31 66
4893 91 73 67 96 69
4894 73 8 32 28
4895 72 66 27
4896 63 53 65 63
4897 81 15 29 42 81 97
4898 91 99
4899 85 17 30 28 21
4900 77 43 32
4901 24 2 72 99
4902 96 37 12 76 3
4903 46 95
4904 33 81 38 41 54 44
4905 98 80 13
4906 55 18 86
4907 97 58 93 81
4908 72 98 31 1 11
4909 56 20 33
4910 53 12 78 61 62 23
4911 9 51 28
4912 99 47
4913 86 35 2
4914 34 85 59 66
4915 99 49
4916 73 58
4917 86 42 51 84 65
4918 70 51 49 39 84
4919 75 63
4920 17 90 89 98
4921 94 15 80 63 35 16
4922 61 62 45 26
4923 68 31 14
4924 28 81 2 35 94 101
4925 82 62 97
4926 35 78
4927 23 6
4928 95 97 39
4929 54 14 53 20 11 15
4930 89 84
4931 6 18 15 13 69 54
4932 3 27 68 100 37 31
4933 79 75 99 27 5
4934 73 46 41 96
4935 72 15 48
4936 4 36
4937 11 92 78 22
4938 42 20 90
4939 83 48 70 3 88
4940 80 51
4941 26 28 23
4942 98 45 98 100 97
4943 63 69 14
4944 45 15 44 10
4945 54 52 58 31
4946 22 92 71 5 75
4947 12 100 9
4948 73 99
4949 56 19 12 33
4950 5 45 62 79 1
4951 85 48 35 32 66
4952 88 35 61 40 11 92
4953 31 52 16
4954 93 2 18
4955 58 38 98 89 1 94
4956 71 22 35 58 18
4957 24 42 68
4958 74 39 24 76 42 10
4959 12 3
4960 26 63 5 17 57 30
4961 71 85 28
4962 24 9
4963 4 49
4964 64 93 80 35 76
4965 46 66 62 75
4966 33 40
4967 65 2 97 73 68 74
4968 70 8 79 98
4969 46 47 16 74 95 15
4970 22 92 68 6 21
4971 3 61
4972 80 55 43 68 41
4973 73 49 85 4 47 54
4974 34 77
4975 14 69 28 84 31
4976 6 8 97 77 13
4977 3 53
4978 14 17 39
4979 12 31
4980 33 8
4981 63 101 45 35
4982 80 39
4983 93 6 22
4984 73 27 92 80
4985 23 98 84 37 50 3
4986 1 70 58 25 96 41
4987 72 91 80 10 18
4988 3 77 90 28 12
4989 67 66 10 38
4990 32 51 62 7 21 59
4991 30 6
4992 73 51 25 47 68
4993 47 60
4994 76 76 96 95 98 14
4995 90 58
4996 64 88 5 37 43
4997 95 24
4998 40 59 11 69 71
4999 87 63 48 22 56 21
5000 77 45 27 25
