101 100
1 69 383
2 59 166
3 60 601
4 65 826
5 31 246
6 31 686
7 80 187
8 65 859
9 34 420
10 12 819
11 49 623
12 40 678
13 7 382
14 85 915
15 25 815
16 61 424
17 11 163
18 33 269
19 4 255
20 48 103
21 89 836
22 70 493
23 97 526
24 38 423
25 74 703
26 32 529
27 5 856
28 37 768
29 100 44
30 16 618
31 79 522
32 45 647
33 74 582
34 93 815
35 50 553
36 57 860
37 11 757
38 84 19
39 64 368
40 94 495
41 61 148
42 8 244
43 82 942
44 62 239
45 20 131
46 14 651
47 2 508
48 6 402
49 39 652
50 49 916
51 64 609
52 80 555
53 56 159
54 81 212
55 90 15
56 92 950
57 100 515
58 88 57
59 41 389
60 68 456
61 8 570
62 100 164
63 78 563
64 77 457
65 71 328
66 28 879
67 42 28
68 75 24
69 46 757
70 59 438
71 41 203
72 10 778
73 84 208
74 32 764
75 7 523
76 95 677
77 74 14
78 72 932
79 64 222
80 56 827
81 98 739
82 69 943
83 72 40
84 44 47
85 69 67
86 7 639
87 61 100
88 38 49
89 87 988
90 71 388
91 66 482
92 54 74
93 48 806
94 86 572
95 96 783
96 99 855
97 23 798
98 89 226
99 44 872
100 8 113
101 13 625
1 163 83
2 197 65
3 145 89
4 299 20
5 452 55
6 221 48
7 361 76
8 178 15
9 255 35
10 125 73
11 450 99
12 295 40
13 379 53
14 237 44
15 228 38
16 376 48
17 192 45
18 219 54
19 447 31
20 378 97
21 187 23
22 425 63
23 494 76
24 328 95
25 216 56
26 346 76
27 203 50
28 270 98
29 271 28
30 240 41
31 345 65
32 334 60
33 399 13
34 396 12
35 247 21
36 116 92
37 271 65
38 452 56
39 489 21
40 377 32
41 480 99
42 411 73
43 183 27
44 197 80
45 251 78
46 217 76
47 139 93
48 480 78
49 455 20
50 357 84
51 381 23
52 281 31
53 225 74
54 159 41
55 128 99
56 357 14
57 321 75
58 126 91
59 384 54
60 277 29
61 238 42
62 242 28
63 264 93
64 459 47
65 253 28
66 288 23
67 168 69
68 420 56
69 176 79
70 258 92
71 189 20
72 172 90
73 447 15
74 446 92
75 496 22
76 205 35
77 296 44
78 118 43
79 332 65
80 307 26
81 387 32
82 269 93
83 387 83
84 192 76
85 136 20
86 349 77
87 384 65
88 451 54
89 157 15
90 395 10
91 155 73
92 135 72
93 473 84
94 240 87
95 225 99
96 394 98
97 460 88
98 340 27
99 498 31
100 100 64
1 19 7 72 67 101 21
2 74 72 47 12 52 49
3 40 24 52 8 12
4 71 8 2 5 23
5 83 82 8 27
6 85 70 55 92 31
7 1 97 85 29 31 41
8 21 95 98 73 21
9 24 3
10 98 24 14 32 47 37
11 39 8
12 65 40
13 53 43 63 16 17
14 22 31 78 16 98 29
15 98 51 90 5 13
16 61 1 20 85
17 18 14
18 45 29 55 22
19 84 88 31
20 91 2 54
21 75 79 11 56 12
22 36 14 27 29 17
23 1 8
24 20 43 90 58 84 76
25 23 89 96 8 33
26 30 45 68 15 57 88
27 53 73
28 27 2 32 55 63
29 64 70 26 49 90
30 35 74 76 65
31 89 62 36
32 21 84 46 71 36 62
33 41 83 20 82 34
34 82 69 59
35 60 7
36 60 73 8
37 67 16
38 42 82 16 4
39 29 46 73
40 37 56 39
41 41 7 92 18 3 69
42 100 2 30 22 59 66
43 29 56 5 65 41 15
44 96 47
45 9 46
46 73 87 8 57 72 78
47 83 62 43
48 30 71
49 65 48 100
50 32 99 5 4 69 89
51 94 92 68 30 18
52 38 65 30 42 57 85
53 29 26 35 96
54 52 59 73 89
55 33 75 68
56 32 54
57 5 50 10 37
58 57 71 48 62
59 61 7
60 78 14
61 42 63
62 91 55
63 22 20 32 25
64 74 50 1
65 20 41 37 96 24 64
66 72 81 21 52 27 44
67 52 44 63 38 28
68 24 98 75 91 61
69 57 40 83 33 72
70 53 14 26 81 84
71 11 12 81 69
72 43 68 89 23 15
73 98 42 9 36 57
74 72 66 15 4 87
75 2 97
76 15 65 85 52 78
77 70 26
78 43 86 3 21
79 49 62 32 35
80 63 63 17 34 23 18
81 17 86 46 60 71 70
82 97 63 42 19 55 16
83 85 28 67 6
84 73 76 24 23 87 82
85 85 47 81
86 1 37 97 31
87 18 35 52 97 98 7
88 89 23 32 3 29 6
89 48 41 97 81
90 64 78
91 31 61 4 49
92 30 71 21
93 17 35 71 9 72
94 41 48
95 32 62 97 27 80 52
96 5 100 18 60
97 87 35 76 43
98 20 72
99 13 93 3 74 67 13
100 49 78 71 2 83
101 74 12 64 54 60
102 6 23 43
103 54 2 34
104 1 101 3 8 42
105 56 23 64
106 87 48 7 19 49 47
107 30 74 44
108 53 75
109 49 43
110 96 37 32 49 100
111 74 12 58 10
112 100 41 49 98
113 62 74 7 98 57 58
114 40 79 98 93
115 11 22
116 35 32 16 100 35
117 48 28 66 45 32
118 17 21 67 92 82 100
119 18 69 42 85 65 33
120 27 67
121 8 20 15
122 47 96 82 55 59
123 12 45 101 24
124 80 70 77
125 19 59 19 32
126 90 9
127 62 54 21 94 66
128 90 94 75 45
129 6 25
130 82 80 58
131 52 45 52
132 13 30 6
133 63 4 20
134 78 99 82
135 79 25 37 21 100 18
136 60 44
137 20 40 43 10 73 70
138 42 52 47
139 77 74 63 52 79 6
140 57 41 64 61 24
141 44 84
142 63 89 73 32
143 18 97
144 9 100
145 73 40 89 79 49
146 46 42 27
147 10 48 46 32 87 22
148 11 50 1 58 90 70
149 51 19 60 33 15
150 82 56 16 41
151 11 81 57 40 44
152 71 36 87 15 51 14
153 31 48 84 52 44
154 55 98
155 61 31 87 57
156 18 20 11 13
157 15 22 68 33 37
158 79 66
159 32 58
160 31 73 89
161 72 57
162 36 36 40 11 65
163 75 59 63 72
164 69 77 30 12 10
165 34 51 26 1 88 56
166 50 39
167 34 85
168 28 53
169 34 3 78
170 98 93 33 56
171 45 78 100
172 60 77 71 12 47
173 40 17
174 66 1 95
175 41 55 75
176 16 57 7 33
177 33 22 88 73 10 31
178 55 12 35
179 44 83 5 96
180 47 86 64 50 17
181 66 6 13 53
182 74 96 61 10 5 26
183 29 85 22 51 97
184 90 5 27
185 3 67 49
186 40 80
187 23 55
188 98 61 99 2
189 28 92 89 15
190 68 33
191 92 74 24 33 95
192 85 64
193 50 2 33 8 32 66
194 43 8 72 75
195 27 60
196 70 11 3 30 46 12
197 73 77 48 22 29
198 8 17 72 78 45
199 67 9 101 15
200 40 16 15 45 30 32
201 66 50
202 88 65
203 27 98 86 29 85
204 12 25 52 71
205 94 74 100
206 64 26 65 40
207 16 44 34 85 48 39
208 89 59 86 40 66 96
209 73 3
210 89 23 91
211 25 11
212 16 31 23
213 71 45 95 40
214 55 73
215 50 46 35 87 7 71
216 63 55 84 2 64
217 10 68 60 99 59
218 34 30 32 1
219 37 10
220 45 58 90 39 75
221 68 55 77
222 25 55 49 22 26 77
223 99 87 68 66 71
224 6 52 19 44 77
225 56 67 77 57 29 84
226 67 83 77 51 45
227 23 21 61 13 65
228 5 40 28 38 42 67
229 52 91 95 100 10
230 37 14
231 96 47 48
232 3 97 61
233 6 93 92 28 70 45
234 75 33 80 21 60
235 64 76 45
236 11 90 93
237 27 38 30 33
238 66 94
239 14 1 38 49 16 15
240 71 91 81 93 86
241 52 26 87
242 34 12 31
243 76 75 1 32
244 48 1 10
245 14 32 80
246 35 53 92
247 53 32 95 82
248 88 94 13
249 51 50
250 18 59 74 20 21
251 54 98
252 44 96 68 80 89 88
253 80 96 1 54
254 72 85 71
255 29 87 17 94
256 49 72 64 54 91 62
257 8 85 30 41 71 67
258 12 49 2 71
259 67 52 78 71 44
260 18 47 24 86 34
261 80 80 9 26 73
262 34 55 47
263 36 15 97
264 1 80 43
265 26 15 83 31 3
266 27 21
267 20 40 68 44 62
268 59 72
269 5 89 61 25 30 4
270 58 49 16
271 38 13 98 82 19
272 86 45 91 4 67
273 79 46
274 72 53
275 92 57 53 64 75 74
276 45 13 65 74 31
277 59 48 41 96 14 23
278 39 91 22 96 100
279 4 23 87 73 18
280 66 59 20 26
281 86 60 47 55 36
282 60 68 10 87
283 17 101 75 22
284 21 8 32
285 25 81 99 10 2 46
286 92 68 80
287 38 1
288 97 95 89 101 92 93
289 95 2
290 85 38 84 82 83 23
291 5 1 95
292 32 77 54 1 34
293 2 63 58 97 73 21
294 34 10
295 64 28
296 51 79
297 71 43 46
298 99 83
299 23 81 73 60 62 2
300 96 95
301 51 33 26 95 29
302 99 53 89 92 24 37
303 12 38 43 68 58 97
304 50 87
305 42 66 54 92
306 51 29 22 101 60 32
307 33 32 43 65 71
308 81 57 69
309 83 30 85
310 57 90 74 20 75 69
311 100 12 84
312 43 29 20 85
313 2 28 52 72 64 58
314 17 21
315 38 18 47
316 2 44 34 42
317 54 78 4 94
318 93 64
319 96 71 51 84 28
320 10 98
321 55 99 82 6 79 64
322 76 42
323 13 13 68 27
324 65 57 65 4 50 23
325 26 67 39 74 66 89
326 3 77 32 59 10 80
327 56 96 21 37 38
328 52 63 16
329 74 19
330 51 48 74
331 66 42 93
332 26 48 16
333 37 72 65
334 37 101 81
335 10 25
336 13 62 90 32
337 89 36 2
338 76 40 57 5 66 97
339 67 40 99 100
340 71 41 78
341 18 79 8
342 40 27 91 2
343 75 27 81 94 96 97
344 60 101
345 8 28 14 54 80 86
346 35 21 45 6 74
347 16 17 95 55
348 47 13 98 20 53 18
349 32 7 8 24 46
350 34 14 39 89 34 94
351 78 7 91 67 89 37
352 38 99 92 31 40 55
353 44 37 11 21
354 29 48
355 25 101 67
356 27 86 74 48 35
357 50 1
358 91 57 38
359 74 37 99 27
360 58 86 22 76
361 21 27
362 64 97 9
363 9 54 7
364 47 67 9 99 93 41
365 45 98 96 86 27
366 6 61 46 56
367 53 13 48 23 5
368 53 26 80 15
369 35 97 25
370 35 53
371 78 2
372 6 37 1 46
373 31 17 92 3 68 98
374 32 19
375 80 7 37 45
376 17 18 32
377 65 44 26 87 34 19
378 78 95 76 56 55 32
379 22 72 47
380 80 20 5 52 85 60
381 83 82 42 30 35 57
382 46 91 23 56 17 66
383 17 1 30 88
384 55 5 2 49 62 6
385 53 100
386 82 37 45 13 5
387 59 17 55
388 42 64 85 11 88
389 7 25 2 29 82 61
390 66 36
391 96 24 68
392 70 69
393 20 28 61
394 100 23 40 37 18
395 1 72
396 34 38
397 72 26 41 9 37
398 10 15 97 47 9
399 15 24
400 60 57 61
401 13 33 100 12 64 76
402 74 50 43 70 23 36
403 54 92 59
404 42 49 8
405 1 98 63
406 28 15
407 43 81 56
408 39 94 51
409 36 34 33 64 60 90
410 22 73 35
411 94 85 32 63 75
412 3 93 85
413 42 9 42
414 18 40 13 70
415 89 25 28
416 24 78 10 22
417 59 91 74 83 68 15
418 65 47
419 88 71
420 55 64 4 32 66 24
421 90 70 91 41
422 12 29 3 75
423 57 19 26 41
424 60 13 6 9
425 72 52 68
426 63 96
427 50 66 101
428 9 54 20 89 33 29
429 3 30 50 8 33 84
430 76 4 55 56
431 28 81 32 31 1
432 1 28 31 101 52
433 11 27 54 72
434 9 11 69
435 76 31 49 67 47 42
436 85 12 20 13
437 84 41
438 90 93 30 66
439 47 6 7
440 8 58 23
441 39 83 29
442 51 50 4
443 14 55 57 93
444 43 96 92 101
445 74 88 37
446 34 85
447 36 46
448 44 38 39 53 97 95
449 57 96
450 4 97 5
451 60 10 45 41
452 29 97
453 76 69
454 13 7 19 79 72
455 95 79 95
456 38 2 68 93 61 29
457 44 95 70 3
458 46 64 74 3 12
459 97 60 49 75 30
460 22 91 67 46 24
461 13 70 83 26 57
462 75 34 16 25 68
463 83 44 73 21 13
464 44 77 2 50 45 49
465 21 20 72 69
466 13 54 14 25 47 44
467 58 38 63 61
468 21 97 42 25 92 64
469 41 21 54 49 5 43
470 29 80 34 27 51
471 5 34 68 16 60 8
472 26 99 68 13
473 9 83
474 89 60 8 94 86 83
475 88 88
476 67 53 40
477 70 15 58 13 10
478 2 40 19 75 98 20
479 88 7
480 22 67 64 8
481 36 39 58 38 82 69
482 3 23 58 6 8
483 39 20 90
484 62 53 88 10 30
485 90 60 101 79 98 6
486 28 97 22 55 32 23
487 80 11 63
488 84 63 25
489 76 66 35
490 80 7 23
491 62 62 64 90 41
492 37 91 101 64 100 52
493 34 15 78 70 84
494 45 64 87
495 10 16 26 75 82
496 73 29 15 5 19 14
497 69 17
498 79 50 56 72 6
499 72 18
500 66 90 76 27 56 43
501 76 45
502 20 21 69 54 6
503 89 82 70
504 30 60 69 100 56
505 25 8 57 17 73 86
506 89 84
507 57 8 65 68 88
508 39 72 74 100 92
509 54 4 99 23
510 28 50 51
511 5 97 93 65
512 71 40 68 11 65
513 9 16 86
514 18 29
515 51 83 10
516 97 55
517 39 53 76
518 54 73 68 100 2 19
519 55 79 58 83 34
520 55 38 96 65 89
521 45 48 81 65 55
522 74 45 71 34 98
523 29 25
524 27 27 25 38 26 19
525 16 23 92 73
526 6 92
527 66 90 78 17
528 16 29 30
529 56 91 55
530 60 40 3 62
531 84 86 17 19 39 47
532 5 80 99 34
533 88 4 10
534 22 47 43
535 29 44
536 59 48 5 11 8 101
537 19 13 55 37 15
538 77 61 32 93 54 89
539 34 29
540 68 76
541 15 36 72 19
542 92 15 63 33
543 53 93 19
544 68 57 35 79 14
545 30 23
546 24 49 16 55 63
547 26 78 22 56 15 60
548 51 19 80 48 61
549 52 58 63
550 65 11 100 58 89 3
551 28 8 61 30
552 73 36 53 89 42 18
553 42 68 100
554 13 90
555 21 55 43 11 46
556 76 93 75
557 40 79 54
558 38 56 13 18 92 23
559 46 61
560 49 100 62 48
561 58 90 75 12
562 4 85 51 10 54 34
563 71 89 6 101 53
564 90 98
565 33 60 88 83 46 97
566 89 95
567 86 71
568 67 55
569 44 74 20 99 94
570 51 56 3
571 49 16 75 96 80 33
572 6 91 22
573 70 42 100 21
574 48 7 60 3 48
575 88 32
576 25 19 71 64 14
577 36 20
578 34 80
579 87 70 89 55 76 63
580 20 61 66
581 24 24
582 72 84 91
583 31 64 25
584 72 63 4 62 51 9
585 95 11 22 7 71
586 70 40 77 29 23 30
587 25 48 71 34
588 62 57
589 89 63 28
590 70 4 21 94 61 98
591 34 75 29 24 43 34
592 90 45 91 93 14 36
593 100 87 3 96 47 92
594 87 77 98 21 64
595 67 66
596 33 46 72 41
597 51 50 67 86 79
598 58 73 68 48
599 70 78 80 79 35 51
600 54 51 2 95 73 70
601 21 88
602 59 69
603 57 28
604 66 88 29 18
605 9 38 3 97 67 35
606 11 53
607 95 79 24 101 14 33
608 45 55 10 93 4 32
609 88 28 22 47 13 97
610 85 44 2 50
611 63 23 60 12
612 12 35 69 32 83
613 60 29 90 36 65 15
614 39 30
615 46 4 92 22
616 61 30 86 7 9
617 52 35 54 68 76 55
618 34 76 32 15
619 48 6
620 66 94
621 39 1 79 27
622 30 90 52 78 14 2
623 6 101
624 84 40 41 93 74
625 36 15 18 71 36 72
626 35 92 35
627 85 31 101 99 39 4
628 5 35 12 98 87 4
629 99 83 44 85 32 58
630 92 87
631 23 75 78
632 14 56 16 4 51
633 15 19 50 12 26 32
634 3 70
635 10 95 52 44
636 79 100 71 94 89
637 100 93
638 53 28 26 7 52 101
639 19 72 67 49 5
640 61 54
641 17 10 19 89 15
642 13 61 52 3 11
643 64 47 2 58 12 77
644 94 14
645 90 9 1
646 54 51 44 48 57 17
647 91 81 73
648 42 63
649 16 14
650 97 35 58 16
651 61 82 88 46 62 87
652 92 19 85
653 28 38 1 62
654 33 51 95
655 72 68 14
656 91 60
657 69 44 82 87
658 91 27 18 9 56
659 11 97 52 15 72
660 84 54 101 15
661 90 63 84 65 89 23
662 44 43 25 58
663 6 2 64 61 18 31
664 70 43 73 86
665 41 40 75 76
666 54 34 73
667 82 32
668 65 79 8 81 69 48
669 43 41 75 97
670 19 41
671 50 15 73 59
672 26 78 22
673 74 85 86 32 19
674 63 83 29 99 88 77
675 20 78 67 28 99 2
676 17 12
677 72 58
678 81 99 42 52 86 29
679 6 27 7 65
680 20 46 55 7 15
681 26 35 47
682 1 29 50 66
683 19 8 17
684 64 13 46 77 63 22
685 28 85 20 35 94 42
686 69 75 88 32 23
687 69 83 46
688 37 48 13 90
689 53 2
690 37 84 100 91
691 78 70 37 54 92
692 58 73
693 69 17 12
694 2 83
695 34 19 78 25 69 5
696 97 44 97 72 8 35
697 54 78 67 94
698 16 88 15 64
699 79 43 38 48 73 32
700 3 47
701 7 81
702 7 91 10 47
703 35 14 65 98 26
704 65 10
705 45 42 92 28
706 3 57 55
707 27 101 76 12 45 53
708 61 91 32
709 75 65 43 35
710 77 33 63 85 61
711 5 22 10 13 54
712 48 16
713 50 40 82 50 68 72
714 82 37 44
715 56 20
716 70 5 22 42
717 76 84 89 62 61
718 44 13 50 22 53 2
719 65 42 99 32 90
720 18 81
721 40 14 20 11
722 77 88 37 52 30 26
723 21 71 41 60
724 25 97 15
725 8 68 60
726 29 43
727 69 101 23 15 13 75
728 36 36 81 71
729 75 52 67 68
730 63 101 15 25 75 47
731 66 86 51 34 54
732 80 39 33 18 46 16
733 20 33 84 85 10
734 44 6 19 83 93
735 67 80
736 60 76 84 26 3
737 86 69 80
738 98 70
739 30 18 46 31 21 26
740 48 51 3 27 36 57
741 75 46 24
742 94 15 84
743 87 12 51 35 71 23
744 85 18
745 13 13
746 64 96 83
747 32 55 17 81 21 54
748 20 64 39 72
749 100 60 74 42 92
750 15 25 54 35
751 17 83
752 86 80 23 92
753 81 68 3
754 31 88 50 12 78 27
755 15 24
756 79 24 86
757 34 13 8 96 19 61
758 42 8 5
759 24 82 91 89 71 95
760 71 86 53 36
761 44 34 8 29 90 5
762 87 99
763 72 26
764 79 14 65 17 23
765 62 30 100
766 48 2 6 83
767 97 69 39 90
768 71 97 58 82
769 72 56
770 32 61
771 61 57 12 74 17 39
772 37 7 96 95 9 6
773 5 49 66 31
774 20 53 68 82
775 39 7 71
776 88 99 34 24 82 59
777 7 28 42 56 27 21
778 40 34 96 25
779 19 6 81
780 54 29
781 44 11 68 82 76
782 26 98 35 38 61 9
783 65 12 16 33
784 38 63 52
785 28 30 14
786 16 84 98 12 14 88
787 75 72 56 93
788 53 91 19 18 76
789 17 89 71 32 87 83
790 32 96 69 77 84
791 63 89 2 87
792 33 58 94
793 82 30 88 51 56
794 31 84 41 76 78 98
795 86 3 17 77 6 45
796 17 13 92 52 51
797 60 27 30 32
798 91 9 54 74 58
799 57 97 21 67 55
800 30 54 38 76
801 45 16 61 78 19 5
802 17 35
803 93 1 95 31 30
804 58 35 18 52 37 82
805 10 25 6
806 29 47 95
807 41 25 67
808 9 97 35 71 91 8
809 61 76 43 39 78
810 29 43 20 73
811 5 9 21 60 87 49
812 82 66
813 93 57 34 47
814 75 70 76
815 5 49
816 74 50
817 99 48 18
818 94 10 83
819 44 95 91 63
820 53 83 10 37 95
821 73 60 45 10 31
822 16 84 81 88 61
823 65 63 18 45 8
824 38 35 99 36 73 101
825 46 32 47
826 53 70 85
827 55 82 42 34 53
828 30 3 72 9 8 31
829 21 101 62 1 71 63
830 4 68 27
831 79 17 65 50 93 55
832 53 31 81 56 79 9
833 70 8 54 88 55
834 41 87 11 24 50 96
835 31 28 79
836 71 78 63 100 45 14
837 59 15 54 1 97
838 58 12 79
839 32 27
840 66 58 22
841 68 10 4 43 34 52
842 98 65 2
843 2 68 9
844 24 63 20 91 40 61
845 31 98 29 95 12 43
846 33 32 1 61 73
847 29 82 51
848 72 64
849 54 32 2 68 6 46
850 35 70
851 55 7
852 62 43 2 72 52
853 91 92 56
854 98 88
855 30 17 81 40 3
856 11 17 44 66
857 24 65 91
858 29 19 93 26 44
859 71 23 68 49 56
860 100 76
861 1 38 70 84 59 8
862 21 17 41 86
863 100 70
864 99 26 90 69 70 97
865 95 70 45 33 94 27
866 92 9 37 97
867 21 48 84 15 47
868 91 30
869 21 74
870 45 22 97 80 14 79
871 87 19 2
872 73 20 64 28 79 55
873 100 61 11 55 40
874 23 27 4 44 6 30
875 70 49 96
876 50 91 98 19 92 43
877 14 96 78 92 70 33
878 49 48 39 53 58
879 11 2 99 38 30
880 16 60 97 11
881 96 53 11 85 26
882 79 36 28
883 31 45
884 67 86 72 39 96 78
885 10 33 49 84
886 19 91 8 77 82
887 78 6 93 92 17 3
888 6 22 88 21
889 14 62
890 70 101 75 71
891 53 90 31 94
892 72 3 8 50 67
893 25 92 39
894 7 80 36 72 47 5
895 63 83 43 36 29
896 50 45
897 57 72 58 40 31
898 83 52 80 34
899 25 61 3 63 60 99
900 40 13 63 82 69
901 85 50 9 24
902 100 57 70
903 62 48 63 45 78 79
904 98 84 45 4
905 47 19
906 48 35 76 55 41
907 51 61 53 38 1
908 84 75 43 99
909 36 99
910 50 22
911 88 62
912 80 64
913 19 22 21 51 68 71
914 73 14 56
915 1 3
916 37 81 23 26 41 95
917 32 73 41 85 101 56
918 4 101 7 84
919 27 7 15 78 48
920 54 95
921 27 43 84 2 15
922 62 12
923 47 32 73 94 15 48
924 38 16
925 95 71 38 42 26 91
926 63 51 64 83 95 69
927 3 41 78
928 45 92 10
929 45 18
930 17 48
931 32 71 99 74 87
932 27 93 57 3 29 30
933 96 24 101 46 98
934 36 32 92 49 19
935 3 37 90 89
936 80 43 66
937 22 49 48
938 68 69 48
939 28 38
940 67 73 31 82
941 23 74 60 10 56 41
942 78 25
943 7 77 92 26 39 46
944 25 53 91 76 24 38
945 33 59 83 77
946 29 101
947 16 88
948 35 13 46
949 18 1 53
950 58 55
951 67 96 41
952 67 9 67 98
953 20 5 24
954 47 64 20 38 100
955 27 58 63 89
956 85 14 12 79
957 62 13 1 41
958 81 93 43 63 78
959 21 32
960 53 6
961 19 101 86 44 3
962 70 49
963 25 82 44 10
964 86 97
965 68 1 27 23
966 99 5 82
967 28 95
968 4 91 5 8
969 59 14 78 37
970 63 50 100 30
971 18 71
972 93 69 5 15 49
973 41 76
974 86 31
975 23 84 71
976 38 18 51 33
977 16 68 43 85 10 92
978 38 91 57 16
979 20 35 59
980 6 22 95 59 17 74
981 49 6 72 77
982 13 23
983 74 98
984 40 34 25 100
985 69 98 31 59 36 101
986 29 16 10
987 48 57 31
988 29 12
989 54 1 16 15 63 40
990 8 41 83 8 13
991 29 5
992 71 47 39 20
993 68 99 84
994 15 2
995 64 40
996 6 100 40
997 66 87 91 66
998 19 93 5 41
999 19 89 11 51 26 19
1000 15 33 54
1001 7 73 62 12 77 48
1002 65 78 22 34
1003 59 38 10 6 53 26
1004 90 62 73
1005 10 57 98 74
1006 59 8 71 40
1007 60 60 78
1008 68 82 68 22 56
1009 64 9 55
1010 31 18 6
1011 32 61 28 43
1012 79 65
1013 82 1 82 29 94
1014 90 17 92 95 25
1015 29 23
1016 27 73 67 66 60 55
1017 88 75 70
1018 79 38 84 12 17 33
1019 73 11 46 87 32 38
1020 78 19
1021 99 62
1022 50 88 74 17 44 10
1023 18 80 37 65 97
1024 34 10
1025 50 84
1026 18 28 50
1027 14 41 14 28 22 70
1028 59 44 3 52 95
1029 59 42 95 17
1030 71 45 96
1031 61 55 61 86 97
1032 26 48
1033 27 80 2 21 33
1034 60 69 39 96 30
1035 50 97
1036 83 89 1 73 11 25
1037 74 65 11 16
1038 72 9 98 96 42 36
1039 86 93 77
1040 30 91
1041 15 38 29
1042 56 14 87 38 21
1043 63 19 85 54 58
1044 24 22 6 27
1045 45 38 64 53 7 28
1046 42 21 100
1047 87 20 61 40 19
1048 21 59 3 18 100
1049 26 2 87 84
1050 84 100 58 19 39
1051 28 9 27 50 25
1052 57 33 79 25 41
1053 7 40 84 31
1054 68 96 12 93 45 70
1055 36 29 23
1056 3 83 5
1057 94 14 97 71
1058 63 16 49 21 70 99
1059 67 11 9 27
1060 16 24 46 43 69
1061 5 26
1062 44 23
1063 60 45 18
1064 84 63 1
1065 36 26 37 31 79 95
1066 68 15 29 58
1067 8 29
1068 51 89 62 74 31
1069 88 1 47 36
1070 5 64 65
1071 28 76
1072 94 94 33 53
1073 76 31
1074 8 35 31 83
1075 60 76 49 100 93 38
1076 7 72 97
1077 21 57 31 64 43
1078 70 23 9 7 84
1079 56 46 1
1080 99 78 34 69 49
1081 18 11 74 36
1082 23 16 60
1083 11 89
1084 98 42 101 100 94 35
1085 27 73 34 97
1086 78 5 72 35
1087 34 101 14 68
1088 79 4 80 67
1089 21 31 69 25 48 78
1090 73 63 26
1091 74 11 34 94 33
1092 9 97 57 84 67
1093 11 34 10
1094 55 13 7
1095 87 2 85 39 100
1096 87 2 9 20 83 85
1097 64 2 46 67
1098 94 38
1099 42 4 51 58 2 89
1100 42 92 68 86 40
1101 43 14
1102 71 82
1103 4 31
1104 74 100 75 70
1105 93 88
1106 49 18 71
1107 42 9 21 84 67
1108 47 45 50
1109 25 100 49
1110 39 72 54 63 50
1111 12 54 45 37 81
1112 71 20 75 35
1113 11 58
1114 25 50 27
1115 5 9
1116 43 56 22 29 18 17
1117 2 1 78
1118 35 18
1119 54 90
1120 2 50 17 68 15 98
1121 94 72
1122 37 60 1 67
1123 78 52 43 70
1124 8 75
1125 43 19 33
1126 89 94 13 51 63
1127 17 80 32 59 69 73
1128 89 97 73
1129 55 38 62 98
1130 83 96 50 51
1131 42 82 67 65 18
1132 98 94 14 91 15
1133 75 23 92
1134 53 88 17 59 12 71
1135 67 95 24
1136 3 27 96 93 32 92
1137 54 82 23
1138 16 5 99 52 24 72
1139 81 20 39
1140 2 37 59
1141 3 1
1142 88 40 19 66 12
1143 46 23 31 29
1144 82 95 12 86
1145 43 98 87 36 28 5
1146 14 5 95
1147 97 31 35 1
1148 37 35 36 80 90
1149 36 38 27
1150 93 82 19 46
1151 91 83 97 29
1152 83 11 84 46 67
1153 89 7 49 13 93 84
1154 16 26 86 84 65
1155 38 34 50
1156 78 91 56 30
1157 95 99 3 83
1158 83 92 43 13 70 33
1159 50 30
1160 35 22 26 53 47
1161 34 30 66 59 94 61
1162 2 96 37 92
1163 40 7
1164 34 82
1165 91 17
1166 2 11 45
1167 34 63 35 82 41 15
1168 94 32 91 12 47
1169 42 34 7
1170 53 54 70
1171 89 65
1172 52 98 27 45
1173 37 45 91 3 17
1174 78 79 98 60 95 47
1175 3 97
1176 34 15
1177 76 52 10
1178 77 43 32 7
1179 99 70 87 32 57 78
1180 88 40 101 63 3 33
1181 9 7 101 88 14
1182 20 10 58 41 89 5
1183 85 52 62 84 101 93
1184 13 95 14
1185 3 96 33 37 13
1186 98 36 37 76 28
1187 67 85 7 40
1188 82 6 18 52 81 39
1189 52 85 59 3 80 101
1190 86 54 56 79 49
1191 40 28 29 53 80 32
1192 57 44 79 28 80
1193 66 21 82 54
1194 100 17 75 48 34
1195 82 82
1196 2 42 22 85
1197 55 2
1198 88 94 86 93
1199 69 36 9
1200 17 98 101 81 54 18
1201 53 75 14 97 99 43
1202 18 25 80 34 28 43
1203 35 21 28 65 50 78
1204 3 21 64 50
1205 39 2 21 84 61
1206 64 54 86 67 2
1207 80 80
1208 74 46 17 33
1209 46 28 24 75
1210 88 61
1211 79 70
1212 94 32 67 68 26 84
1213 82 79 89
1214 41 77
1215 1 18 44 58 43 35
1216 85 38 27 85
1217 42 2 89
1218 33 26 18 69 40
1219 40 61 32 79
1220 77 80 93 81 78
1221 66 55 73 89 66
1222 23 98 78 92 40 62
1223 26 43 94 47 26
1224 30 4 31 71 65
1225 81 83 12 1
1226 83 34 7 54
1227 97 14 55 87
1228 33 96
1229 73 43 89 36
1230 40 71
1231 7 86 11 91 52
1232 78 96 39
1233 95 65 90 74 20
1234 31 101 61 72 52 41
1235 42 74 84 28
1236 44 81 62 77 54
1237 32 89 27 54 19 61
1238 2 43 75 61
1239 22 57
1240 40 58 10 65 86 44
1241 93 90 45 46 64
1242 7 89 62
1243 39 37 65
1244 7 47 94
1245 35 100 19 48 87
1246 27 57 53
1247 66 80 67 49 10
1248 100 5 100 58 9 38
1249 39 95 80 16
1250 2 59 99 46 24 20
1251 94 51 50 72 99
1252 13 56
1253 89 75 31 66 30
1254 6 95 78
1255 67 99
1256 76 43 56 97 87 21
1257 97 4 79 41 81
1258 91 20 38
1259 52 80
1260 66 49 60
1261 77 3 57 40 101
1262 49 55 7 99 68 3
1263 88 98 43
1264 95 65
1265 94 78 40 62
1266 60 66
1267 27 9 77 67 95
1268 63 21
1269 21 89 92
1270 81 72 47 93 27 34
1271 53 69 64 2 15 30
1272 67 79 53 20 39 46
1273 60 39 31 54 84
1274 68 24 66 97
1275 93 90
1276 78 24 34 58 63
1277 57 27 91 22
1278 58 15 62 46 74
1279 81 35
1280 37 21 67
1281 14 13
1282 56 87 25 32 66
1283 78 33
1284 18 66 37 87 97 56
1285 89 77 95 16 48 44
1286 57 3 35 27 11
1287 2 53 68 33 13
1288 82 12 71
1289 14 37
1290 36 32 15
1291 22 13 20 33
1292 15 1 69 58
1293 68 11 100 82
1294 45 42 97
1295 36 51
1296 8 93 21 98 3 44
1297 82 88
1298 71 101
1299 6 46 38 86 7 42
1300 82 3 67 69 84 87
1301 44 16
1302 12 78 22 52
1303 63 5
1304 49 64
1305 81 18 51 90 97 99
1306 75 57 92 99 71 66
1307 25 88 21 35 68 49
1308 50 9
1309 7 29 99 20 73 82
1310 74 55
1311 97 49
1312 50 63
1313 50 60
1314 12 90 2
1315 54 61 97 51 69 68
1316 78 73 89 85
1317 85 13 30 94 79
1318 56 34 76 84 60
1319 93 81 98
1320 8 38
1321 89 16 24 35 62 67
1322 53 29 93
1323 78 83 16 52 60
1324 98 1 32 69
1325 12 2 48 100
1326 71 85
1327 46 58 89 2 11
1328 65 46 49 15 11 98
1329 24 50 101 62 66 60
1330 44 46 19 76 68 18
1331 20 28 85
1332 4 63 65
1333 22 39 85 19 56 28
1334 74 99 28
1335 76 13 29 47 88 85
1336 29 77 70 55 91
1337 94 101 74
1338 58 39 14
1339 69 80 28
1340 63 18 55 30
1341 21 82 67
1342 19 93 83 31 67
1343 59 33 45 55 37 38
1344 71 87
1345 75 6 66 55
1346 66 17 89 98
1347 9 30
1348 61 97 32 9 23
1349 74 62 79 19
1350 93 17
1351 39 56 59 70 98 74
1352 17 49 93
1353 98 80 85 48 15
1354 54 83 50 96 61
1355 80 81 61 21 84
1356 25 27
1357 75 85
1358 12 32 49 83 54 22
1359 34 61 53 13 59
1360 3 78 85 59 76
1361 56 24
1362 28 54 84 43 62
1363 67 45 2 100 86 8
1364 71 44 99 81 52
1365 24 56 40 44
1366 11 94 44 49 14 90
1367 81 56 19
1368 88 12 39 24 67
1369 51 83 17
1370 60 7
1371 52 67 10
1372 98 78 68 5
1373 15 22 34 76 74 21
1374 21 28 13 89 63
1375 33 55 97
1376 43 61 59 54
1377 19 24 64
1378 7 2
1379 44 66 80 69 101
1380 6 10 25
1381 1 9
1382 92 61 24 99 47
1383 82 94 56 41 79 26
1384 82 39 6
1385 23 71 36
1386 89 53 61 27 17 89
1387 44 86
1388 70 75 80 58 61
1389 33 60
1390 39 75 20 57 34
1391 82 56
1392 27 72 70 67 62 73
1393 67 63 81 12 59 58
1394 82 82 16 14
1395 6 84
1396 71 17
1397 74 57 95 31
1398 73 96 40 41 24 78
1399 11 1
1400 66 98
1401 20 43 12 70
1402 82 80 66 20 47 91
1403 50 48 101 43 27 75
1404 54 85
1405 14 3 41 7 27 63
1406 86 101 49 5 99
1407 17 42 32 7 64 2
1408 29 58
1409 62 19 88 2 24 43
1410 71 10 53
1411 26 79 85 18
1412 14 49
1413 5 69 24 52 65 12
1414 85 65 54 18
1415 62 68 44 18
1416 92 34
1417 71 61
1418 29 32
1419 14 67 19 97
1420 51 57 73 54
1421 53 39 83 18
1422 57 58 49 27 21
1423 88 11 17 86 44 4
1424 35 37 15 63 97 66
1425 35 94 7
1426 84 75 15
1427 14 81 60
1428 29 59 97 54 68 49
1429 32 27 44 95 50
1430 25 11 62 27
1431 13 7 84 68
1432 82 43 75 65 9
1433 11 67 20 42 88 50
1434 24 42
1435 11 33
1436 75 70 6 57 66 95
1437 24 4 92 82
1438 58 80 2 23
1439 98 80 78 86 101 73
1440 76 27 72 71
1441 85 25 7
1442 38 69
1443 44 65 19 2 55 77
1444 54 85 83 84
1445 68 76 94 34 28
1446 31 97 19 78
1447 1 60 13 36 101
1448 60 4 51
1449 93 19 70 22
1450 43 75 35 98
1451 49 76 83 36
1452 51 31 60 49 97
1453 50 101 100 92 76 99
1454 48 56 38
1455 39 63 71 48 78
1456 27 57 58 92 97 24
1457 17 30 93
1458 27 36 43
1459 89 54 59 97
1460 40 19 96
1461 4 86 61 92 68 40
1462 31 62
1463 34 56 27 8 97 39
1464 52 50 30 9
1465 64 33 87 32 66
1466 13 92
1467 97 92 51 101
1468 56 3 29
1469 63 94 65 40 36 87
1470 65 38 88 35 67 78
1471 22 97 7
1472 30 9 35
1473 71 3 41 75 30 17
1474 36 81
1475 4 41
1476 23 50
1477 49 83 71 58
1478 99 21 37 32 83
1479 28 69 48 87
1480 11 5
1481 42 101 10 23
1482 2 37
1483 76 63
1484 78 54
1485 48 53 1
1486 96 89 36 66 100
1487 82 59 5 85
1488 61 63 56 25 82 71
1489 94 96
1490 60 19 45 42
1491 2 38 58 24 80 48
1492 10 50 62 82
1493 46 98
1494 11 22 32 3 99 72
1495 49 33 1 8 41
1496 94 14
1497 11 14 18 38 59
1498 50 24 29 90
1499 70 21 39 34 29
1500 24 58 4
1501 86 84 82 30 35 83
1502 31 69
1503 74 17 90 19 96 41
1504 52 78 90 26
1505 53 13
1506 79 26
1507 49 21 47 74
1508 57 17 94
1509 51 49
1510 40 86 33 10 27 34
1511 68 1 11 50 21
1512 62 101 32
1513 11 22 19
1514 2 35 22 21 1
1515 74 79 100 30 11 76
1516 53 37 25
1517 97 40 28 11 100
1518 73 89 55 1 4
1519 63 47 29
1520 94 101 4
1521 86 57
1522 80 45 44 57
1523 62 62 88 101 4 24
1524 80 89 62
1525 97 43 41 2 90
1526 2 43 44 10 99 14
1527 15 95 9 72
1528 39 15 84 21 96 27
1529 24 12 99 72 56
1530 81 68 37 90 75 70
1531 99 40 59 79
1532 85 97 74 1
1533 31 25 63 18
1534 46 8 63
1535 52 16 49 6
1536 16 20 75
1537 79 59 26
1538 62 61 2 28 27
1539 28 36 52 101 49
1540 15 79 15 80
1541 90 88 18 65
1542 4 20 101 70
1543 83 30
1544 30 11
1545 86 30 43 68
1546 27 92 9 57
1547 48 59 56 70 28 87
1548 21 96 52 25 45 43
1549 100 90
1550 95 38
1551 36 97 67 79 101 26
1552 5 56 21 96 20
1553 94 77 9
1554 45 90 36 64 2
1555 45 60
1556 77 47 7
1557 4 21 79 64
1558 69 53 9 73 74 95
1559 54 45 76
1560 60 43 83 96 53 33
1561 34 15 33 2
1562 34 53 4 31 16 100
1563 85 9 70 1 25
1564 59 83 23
1565 69 56 36 54 35
1566 91 62 79 12
1567 51 47 69 78 91 99
1568 69 72 49
1569 10 35 100 80
1570 6 84 19 48
1571 32 22 25 35
1572 47 92
1573 27 67 20
1574 81 93 47 22 54
1575 31 20 80 52 94
1576 99 34
1577 8 73 68 62 3
1578 33 96 68
1579 44 80 73 85 41 3
1580 87 5 59 85 70
1581 52 84 35 49
1582 94 7 56 4
1583 10 2 69
1584 72 64 9 28 19
1585 86 33 99 21 77 97
1586 59 90 91 24 38
1587 19 6 67 87 62 51
1588 61 70 51 31 55 75
1589 71 98 65 6 58
1590 89 76
1591 54 54
1592 86 2 51 82
1593 51 92 77 34 47
1594 41 36 48
1595 14 70 45 79 55
1596 47 82 6 62 94 79
1597 67 32 51 76 62
1598 32 25 37 52 17 97
1599 13 89 58
1600 66 55 40 56
1601 17 21 92 99 50 19
1602 24 77 29 1
1603 64 51 31
1604 42 99
1605 45 73 98 72 10
1606 29 50
1607 8 12 58 9 71
1608 49 3 24 25
1609 91 93 4
1610 9 97 64 20 48 80
1611 17 101 35 98 10
1612 39 22 40 31 17
1613 62 53
1614 48 28 100
1615 72 39 74 15
1616 19 79 49 53 86 1
1617 79 23 84 4 41
1618 87 84
1619 97 17 31 35 7
1620 58 68
1621 88 47 82 97 83
1622 78 55 14
1623 81 43 23 28 37 88
1624 44 58 72
1625 28 61 34 59 2 66
1626 100 19
1627 90 82 32 19
1628 12 51 40 45
1629 96 7 18
1630 20 75 47 88 5
1631 82 42 65
1632 28 67 94 91 42
1633 75 72 54
1634 99 56 36 8 29
1635 67 18 99 24 6
1636 50 96 14
1637 48 26 52
1638 93 44 99 88 69 49
1639 18 4 31 55 19 50
1640 87 35
1641 59 71 50 64
1642 73 28
1643 64 91 56 47 19 76
1644 77 89 6 33 25 51
1645 48 29 44 81
1646 10 9 54 36 55 19
1647 98 1 72
1648 75 60 1 79
1649 72 2 71 25
1650 76 13
1651 91 30 42 57 15 82
1652 35 55 53 37
1653 25 92
1654 98 16
1655 51 10 96 90 22 27
1656 33 57 91 38 90 84
1657 32 61
1658 19 68
1659 83 44
1660 100 60
1661 56 88 67 13 47
1662 39 18 54 1 60
1663 88 99 70 40 18
1664 38 99 40 30 23 61
1665 14 17 84
1666 36 93 8 65 57
1667 71 59 16 58 10 32
1668 41 98 4 40 61
1669 25 37 33 53
1670 96 38 39
1671 92 30 22 41 73
1672 61 95 62 48
1673 75 31 10 43 53 101
1674 14 4 79 26 46
1675 89 34 68 13 100 50
1676 85 39
1677 38 16 40 59 88 62
1678 52 87 29 15
1679 13 22 47
1680 90 97 35
1681 97 86 22 87 52
1682 72 98 71
1683 19 18 31
1684 37 74
1685 11 89 19 39 81
1686 50 48
1687 96 70 51 42 93 38
1688 49 66 23
1689 3 39 36
1690 96 79
1691 45 35 32 29
1692 18 44 99
1693 50 15 29 42
1694 84 100 41 22 60
1695 97 90 61 19 78 25
1696 13 64 100 50 16 57
1697 9 25 11 54 10
1698 41 9 101 76
1699 52 97 90 33
1700 15 56
1701 10 52 63 35 9 54
1702 85 66 36 68 87
1703 81 81
1704 95 7 73 84 54 34
1705 27 68 69 96 99 95
1706 64 55 80
1707 64 73 19 6 10 65
1708 53 53
1709 23 9
1710 78 17 89 35 58
1711 30 82 35 6 45
1712 81 75 85 68
1713 49 90 8 50 76 83
1714 53 3 83 91
1715 13 22 4 94
1716 37 80 93 57
1717 25 64 32 45 29 42
1718 18 27 4 58 50 20
1719 59 51 2
1720 95 52 40
1721 35 89 93 35
1722 78 78 26 35 2
1723 48 15 77
1724 89 67
1725 22 7 94
1726 95 53 86
1727 2 68 49 23 61
1728 89 18
1729 65 67 32 35
1730 94 98 21
1731 91 83 86 56 29
1732 96 72 90
1733 48 77 74 37 13 9
1734 84 99
1735 50 90 96 71
1736 19 58 35 20
1737 25 96 68 54
1738 29 36
1739 21 33 90 74 96 10
1740 11 46 20
1741 54 3 62 47
1742 90 13 71 79 70 23
1743 29 35 63
1744 61 11 53 20
1745 47 84 81 75 32
1746 48 4 14 35
1747 69 58 97 8 23 26
1748 59 19 95 62
1749 75 55 64
1750 88 5 47
1751 46 12 87 49
1752 41 12 8 79 9 26
1753 92 24 77 21 9
1754 59 36 4
1755 57 53 84 100 93
1756 98 37
1757 60 100 92
1758 42 69 51
1759 55 39
1760 11 52 19 36
1761 53 53 48 56 72
1762 9 95 75
1763 58 44 53 63
1764 78 30
1765 35 48 20 78
1766 54 67 55 70
1767 1 94 76 10
1768 2 83 74 11 65 69
1769 48 27 16
1770 29 12
1771 50 65 29 17
1772 42 68 40 17 60 39
1773 8 87 44
1774 78 71 21 37
1775 52 43
1776 50 26 95 49 2
1777 27 2 59 24
1778 70 43 97 87
1779 81 2 26 44 58 64
1780 75 68 61 94 95 70
1781 31 34 84
1782 44 100 96 81 53
1783 64 35 30 89 81 2
1784 70 81 83 56 42 97
1785 59 79 64 45 67
1786 91 16 88 26 76 57
1787 80 2 28
1788 67 49
1789 3 8 79 14 6 26
1790 23 10 30 44 57 16
1791 22 34 36 79
1792 95 89 8 80
1793 24 25 45 34
1794 3 57 74
1795 19 54 37 29 78 53
1796 72 56 13
1797 9 43
1798 36 93 5 17 83
1799 6 65 3 7
1800 49 3 59
1801 47 56 75 27
1802 96 76 11 62 88 95
1803 35 4 35 96 53 46
1804 23 70 9 19
1805 60 68 97
1806 45 30 77
1807 45 76 78 24 50 33
1808 54 30 13
1809 40 28 16 44
1810 70 77 87 100 39 37
1811 6 74
1812 42 54 57 37
1813 72 90
1814 16 60 98 57
1815 28 85 60 46
1816 85 54 82 17 13 41
1817 41 22 64 60 52
1818 24 50
1819 35 46 70 36 98 90
1820 99 6 16 70
1821 74 54 31 84
1822 53 76 58 52 23
1823 60 37 77 39 63
1824 88 48 94 7 88
1825 31 24 5 23 67
1826 10 30 64 76
1827 48 64 40 11 73
1828 44 34 85 92 41
1829 93 7 43
1830 81 21
1831 70 12 2
1832 32 11 53 5 31 100
1833 71 85
1834 89 61 89
1835 28 51 64 4
1836 78 49 99 18 40
1837 11 98 100 13
1838 6 24 58 97
1839 4 98 51 36
1840 22 61 38 99 14 17
1841 7 59 30 77 82
1842 98 51 82
1843 17 62 28
1844 31 7 101
1845 63 68 64 61
1846 87 97 86
1847 28 37 97 3 81
1848 69 62 50 78
1849 56 55 75
1850 34 65
1851 91 91 85
1852 51 88 69 56
1853 23 47 83
1854 69 47
1855 83 55 90
1856 26 75 85 17 80 89
1857 85 85 59 23 92 17
1858 16 36 32
1859 67 59 38 4
1860 91 52 33 15 25 43
1861 79 53 48 37
1862 36 8 100 40
1863 89 34
1864 51 42 40 66 16 1
1865 31 27 61 19 45
1866 32 65 29 34 85 87
1867 9 27 10 82 78 4
1868 10 7 57
1869 55 39 82 22
1870 90 95 7
1871 30 49
1872 44 58 3 56 61 81
1873 91 77
1874 69 77
1875 33 33 8 34
1876 54 13 55 23
1877 18 2 51
1878 26 65 12 47 99 90
1879 31 68 63 39 20
1880 54 24 47 31 94 16
1881 93 25 44 31 54 9
1882 3 1 66
1883 31 73
1884 42 3 29 79 69 52
1885 77 50 30
1886 53 24
1887 6 92 23 8 98 29
1888 31 39 54 42 18 13
1889 37 97 7 27 62 38
1890 27 22 30 17 19
1891 6 19 12 80
1892 80 62 80
1893 64 64 53 85
1894 63 17 81 91 40
1895 44 52
1896 2 40 95 91 75 15
1897 64 40
1898 100 92 42 60 13 86
1899 70 5 14 68 50 88
1900 63 40 66 39 70
1901 99 22 37 29
1902 53 39 27 7 91 3
1903 17 50 90 61 39
1904 23 47 48
1905 51 3 36 14 12
1906 89 82 32
1907 40 76 69
1908 7 85
1909 90 63 67 64
1910 45 23 5 54 37 38
1911 90 5 67 80 43
1912 29 93 47
1913 13 45 77 21 86 14
1914 21 1 58
1915 49 85 30 5 23
1916 67 86
1917 14 89 30 47 35 11
1918 77 47 31 35 63 32
1919 89 52 38 41 96
1920 94 16
1921 43 76 53 62 100
1922 60 32 97 26 60
1923 43 17 97 86
1924 20 75 24 48
1925 49 38
1926 70 88 68 71
1927 71 92 66
1928 11 88 64 85 59
1929 57 84
1930 83 84 93 101
1931 62 26 58 2
1932 40 25 31 52 30 85
1933 77 11
1934 65 19 25
1935 33 12 44 60 83
1936 65 50 53 64 34 32
1937 15 86 11 40 68 43
1938 21 55 28 41 88 8
1939 91 25 12 97 49 96
1940 65 50 17 43 36 83
1941 53 12 97 77 63
1942 17 26 90 94 41
1943 65 10 65 85 59
1944 83 97 4 53 100
1945 25 80 30 49
1946 79 37
1947 70 79 85 27
1948 90 6
1949 4 48 15 59 17 16
1950 83 65
1951 99 54 35 46
1952 47 25 9
1953 27 74
1954 13 75 56 52
1955 25 80 66 18
1956 51 86 47 87
1957 77 96 44 22 60 68
1958 88 33 14 25 20
1959 7 94 13 45 54 86
1960 61 13
1961 35 63 19 1
1962 83 78 59 100 75
1963 75 68 38 90
1964 100 87 31 56 93 81
1965 53 5 6 14 72
1966 75 22 95 34 69
1967 8 59 50 92 98
1968 55 53
1969 2 53 95 86 85 93
1970 92 2 81 51
1971 3 98 86 12 20 77
1972 92 26 77 97 93 96
1973 67 97 75
1974 6 42 3 54 14 47
1975 93 75 84 3 68 18
1976 94 62 40 59
1977 84 5
1978 30 47
1979 81 5 68 15
1980 77 95 79 19 22 11
1981 42 88
1982 56 23 20 67 49 60
1983 41 15 78 72
1984 80 62 37
1985 65 18 87 74 9 49
1986 72 89 9
1987 28 30 2 72 62 41
1988 8 42 62 54
1989 16 63 23
1990 45 6 29 8 32 53
1991 62 85 22
1992 46 62 13
1993 34 86 26 87
1994 40 74
1995 85 11 9 55 41
1996 56 50 98 22 37 29
1997 16 77 44 25 1 5
1998 1 90 97
1999 17 18 84 13 37
2000 98 97
2001 60 79 90 78 62 21
2002 48 13
2003 7 22
2004 2 7 2 88 68
2005 51 23 44 43
2006 77 70
2007 38 96 100 26
2008 86 74
2009 65 19 87 97 26 52
2010 99 37 33 10 78
2011 51 94 1 64 62
2012 85 28 12 77 43 51
2013 19 17 65 39
2014 35 89 74
2015 27 54
2016 1 95 23 91
2017 95 63
2018 9 10 15 31
2019 53 59 50 34
2020 16 4 44
2021 98 94 43 4
2022 39 44 4 18
2023 88 93
2024 23 48 33 55
2025 99 34 45 18 27 83
2026 8 76 85 1 58 74
2027 87 46 33 79
2028 48 92 76
2029 4 52 40 27
2030 48 74 4 75 12 66
2031 7 29 73
2032 49 56 17 87 19
2033 59 2 44 33 76
2034 27 82 65 83 75
2035 78 93 12 21
2036 91 37 75 87
2037 85 101 27 97 23 67
2038 5 31 38 99 66 32
2039 15 100
2040 41 83 93 12
2041 89 24
2042 41 62 46 41 83 33
2043 45 85 83
2044 24 65 60
2045 16 64 83 76 56 5
2046 2 13 15 81 43 34
2047 24 65 96 77
2048 42 50 11 2 37
2049 42 89 100 27 70
2050 38 47 33
2051 75 53
2052 41 61 18 101 76 14
2053 100 58 61 99
2054 35 73 85 58 21
2055 74 41 101 60
2056 91 29 94 37
2057 79 64
2058 9 21
2059 70 18 70 99
2060 40 10 29 14
2061 8 55 79 68 51
2062 95 1 20
2063 99 19 71
2064 3 96 7 54
2065 54 80 86 74 7 97
2066 89 15 9 77
2067 54 5 50
2068 4 62 101 19 97
2069 91 69 20 9 47 48
2070 92 93 65 3 70 89
2071 6 6 16 54 83 62
2072 100 65 4
2073 42 6 2 21 98
2074 10 77 52 61
2075 2 39
2076 22 26 45
2077 59 58 63
2078 53 63
2079 68 20
2080 50 85 27 76
2081 5 90 66 35 14 33
2082 55 63 60 86 8
2083 52 65 40 8
2084 66 65 10 52 35 78
2085 91 27 100 47
2086 50 57
2087 7 82 23 7 70 50
2088 100 77 66 26 96
2089 20 91
2090 56 46
2091 31 65 92 5 49 20
2092 59 18 60 71 79
2093 80 75 56 38 84 36
2094 42 31 89 66 73 61
2095 72 67 92
2096 85 70 67 54 31
2097 97 90 13 72 4 29
2098 61 82
2099 66 70 101 27 68
2100 33 13
2101 68 39 70 58
2102 56 43 67
2103 80 32 49 50 74 96
2104 5 72
2105 74 32 93 45 69 41
2106 7 12 20 57 95
2107 21 57 63 55 84 64
2108 77 90 68
2109 98 12 101 77 63 42
2110 14 40 101 37 42
2111 46 92
2112 55 64 15 43 83 50
2113 58 18 34 68 45 69
2114 17 30 51 45 65 5
2115 60 79 80 44 75
2116 50 36 21 90 86
2117 86 32 47 20 30
2118 100 41
2119 83 49 14 59 88 26
2120 50 5 66
2121 51 51 17
2122 65 52 70 60 94 25
2123 57 28 83
2124 11 8 5
2125 34 78 67 4
2126 14 58
2127 2 17 42 62 12 83
2128 98 53 71 16
2129 5 24 30 51
2130 13 62 15 50 89 65
2131 78 33 2 82 79 69
2132 8 32 86 87
2133 67 75 27
2134 32 27 60
2135 52 45 55 9 59 76
2136 59 78 92 82 44
2137 56 90 40 93
2138 80 34
2139 28 87 36 38
2140 84 101 68 20
2141 39 60 99 72 39
2142 80 91 3 13 43 90
2143 39 63 16 86 14
2144 49 49 63
2145 37 3 12
2146 62 97 8 78 25
2147 23 29 41 72 56
2148 73 12 59 17 72
2149 44 63
2150 82 44 15 80 3 38
2151 9 17 100 49 89 64
2152 77 17 5 10 96
2153 59 68
2154 74 74 92 10 88 97
2155 50 23 46 33 59
2156 71 100 45 3 57 78
2157 99 90 42 55 5 96
2158 17 69 79 75
2159 50 66 33 16 41
2160 41 56 79 86
2161 67 53 22 88
2162 7 45 28 23
2163 77 86 41
2164 48 66 24
2165 17 91 88 79 9
2166 51 78 18 3 83
2167 27 48
2168 73 70 100
2169 91 54 74
2170 61 51 56
2171 53 98 24 59
2172 94 67 84 52 81
2173 35 62 100 92
2174 75 43 90 36 30 29
2175 67 96 52 90
2176 4 85 66
2177 22 93 12
2178 81 54 91
2179 61 52 55
2180 88 1 73 66 93 56
2181 30 11 23 90 81 69
2182 94 101 56 2 69 28
2183 69 8 85
2184 97 98
2185 72 62
2186 21 25 98 21 97
2187 93 59
2188 66 78
2189 6 60
2190 19 60 6
2191 30 11 78 88 99 100
2192 90 68 94
2193 98 91 38
2194 75 68 1 64
2195 34 57 41 94
2196 64 48 32 3 22
2197 35 97
2198 75 99 28
2199 21 100
2200 21 81 99 42 75
2201 82 100 88
2202 64 20 71 63
2203 9 21 79
2204 26 46 54 86 41 76
2205 96 28
2206 69 3 49 59
2207 18 68 94
2208 34 59 78
2209 30 9 29 76
2210 84 59 13 36 9
2211 83 17 53 46 33
2212 45 25 82 67 39
2213 51 40 69 6 38
2214 57 83 34
2215 32 96 95 28 62 99
2216 42 26
2217 73 52 22 27 21
2218 7 80 83 26 58 21
2219 36 55 98 61
2220 20 87 85 68
2221 77 39 30 52 38 57
2222 82 64
2223 85 28
2224 74 16 21 60
2225 5 82 61
2226 96 87 56 8 27 7
2227 81 39
2228 27 17 101
2229 40 36 11 95 64
2230 91 49 8 73
2231 53 93 7 53 96
2232 91 54 45
2233 81 57 30 48 45 68
2234 30 45 42
2235 94 73 44 50 11 12
2236 20 16 65 17
2237 79 32 65 25 67 42
2238 65 28 91 25 44 42
2239 96 93 68 67 33 51
2240 4 3 101 37 36 9
2241 66 10
2242 97 93 6 63 97 23
2243 93 24
2244 21 19 95
2245 72 73 21 22
2246 45 69 49 65
2247 47 80 45 12 56 65
2248 95 69
2249 56 73
2250 51 82 56 97 19
2251 11 50 26 101 40 44
2252 69 65 91 19 90
2253 33 61 31 47 4
2254 61 85 3
2255 81 64
2256 33 62 46 70 60 91
2257 18 79 18
2258 17 48 90 45 78 15
2259 97 93
2260 48 73 23 56 53 60
2261 30 91 2
2262 18 84 10
2263 94 75 24
2264 42 5 51 9 24
2265 7 85 70 40 41
2266 99 20
2267 7 88 48
2268 54 21
2269 4 9
2270 12 43
2271 77 85 81 94 78 34
2272 36 87 37 46 67
2273 8 85 17 34 71 72
2274 99 61
2275 12 88
2276 66 38 73 44 27
2277 1 20
2278 65 15 27 4 31
2279 66 63
2280 5 13 51 41 49 68
2281 59 15 1 72
2282 94 60 19
2283 11 61 58 12
2284 79 23 47
2285 3 79 85
2286 75 101 20 78 30
2287 45 67 48 20
2288 31 38 61 47 26
2289 47 53
2290 62 62
2291 79 20 6 58
2292 90 29 69 43 78 28
2293 9 47 88 32
2294 82 46 10 88 97 25
2295 14 5
2296 35 53 80 15 79
2297 62 90 9 35 22 31
2298 67 28 42 24 77
2299 64 41 25
2300 100 96 6 35 67
2301 67 14 61 10 54
2302 86 65
2303 34 45 29 53 97
2304 91 13 64 39 3 59
2305 2 75
2306 68 7 58 68 11
2307 29 67
2308 20 93 52 70 29
2309 75 21 47
2310 66 1 72
2311 45 21 81
2312 80 36
2313 91 32
2314 79 62
2315 72 4 25 35
2316 54 88 11
2317 83 78 26 31 36
2318 20 50 84 28
2319 31 23
2320 80 21 68 52 100
2321 65 21
2322 85 93 44 8 22
2323 11 17 34 40 79
2324 13 27 101 82
2325 54 61
2326 56 9 48
2327 85 11 99 31 39 66
2328 73 91 56 73 64
2329 99 61 64 37 56
2330 84 7 61 54 44
2331 11 11 97
2332 65 9 44
2333 60 30
2334 80 46 20 85 5 22
2335 57 41 86 23 97 101
2336 56 76
2337 4 73 101
2338 95 28
2339 20 42 68
2340 16 43 36 97 57 17
2341 70 38 23 65 84 3
2342 44 82 63 88 24
2343 5 60 100 97
2344 93 51 33 32 67
2345 91 99 83 82 34 25
2346 91 100 87
2347 55 78 72 69 82
2348 29 45 10 69 37
2349 32 42 17 101
2350 95 14 80
2351 2 57
2352 74 69
2353 38 23
2354 35 40 4
2355 23 61 39 21
2356 64 10 67 35 36
2357 31 81
2358 12 96 43 101
2359 81 80 6 5 38
2360 63 60 55 100 36
2361 69 94 42 60
2362 62 35 34 60 65 15
2363 70 101 45 25 86 20
2364 23 61 51
2365 40 73 56
2366 100 32 17 82 67
2367 92 30
2368 44 19 61 98
2369 35 5
2370 87 10 94 73
2371 78 77 62 4 31 63
2372 2 8
2373 96 22 37 8 97 99
2374 38 101 11 20 67 82
2375 32 27
2376 25 71 4 62
2377 24 34 22
2378 70 55 94 39 33 71
2379 16 39
2380 36 43 91 70 94
2381 82 4 70 94 27
2382 86 31 14 61 44
2383 48 19
2384 60 6 97
2385 76 51 69 47 98
2386 94 42 67
2387 20 24
2388 37 43 82
2389 67 28 53
2390 9 78 40 70
2391 27 79 76 39
2392 9 2 85 13 42
2393 18 38 63
2394 77 66 63 44
2395 24 98
2396 80 81
2397 84 8 83 51
2398 15 10 27
2399 72 96 69 24 98 29
2400 90 52 47
2401 44 33
2402 75 48 37
2403 89 6 34 81
2404 21 65 2 92
2405 99 99 20 9
2406 5 78
2407 7 33 57 36 4 38
2408 45 57 52 92 64
2409 17 44 40 13
2410 61 7 33 4 101 96
2411 11 13
2412 69 37 74 18 66 87
2413 41 77
2414 64 35
2415 37 60 21 35 22
2416 16 63 43 91
2417 41 45 55 79 3
2418 20 9
2419 74 60 41 45 2
2420 20 14 85 46 10 5
2421 12 6
2422 54 2 83 38
2423 93 62 48 58 8 37
2424 10 84
2425 92 74 20 38 11 50
2426 86 73 19 92 69 13
2427 96 95 87
2428 12 59 78
2429 68 10 7 65
2430 14 23 30
2431 73 42 93 73 84 57
2432 49 53 21 52 91
2433 9 25 72 15
2434 76 30
2435 40 13 87 10 14 43
2436 85 41 95 48 88 58
2437 53 52
2438 84 46 17 3 51
2439 81 7 34
2440 70 15 27 11 8
2441 95 4 94 37
2442 17 11 97 64 2 59
2443 42 68 9 84 51
2444 15 7 79 93 28
2445 72 35 18 24
2446 90 76 97 62
2447 44 92 39 98 59
2448 59 76 48 49 98
2449 55 56 17 66 35 90
2450 48 97 61 12
2451 59 5 68 78 77
2452 41 25
2453 28 93 91
2454 66 29 20 68 31 99
2455 1 23 51 89 92
2456 58 35
2457 82 25 81 58 53
2458 2 59 12 32 10
2459 28 38 65 98 12
2460 78 76 62 2 39
2461 29 17 87 96 41
2462 94 24 6 79 7 39
2463 77 20 64 26
2464 95 89 2 56 21
2465 91 63
2466 70 20 56 61
2467 64 35 75
2468 17 15 35 98 25
2469 70 5
2470 85 7 32
2471 78 72 84 31 100
2472 87 26 78 95 60 14
2473 85 33 78 22
2474 53 4 60 50 80
2475 11 99 65
2476 98 74 70 16 40
2477 20 82 84
2478 32 46 81
2479 93 76 55 93 87 62
2480 47 63 87 29 15 79
2481 3 6 41 84
2482 60 59 64 31 8 61
2483 94 29 2
2484 2 3 86 28
2485 3 49 97 87 98
2486 45 33 80 100 23 8
2487 42 99 88 4 76 72
2488 13 12 24
2489 6 75 27 35
2490 6 27 2 100 28 39
2491 78 13 9
2492 78 42 18 3 87
2493 97 54 47
2494 36 11 88 2
2495 44 5 83 66 38 58
2496 79 49
2497 54 88 39 83 51
2498 68 93 30 71 14 1
2499 67 17 41 83 7
2500 8 1 80
2501 63 6 61
2502 36 24
2503 46 52 39 43
2504 11 43 32 93
2505 8 15 72 99
2506 29 65 55
2507 23 90
2508 38 67 24 72
2509 53 101
2510 28 11 78
2511 72 91 44
2512 84 34
2513 64 9 67 100
2514 66 10 19 28 55 97
2515 35 79
2516 83 74 32
2517 87 50 30 69 1
2518 1 22 21 18 92
2519 31 12 91 98 4
2520 94 3 54 91
2521 94 81
2522 64 98 86 67 78
2523 58 24
2524 32 47
2525 92 72 63 26
2526 9 28 89
2527 99 23
2528 31 99
2529 84 8 2 12 38 61
2530 29 6 25 61
2531 7 18
2532 62 22 65 42 85
2533 64 18 85 57 61 13
2534 31 89 22 9 75 11
2535 99 73 14 15 3
2536 17 15 62 95 8
2537 10 62 1
2538 39 63 66 29 87
2539 14 29
2540 61 49 63 57 32
2541 30 17 78 24
2542 28 27 89 51
2543 99 99 20 38
2544 88 62 49 55
2545 32 61 16 44
2546 57 29 12
2547 50 42 93 95 75 100
2548 53 27 64 81
2549 81 95
2550 72 69 59
2551 9 51
2552 98 21 91 55 85 26
2553 9 51 29 77 21 99
2554 93 74 101
2555 96 2
2556 70 20 45 75 86 91
2557 82 82 47 24 34 56
2558 33 12 61 45 53
2559 95 25 35 85 3 86
2560 80 32 23
2561 27 27
2562 70 35
2563 79 16
2564 88 68 62 97 13
2565 17 6 76 55 80
2566 77 30 41 17 65 3
2567 6 61 92 89 33 13
2568 27 17 66 63 13 73
2569 24 2
2570 88 100 52 62
2571 87 92 23 99
2572 80 53 101 33 74
2573 34 66
2574 69 61 28 91
2575 87 90
2576 76 75 47
2577 51 44 1 31 36 15
2578 65 61 87 7
2579 15 83
2580 6 13 98 21 61
2581 74 55 32
2582 58 85 6 74 80 101
2583 80 61 6 42 52 80
2584 57 101 98
2585 23 36 87 8
2586 89 83 65
2587 34 35 3 39 30
2588 2 47 52 44 53 93
2589 23 73 37 16 96
2590 87 35 27 44
2591 75 53 44
2592 64 70 75 60
2593 33 100 18 39 25 2
2594 37 81 17 73 95 49
2595 14 74 83 9 86
2596 38 34 2 16 59 50
2597 26 71 51 77 70 99
2598 11 66 50
2599 23 39 50
2600 39 81 28 13
2601 49 93
2602 99 90 17 97 83
2603 24 33 90 13 15 57
2604 88 56 30 38
2605 78 84
2606 58 12 25 66 30 52
2607 23 31 62 16 51
2608 71 95 17 53 2 43
2609 79 1 101
2610 80 86 61 40
2611 85 26 93 89 52
2612 100 63 40 41
2613 93 47
2614 48 94 63 65 56
2615 41 45
2616 90 20 44
2617 89 58
2618 65 40 86
2619 37 98 96 35 26
2620 60 54 80
2621 71 54 59 16
2622 36 64 77
2623 29 3 6 86 52 66
2624 39 18 54 31 1
2625 29 99
2626 77 41 88 24 14
2627 97 16 36
2628 34 57 96 7 66
2629 53 101 12 78 64
2630 97 36 49 54 44 60
2631 51 46
2632 46 84 43 42 38
2633 37 11 99 66
2634 10 7 82 10 47
2635 58 22 74 94 78 26
2636 64 10 69 38
2637 3 7
2638 14 4 41
2639 93 10 41 8 3 93
2640 86 80
2641 81 5
2642 73 99 97 30 2 101
2643 71 6 16 20 32
2644 44 58 11 42
2645 77 87 67 9
2646 86 34 30
2647 82 80 58
2648 37 39 25 73 22 81
2649 57 38
2650 92 80 2
2651 33 39 95 60
2652 9 35 30 69 80 5
2653 61 12 48 6
2654 88 20 69
2655 49 98 16 7
2656 35 40 58 43 4 3
2657 27 14
2658 67 5 67 66
2659 82 32
2660 35 66 92
2661 19 22 67 81 99
2662 73 61
2663 83 81 47 97 35 26
2664 88 17 74 57
2665 66 65 6 91
2666 36 28 69 49 4
2667 24 1
2668 2 98
2669 20 5 14
2670 44 12 27 69 73 78
2671 41 78 94 20
2672 74 19 61 35
2673 3 6 50 81
2674 9 70
2675 37 68 88 17 24
2676 65 81 34 38 28
2677 62 26
2678 14 16 54
2679 53 98
2680 20 60 19 24 15
2681 43 16
2682 30 90 66
2683 85 5 45 88
2684 12 97 4 19
2685 13 101 73 87
2686 2 52 36 92
2687 26 33
2688 27 17 61
2689 15 87 55
2690 57 79
2691 15 34 78 96
2692 89 75 77 34 80 89
2693 39 89 38 32
2694 25 28 48 52
2695 25 67 40
2696 24 51 32 77 89 44
2697 6 78 79
2698 84 33
2699 86 70 13 72 56
2700 43 76
2701 53 67 88
2702 5 36
2703 35 27 73
2704 95 51 76 35 89 43
2705 41 28 53 37 27
2706 69 30
2707 68 20
2708 32 49 87 60 79 99
2709 82 47 52
2710 16 75
2711 76 21
2712 30 85 22 55 52
2713 22 89 90
2714 18 74
2715 58 88 78 60 22
2716 53 97 1
2717 9 73 62 64 82
2718 71 16 75 57
2719 99 84 14 53 16 49
2720 78 22 83 25
2721 46 80 54 13 98 78
2722 94 27 96 89
2723 2 18
2724 5 61 7 40 10 1
2725 71 72 88
2726 9 25 67 30 36 83
2727 38 51 7 36 13 60
2728 43 1 74
2729 48 58 86 98
2730 70 70
2731 65 46 66 31 40 69
2732 39 15 101
2733 13 81 44
2734 20 30 76
2735 35 71
2736 57 53 77 44 87 5
2737 95 38 79 71 16 31
2738 61 4
2739 29 35 54
2740 40 87
2741 58 47 28 43 9
2742 96 43
2743 57 29 53
2744 67 53
2745 90 90 86
2746 36 77 18
2747 36 37 15
2748 10 22 82 85 10 64
2749 37 90 40
2750 65 3
2751 49 25 61 56 17
2752 35 46
2753 53 16 39 46 22
2754 21 46 62 65
2755 38 17 38 81 85
2756 76 73 76 94 58
2757 79 55 32 98 90
2758 90 99 97
2759 26 94 89 66 86
2760 24 79 37 10 44
2761 18 86 58 87 89
2762 29 53 61 65 86 73
2763 69 73
2764 83 49 3 78
2765 29 8 74 98 67
2766 46 4 76
2767 25 5 15 68
2768 57 72
2769 62 73 100 27 82
2770 26 9
2771 62 91 54 41
2772 47 32 85 19 82 41
2773 30 28
2774 54 16 52
2775 52 7 86
2776 73 47 97 78 49
2777 25 90 61 40 8 64
2778 86 15 8 36
2779 18 67 75 30
2780 92 94 79
2781 15 37 5 21 92 91
2782 34 81 41
2783 15 74 63 72 14
2784 44 23
2785 6 15 12 16 23
2786 46 16 8 52 41
2787 86 47 22
2788 45 87
2789 85 53
2790 11 34 54 7 82 13
2791 47 80 75 96
2792 20 41
2793 49 75
2794 17 58 29 14 56 15
2795 84 78 16 97
2796 12 50 72 90 49 21
2797 62 28
2798 34 84 22 48
2799 80 76 17 101
2800 55 96 48 91 81 23
2801 64 60
2802 88 53 7 36 99 58
2803 81 5
2804 20 83 19 29 52
2805 47 93 97 51 76
2806 93 47 21 80 50
2807 95 20 53
2808 76 45 36
2809 62 22
2810 86 66 54 86
2811 87 49
2812 30 63 10 84 85
2813 94 97
2814 96 56 69
2815 22 46 26 40
2816 10 21 57
2817 53 42 46
2818 61 14 4 37
2819 54 78 71
2820 61 30
2821 43 74 20 43
2822 35 43
2823 63 94
2824 90 22 85 81 23
2825 86 87 88 38
2826 34 35 12 3 99
2827 10 99 79 16 89 30
2828 57 61
2829 45 92
2830 90 50 30 86 6 55
2831 75 49 24 17 58 88
2832 7 75
2833 8 11 27 93 6 20
2834 88 54 11
2835 25 80 57 35 85
2836 5 44 18 36 7
2837 46 58
2838 38 76 32 93
2839 89 87
2840 38 89 86 92 73 12
2841 80 13 77 17 81 29
2842 77 1
2843 77 36 5 63 42 31
2844 92 10 25
2845 97 6 53
2846 96 2 9 14 12
2847 86 19 1
2848 51 99 33
2849 10 37
2850 54 18
2851 96 98 17 3 6
2852 44 17 63 82 90 49
2853 71 55 64
2854 71 92 95 56
2855 23 69 48 26 28
2856 79 52 74 44 31 51
2857 51 98
2858 54 65 98 94
2859 78 32 25
2860 9 52 24 40 9 36
2861 30 15 36 8 18
2862 58 15 33 14 95 85
2863 11 20 7 8
2864 82 41
2865 57 6
2866 70 63 99 40 39 29
2867 12 50 97
2868 85 35 22 87
2869 29 73 100 89
2870 48 90 27 85
2871 20 7 90 73 72
2872 43 54
2873 45 5 90 53
2874 86 68
2875 6 65 18 76 101 81
2876 31 50 94 83 25 93
2877 69 44 69
2878 16 14 68 1 33
2879 95 88 48 1
2880 61 24
2881 31 60 92 5
2882 8 85 35 56 43 83
2883 22 5
2884 54 3 85 73 5
2885 6 39 19 96 69 9
2886 55 19 42 7
2887 6 57 33
2888 7 12 80 25
2889 30 95 41 20 9 24
2890 8 9 21 80 49
2891 9 39
2892 63 69
2893 100 67 57 27 58
2894 38 4
2895 44 6
2896 94 8 58 16
2897 61 59 55 27
2898 61 24
2899 76 49 23 19 78 94
2900 59 13 17 19 59 32
2901 11 23 65
2902 36 40 75 85
2903 12 98 80 101 56
2904 16 15
2905 23 56 60 84 65
2906 95 32 33 22
2907 31 18 95
2908 19 47 101 80 33 26
2909 92 52
2910 45 91 57 82 25
2911 44 30
2912 3 51 8 43
2913 49 14 86
2914 47 17
2915 67 28 54 99
2916 73 72 41 46
2917 40 99 40 51 7
2918 29 2 89 7 95
2919 22 83
2920 57 35 79 38 18 49
2921 95 26 36 37
2922 38 77 96 7
2923 92 66 101 26
2924 4 2 89
2925 14 12
2926 77 5 63
2927 2 50 90 91
2928 49 22 18 87 49
2929 91 86 98 14
2930 23 72 40
2931 44 29
2932 18 41 66 38
2933 55 57 35 76
2934 64 97 42 15
2935 97 70
2936 60 96 78
2937 5 44
2938 60 35 1 24 71
2939 71 93 45 24
2940 74 73 47 6
2941 71 40 66 10
2942 50 32 68 13 100
2943 95 70 66 34 77 89
2944 82 82 64 24 81
2945 17 32 44 95 27
2946 24 35 90 79
2947 45 32 74 92 41
2948 41 56 42 73 32
2949 44 29
2950 20 34 87
2951 84 73 88 65 67 14
2952 13 54 48 10
2953 94 25 11 37
2954 84 96 45 36
2955 5 72 95 84
2956 82 23 42 70 66
2957 58 2 99 10 93 41
2958 95 2 90
2959 97 50 36 44 6
2960 64 35 86 19 63
2961 67 26
2962 23 30
2963 6 74 36 61
2964 81 91 67
2965 47 4 28 67 42 46
2966 78 2 27 31 93 46
2967 81 32
2968 16 34 18 87 77 76
2969 42 28 22 74
2970 93 99
2971 43 54 76 101 20
2972 61 98 39 93
2973 32 60 101 8
2974 53 79 16
2975 19 18 34
2976 69 15 67 3 19
2977 27 84 44
2978 80 52 77
2979 69 45 98 37
2980 3 48 19 27
2981 51 14 7 42
2982 50 92 2 12 79 37
2983 59 8
2984 97 47 8
2985 57 84 65 10
2986 31 44 99
2987 95 9 5
2988 18 43 34 41 66 46
2989 73 50 39
2990 53 13
2991 12 40 85
2992 55 44 98 58 59 34
2993 14 36 86
2994 27 1
2995 2 92
2996 67 64 27 20 9 84
2997 53 66
2998 74 71
2999 3 52 26 33 84 81
3000 83 89 88 24 68 81
3001 18 8 100
3002 95 55
3003 51 18 14
3004 39 101 49 19
3005 49 57 78
3006 85 34 57 42 77
3007 18 19 58 32 13 11
3008 12 45
3009 86 68
3010 9 97
3011 30 28 24
3012 90 94
3013 48 3 20 15 85 40
3014 39 99 51 95
3015 87 30 87 8
3016 87 62 56 91 47 96
3017 57 85 66 10 80
3018 65 93 33 64
3019 67 73 81 18 39 27
3020 20 7 35 30 44 57
3021 74 55 13 97
3022 87 11 85 69 68 24
3023 52 98 73 18 99
3024 48 93
3025 13 16 37 101 52
3026 68 58
3027 81 17 68 20 18 52
3028 83 92 34 75 35
3029 63 7
3030 38 99
3031 45 34 92 35 47 59
3032 45 58
3033 77 91 95 56 5 73
3034 89 38
3035 41 41
3036 6 4 68 65 47 1
3037 10 1 58 18 27 85
3038 52 101
3039 44 90 53
3040 59 64 21
3041 26 25 29 26 82 10
3042 12 5 10 17 39 4
3043 84 73 32 77 95
3044 52 61 93
3045 94 19
3046 38 15 21 76
3047 95 49
3048 73 34 10 70 71 30
3049 85 5 17 75
3050 89 39 64 82 66 27
3051 95 4 65 9
3052 74 75 81
3053 9 13 44 11 2
3054 97 34 82 74
3055 54 101
3056 12 33 19 91 79 88
3057 21 19
3058 33 85 52 1
3059 79 66 61
3060 57 31 65 27
3061 87 90 69 51
3062 58 71
3063 79 85 14 21 92
3064 30 51
3065 64 49 36 32
3066 20 42 3 1
3067 15 100 20
3068 67 94 77
3069 25 84
3070 98 31
3071 87 83 37
3072 75 51 27
3073 10 26
3074 22 101 21 54 11 64
3075 87 63
3076 75 26 89 18 81
3077 24 16 34 99 54 55
3078 72 55 29 75 72 5
3079 62 20 4 76
3080 83 30 53 11 72
3081 35 25 52 80 79 5
3082 67 87 62 15 35 84
3083 63 6
3084 43 84 51 54
3085 61 84 32 5 1
3086 76 16 1
3087 25 74 40 7 21
3088 4 34 61 23 95
3089 53 62 61
3090 76 28 61 24
3091 56 53
3092 21 22 71
3093 84 34 42
3094 31 84 79
3095 96 24 18 35 4 69
3096 81 32 28 64 18 81
3097 24 23
3098 84 53 37 95
3099 70 37 25
3100 16 58 90 40 84 48
3101 79 4 25
3102 15 82
3103 5 81
3104 14 24 11 6
3105 9 29 90 25
3106 37 21 49 19
3107 98 56 74 58 40 17
3108 85 18
3109 57 94
3110 81 47 6 15 24
3111 23 90 25
3112 71 73 37 82
3113 82 90 91 61 65
3114 30 96 94
3115 34 73 61 6 98
3116 20 52 59 9 75
3117 98 16 38
3118 26 84 3
3119 54 74
3120 78 90
3121 73 80 59
3122 65 36 27 58
3123 53 69 44 45 25
3124 9 53 100 98
3125 95 67 47 32
3126 25 87 84
3127 92 79 16
3128 70 14 52 30 88
3129 41 79
3130 2 31 49
3131 45 10 63 23 73
3132 24 40 30 100 68
3133 18 93 54 29
3134 46 1 94 52 78 41
3135 16 8 88 92 14 31
3136 25 7 99 37
3137 13 67 89 76 56 68
3138 24 30 12 86
3139 49 91 66 76 87
3140 41 16 2 98
3141 49 86 57 21 63 91
3142 58 95 7
3143 58 48
3144 55 75 33 93
3145 73 15 80 1 88 45
3146 86 68 61 22
3147 7 45
3148 13 3
3149 39 15
3150 80 67 1 79
3151 47 17 25 77
3152 59 57 47 40 51 91
3153 53 15
3154 96 2
3155 96 46 5 4
3156 87 91
3157 37 11 28 36 67
3158 29 16
3159 92 73 101 51
3160 22 2 47
3161 54 18
3162 4 65 70 63 23
3163 18 82 52 78
3164 29 80 30 44 83
3165 53 61 99 35 73
3166 72 67 12 18
3167 31 75 73 79
3168 11 43 33 31 73 52
3169 39 89 10 20 46 98
3170 6 73 67
3171 24 73 77 86
3172 16 47 34
3173 34 16
3174 18 17 15
3175 7 76
3176 50 76 26 22
3177 6 59 100 69 79 5
3178 9 32 69 25 44 5
3179 31 26 77
3180 90 55
3181 69 82 79
3182 85 10
3183 69 29
3184 51 17 31 26 53
3185 64 72 54 84 63 91
3186 43 4
3187 22 36 30 4
3188 63 3 88 98 33 10
3189 30 84 22 49 73
3190 92 68
3191 48 70 91 47
3192 89 63 64 86 70 20
3193 37 33 65 101
3194 57 50 8 74 11 32
3195 88 94 8 42 86
3196 31 91 19 5 79 15
3197 13 6 58
3198 47 29 37 5 34 57
3199 62 41 83
3200 35 37 35 18 38 16
3201 69 72 8 63
3202 91 80 15 36 76
3203 17 58 25 3 71 72
3204 44 84 21 12 99
3205 55 30
3206 71 81 72
3207 88 19 83
3208 83 99 5
3209 18 18 17 8 10
3210 35 13 12 62 81
3211 55 92 22
3212 29 91
3213 23 59 10
3214 88 23 60
3215 65 18 37
3216 9 80 48 47 76 49
3217 48 92 58 71 26 42
3218 50 66
3219 6 85 6
3220 62 67 48 55 16
3221 99 31 37 26 61
3222 52 78 77 4
3223 63 11 35
3224 17 66 67
3225 40 4 84 10 20 99
3226 55 26
3227 44 84 21
3228 24 96
3229 85 23 1
3230 75 46 63
3231 42 29 24 52 40
3232 83 14 92 23 82 34
3233 57 75 13 2
3234 7 69 66 4
3235 56 29
3236 4 8 93 17 67
3237 19 25 83 6 28 94
3238 69 2 78
3239 63 34 65 83 71 64
3240 53 49 7 22 11
3241 76 62 65 34
3242 28 64 31 16
3243 88 39 60 97
3244 25 93 23 32
3245 30 54 87 73 7
3246 100 44 91
3247 88 20 19
3248 9 35 3 45 63 54
3249 46 92 59 50 37
3250 41 88
3251 52 43 85
3252 46 32 97 39 20
3253 84 87 90 7 91
3254 62 72
3255 98 62 95 41
3256 79 69
3257 88 19
3258 49 39 37
3259 17 8 83 46
3260 23 22
3261 12 55 9 93
3262 93 6 32 78 58
3263 59 26
3264 96 44
3265 65 56 75 71
3266 72 98 48 12 2 28
3267 29 69 25 19 96 75
3268 4 69
3269 67 81 47 60
3270 40 99 19
3271 84 72 61 91
3272 89 63 7 65 101
3273 22 10
3274 68 44 83 53
3275 19 45 98 11 96
3276 17 53
3277 11 83 46 5 42 8
3278 81 33 9 80 45
3279 64 99
3280 44 6 34 43
3281 13 62 60
3282 6 8 92 32 25 98
3283 96 99
3284 17 97 27 60 51 99
3285 39 95
3286 91 46 24
3287 82 6 87 97
3288 19 26 39
3289 98 63 7 32 46 6
3290 19 37 7 80
3291 72 6 41
3292 4 64 65 52
3293 2 10 94 2
3294 51 55 35 78 27 95
3295 93 9 54 84 76 14
3296 99 46 74 22 31
3297 62 14 58 13 54
3298 8 96 95
3299 34 27 96
3300 55 53 42 24 7 73
3301 76 16 82 54
3302 73 5 25
3303 52 28 51
3304 55 75
3305 20 43 28 65
3306 62 87
3307 26 9 76 94 79
3308 45 67 96 98 29 55
3309 99 18 98 28 61
3310 46 16 89 24
3311 99 58 69
3312 13 3 97 36
3313 73 74 67 11
3314 60 14 5
3315 48 13 54 55 83
3316 20 28 11 1 77 38
3317 91 69
3318 83 45 47 66 23 79
3319 78 24 55 101
3320 78 82
3321 75 79 25 54 69
3322 41 79 20 42
3323 54 71 52 76 79 57
3324 3 15 7 93 20 52
3325 2 31 12 28
3326 98 90 29 43 21
3327 27 36 28
3328 90 56 91 8 99
3329 33 22 76 87 32 37
3330 70 83 15
3331 41 27
3332 23 20 41 14 17 23
3333 30 3 97 32 44 98
3334 58 17
3335 28 61 52 48 7
3336 91 78 3 42 10
3337 76 76 72 18 85 66
3338 34 59 56 65 52 91
3339 75 10 75 96
3340 34 85 95 78 94
3341 81 10 43 45
3342 45 42 40 5
3343 79 12 68 46 75
3344 49 6
3345 53 64 96 18 39 80
3346 55 32 22 87 24 29
3347 60 51 58
3348 28 30
3349 33 97 50 45 95
3350 44 37 19 81 6 30
3351 82 33 2 62 9
3352 53 97
3353 26 89 101 26 32 70
3354 29 40 91 36
3355 5 100 4 41
3356 6 55 23 67 56
3357 44 32 14
3358 58 85 99 86
3359 27 88 29 12
3360 26 76 14 35
3361 43 32 21
3362 53 26 93 52 101
3363 80 48 85 40
3364 91 84 63 96 71
3365 41 90 1 68 45 10
3366 41 48 73
3367 83 98 6 86 70 81
3368 69 25 50 6
3369 69 83 101 74 42 90
3370 67 59 91 82 7 96
3371 1 54 75 36 65 79
3372 56 55 7 61 4 22
3373 87 89
3374 54 2
3375 23 51 53 79 38
3376 90 54 31 50 94 78
3377 96 6 31 71 39
3378 60 69 79 2
3379 84 13 52 14 54
3380 9 6 84 15
3381 41 92
3382 73 42 28 84 25 76
3383 15 68 8 38 69 18
3384 52 23 60
3385 3 2 79
3386 87 79 42 84 60
3387 65 34
3388 27 13 40 57 42
3389 66 16 20 23
3390 32 29
3391 27 78 75
3392 15 45 89
3393 65 19 12 72 89
3394 56 19 31
3395 71 60 51 98 49 48
3396 44 87
3397 39 12 67
3398 76 46 43
3399 80 46 37 31
3400 4 38 42 10
3401 48 83
3402 4 63 72 38 10 5
3403 17 88 25 82 49 12
3404 9 60 21 38 59 51
3405 36 88
3406 76 51 41 92 77 2
3407 98 74
3408 60 56 33 7 8
3409 64 26 57 62
3410 9 54 75 65 38 91
3411 2 47 14 25 67 88
3412 22 83 13 18
3413 95 98
3414 91 70 95
3415 12 58 26
3416 48 24
3417 15 51
3418 29 82 80 99
3419 58 41 64
3420 14 16 47 13 90
3421 91 2 47 44 45 57
3422 3 31 29 20 15 60
3423 28 53 80
3424 14 92 82 84 47 94
3425 52 66 96 71 39
3426 82 59 36 49 61 74
3427 50 21 31
3428 38 26 9
3429 57 19 35 15 23
3430 44 20 70 62 27 48
3431 19 55 96 13
3432 56 1 26 57 98
3433 62 91 7
3434 6 41 81 26
3435 84 23 18
3436 81 70 44 10
3437 50 20 95 44 39
3438 85 29 7 34
3439 38 32 100 70
3440 87 38 47 45 63
3441 72 100 47
3442 69 77 72 15 93
3443 38 88
3444 3 89 64
3445 66 88
3446 19 38 36 80
3447 37 52 58 27 65 6
3448 14 77
3449 24 91 76
3450 56 82 96
3451 22 70 94 75 41
3452 82 1
3453 61 50 77
3454 46 60 54
3455 55 72 75 92 15 54
3456 25 61 57 67 51 41
3457 12 98 54 40
3458 95 94 27
3459 3 63
3460 36 85 42
3461 45 84 40 5 20
3462 14 2 58
3463 2 76 85
3464 21 62 6 29
3465 53 69 79 84 21 25
3466 35 29 26 80 5 13
3467 98 14 26 88
3468 20 98 54 67 62
3469 68 101
3470 14 100 15
3471 91 46
3472 71 100
3473 24 52 29
3474 16 60 63 101 67
3475 88 7
3476 53 68
3477 28 56
3478 13 23 19 5 99
3479 25 3 56 19 55 38
3480 68 83 52 82
3481 63 89 96
3482 80 27
3483 38 73 69 20
3484 20 56 47 43 48 37
3485 59 79 37
3486 76 74 19 6 3 32
3487 6 78
3488 86 35 80 20 74 6
3489 75 86 74 45 30 94
3490 3 37 67 9 21 31
3491 6 53 43 94 86 66
3492 21 1 29 57
3493 39 75 13 86 92
3494 2 16 38 54
3495 80 30 80 29 21
3496 70 56 4 57 32
3497 51 97 37 17 11
3498 87 75 61
3499 20 94
3500 5 97 43 46
3501 54 19 73
3502 63 28 70 40 36
3503 67 30 47 85 10
3504 99 77 12
3505 54 2
3506 56 20 77 14
3507 88 70
3508 55 69 63
3509 30 78 28 90
3510 14 23 80
3511 69 75 88 54 10
3512 100 15 9 57 28
3513 14 81 76 33 101
3514 20 32 95
3515 83 24 81 91
3516 28 93 48
3517 37 38 31 5 95 33
3518 25 22
3519 63 82 79
3520 71 7 75 41 50 46
3521 48 93 63 34
3522 15 17 60 58 91
3523 48 60 88
3524 93 44
3525 81 88
3526 2 72
3527 25 24
3528 9 90 97 3
3529 51 69 15
3530 22 19 18 43
3531 65 75
3532 29 89 87 12 29 3
3533 71 45 82 51 83
3534 45 98 30 86 47 95
3535 99 78 64 5 26 10
3536 37 72 84 47
3537 2 86 25 75 82
3538 7 25 49
3539 32 87 17 53 70 79
3540 91 92
3541 39 81 25
3542 42 18 92 91 101 21
3543 74 98 60 12
3544 53 86 43 73
3545 99 63 58 48 22
3546 100 95 94 72 67 33
3547 99 33
3548 93 54 83 80
3549 50 57 71 35 28 5
3550 17 25
3551 2 25 57 20
3552 90 91
3553 100 25 1 18
3554 77 83 86
3555 3 26 58 99 78
3556 45 72 48 82
3557 48 4 44
3558 49 49 41 11
3559 20 26 64
3560 53 47
3561 5 99 70
3562 8 11
3563 40 74 39 92
3564 13 53 35 34
3565 10 79
3566 55 49 36 17
3567 31 32 71 93 67
3568 19 1
3569 40 33 86 80 42 54
3570 22 45 79 78 3 41
3571 70 28 36 41 81
3572 72 88
3573 75 53 66
3574 10 1 94 20
3575 29 25 100
3576 12 48
3577 5 53 68 17
3578 94 46 64 30
3579 12 25
3580 4 100
3581 36 43 68 49
3582 2 79 49 58 43
3583 70 56 73 6 41 25
3584 52 64 60 78
3585 20 95 41 63 9
3586 59 58
3587 35 83
3588 71 59 61 101 75
3589 16 63
3590 19 39 20 73 16 96
3591 64 86 51 62 72
3592 29 82 73 27 47
3593 20 80 42 34
3594 35 90 6 13 57
3595 95 75
3596 27 47 38
3597 15 38 3 34
3598 92 25 66 58 57
3599 13 83
3600 29 46 85
3601 35 8 86 90 83
3602 98 36 75
3603 20 26 21 43 101
3604 41 63 65 96 39
3605 48 52
3606 57 18 73
3607 79 81 75 31 71 63
3608 48 26 89 34 50 35
3609 48 79 72 43
3610 87 90 51
3611 4 99 96
3612 47 34 36 90 87 83
3613 97 66 14 65
3614 93 10 75 72 59
3615 69 13
3616 39 77 26 63 50
3617 61 33 68 31 14 37
3618 4 12
3619 42 3 23 90 41 99
3620 11 100 89 84 1 28
3621 70 48 22 75 12
3622 31 36 76
3623 38 54 99 68 55 96
3624 53 32 83
3625 21 12 26 14
3626 3 16 1 15 51
3627 94 56 65
3628 29 95 70 94
3629 44 60
3630 46 72 44 34 77 73
3631 35 63
3632 47 81 9 11 22 48
3633 87 91 38 82
3634 16 66 38 25
3635 88 90 29 32 95
3636 50 99 49 40 87
3637 71 37
3638 45 35 5 31 64 33
3639 29 23 53
3640 88 58 56 28 98
3641 83 101 35 66
3642 52 54
3643 82 87 16 9
3644 9 94 67 80 82
3645 41 60 55 7
3646 59 89 25 4 54
3647 73 11
3648 28 85 64 53 61
3649 9 17 81
3650 34 28 32 100 18
3651 68 88 54
3652 72 67 79
3653 50 96 83
3654 80 85 91 63
3655 20 68 96 26
3656 93 70 22 44 81 36
3657 29 90 34 93 100
3658 63 12 20 11
3659 25 52
3660 62 7 99 34 3
3661 52 91 47 60 79 29
3662 99 8 3 20 42
3663 10 49 27
3664 95 45 66
3665 12 90
3666 40 22 31 3
3667 62 44 24
3668 94 10 58 79 26
3669 85 24
3670 78 95 40 34 45 35
3671 81 54 23 70
3672 57 45 29 81 37
3673 10 74 71 98 28 26
3674 67 34 65 37 96
3675 62 42 73 44
3676 79 47 28 19 58 13
3677 44 78 36
3678 6 101 76 23 89
3679 93 71
3680 84 12 35
3681 93 79 30 57 50
3682 51 42
3683 84 35 23 38
3684 77 62 67
3685 29 98 18 26 32
3686 84 7 101 62 91
3687 76 11 101 30 61
3688 13 3 82 61 54
3689 63 22
3690 64 93 58 99
3691 18 52 57
3692 12 28 43 29 85
3693 28 33 13 47 56 35
3694 83 26 11 82 89
3695 100 97 93
3696 53 30 67 89 12 81
3697 81 42
3698 2 58 75 8 44
3699 33 7 50 62 79
3700 72 51 47
3701 51 74 26
3702 80 69 28
3703 27 31 81
3704 69 34
3705 84 15 6 99
3706 42 82 2 89 55
3707 75 44 62 66 34
3708 99 19 38 31 86 52
3709 48 31 95 100 91 93
3710 40 37
3711 83 78 95 41 92 32
3712 18 18 59
3713 37 38 19 59 45
3714 87 35 33 44
3715 55 79 70 23
3716 89 73 56 69 94 65
3717 48 40
3718 88 62
3719 83 49 75 89 72 99
3720 45 20 3 23 84 24
3721 81 94 23 32 25
3722 7 80 74 63 59 34
3723 74 64
3724 51 48 31 12 59
3725 12 63 75 45 99 83
3726 37 101 91 78 17 45
3727 15 25 13 44 20 98
3728 66 9
3729 5 47 65
3730 20 89 25
3731 92 19 34 98 85 94
3732 33 31 81
3733 4 49
3734 3 17
3735 73 15
3736 18 91 20 24 41 93
3737 26 39 71
3738 19 56 79 39 6 3
3739 15 70 5 4 31 16
3740 62 100
3741 13 93 41
3742 78 8 23 28 9 64
3743 99 33 1 69 29
3744 74 44 89 13
3745 78 51 28 99 31 82
3746 1 15
3747 35 78
3748 50 37 65 20
3749 42 74 1 34 6 69
3750 90 37 80 42
3751 63 73 89 15
3752 14 74 60 23 15 92
3753 45 66 30
3754 19 33 27 18 73
3755 51 59 38 88 61 56
3756 30 64 16
3757 83 56 81 24
3758 8 22 5 3 11
3759 71 56 73 99 93
3760 63 80
3761 34 54 67 32
3762 61 55 39 33
3763 64 82 22
3764 10 15 83
3765 35 10 1
3766 7 2 3
3767 66 36 51 27
3768 77 16 69
3769 63 18
3770 90 14 78
3771 50 58 43 9 24
3772 72 43 7 35 12 83
3773 15 50 4 100
3774 15 29 11 82 100 14
3775 51 15 64
3776 67 49 19
3777 31 84 5 72 101
3778 5 18
3779 74 4
3780 28 18
3781 2 44 45
3782 3 32 46 45
3783 24 26 61 44 41 98
3784 58 54 33 32
3785 32 59
3786 70 79 90 71 72 70
3787 32 13
3788 20 18 59 16 4
3789 44 39 82
3790 48 48 90 2
3791 97 2
3792 22 97 99
3793 86 59 78 61 52
3794 51 100 12
3795 66 84 54 78 45
3796 51 25 78 44 60
3797 30 88 26 57
3798 69 76 53
3799 53 80 100 1 4
3800 8 37 10 72 5 9
3801 11 39 55
3802 42 90 84 41 58
3803 93 42
3804 87 50 12 62
3805 85 18 84 46 71 23
3806 70 36 101 23 8
3807 59 53 61 47 41
3808 14 29 56 71
3809 33 73 29
3810 47 60 47 27
3811 73 35 20
3812 35 62 30 8 3 81
3813 67 50 68 89
3814 27 94 19
3815 13 80 1 91
3816 100 22 51 71 20
3817 52 13 92 93 75 5
3818 69 12 42 68 11 95
3819 85 90 78 97 72 98
3820 2 62
3821 91 12 63
3822 49 26 98
3823 24 9 39 8
3824 28 45 94
3825 38 79 71 66 98 90
3826 10 61 92 5
3827 72 40
3828 80 65 86 48 28 83
3829 45 7 46 65 2 90
3830 83 4 89 64 38 36
3831 80 54 42 53 58
3832 49 24
3833 24 6 47
3834 86 32
3835 8 92
3836 5 2 52 30 76
3837 25 64
3838 82 49 81 55 7 1
3839 23 65 59 68
3840 28 43 8 22
3841 75 23
3842 25 55 48
3843 96 50 15 17 42
3844 26 91 33 16 35
3845 92 62 42 90 37 41
3846 77 5 12 82 83 89
3847 22 15 80 85 87
3848 97 78 36 2
3849 20 88 49
3850 95 56 83 60 100
3851 71 24
3852 1 35 5
3853 78 63
3854 81 41 3 28 74
3855 45 60 18 9
3856 90 99 67 64 80
3857 77 73
3858 34 34 30 41 90 68
3859 36 94 65 95
3860 50 68
3861 32 99 97
3862 26 52 11 54 16
3863 79 46 69 15
3864 82 89
3865 87 67 46
3866 38 99 46 23
3867 55 43 72 89 71 74
3868 2 75 59 63
3869 13 7 34 71 89 41
3870 39 23 1 15 90
3871 14 2 92 95 59 74
3872 94 73 16 45
3873 73 97 71 17 68
3874 45 50 36 53 72
3875 54 95
3876 93 60
3877 89 70 54 19
3878 51 92 81 56
3879 92 60 10
3880 53 57 100 14 73
3881 99 39 5
3882 19 86
3883 98 86 35 17 20
3884 47 9 31 41 66 12
3885 33 6 52 56 7
3886 19 11 28 17
3887 21 23 54
3888 96 71 51 9 62
3889 87 86
3890 89 40 10 6
3891 36 81 33 85 28 41
3892 34 11 69 70 60 64
3893 51 31 67 26 7
3894 34 94 15
3895 5 87 47 74
3896 22 83 95
3897 36 100
3898 99 63 37 7 6 60
3899 57 98 31
3900 90 32 90 75 31 96
3901 41 99 78
3902 35 67 6 93
3903 19 81 60
3904 63 7 72 44
3905 96 61 55
3906 55 91 87
3907 83 50 15 22 28 5
3908 18 24 84 9
3909 30 1 35 8
3910 9 26
3911 28 52 57 68
3912 4 91 64 95
3913 34 94 58 34
3914 44 70 86 78 52 25
3915 89 97 7
3916 32 19 26 17 49
3917 98 39 99 80 44 9
3918 93 32
3919 24 97 10
3920 47 29
3921 31 4 53 11 44
3922 67 51 74 58 60
3923 78 53 30 42
3924 19 76 58 57 55
3925 23 42
3926 10 18 72 71
3927 72 81 13 30 21 32
3928 77 35
3929 93 36 38 5
3930 4 3 74 85
3931 99 63 9 98 6
3932 25 71
3933 86 14
3934 49 35 25 19 63
3935 85 93 101 43 11
3936 39 19 72
3937 33 9 44 78 18
3938 72 19 5 31
3939 10 71
3940 85 64 50 77 36 96
3941 28 51 95 12 23
3942 91 70
3943 51 62 61 92 34
3944 55 40 94 68 19
3945 7 87 80
3946 31 58 59 86 34 6
3947 65 70 60 12 96 32
3948 56 13 36
3949 33 3
3950 11 21
3951 86 87 85 50
3952 32 101 11 18 38 37
3953 50 64 43 18 72 19
3954 77 11 70 4 35
3955 68 49
3956 42 85
3957 6 32 7 44 49 50
3958 13 56 75 66 35 64
3959 61 65 52 11 58 12
3960 66 70 31 9 38 82
3961 98 2 50 52 14 10
3962 68 6 17 56 43 46
3963 57 61
3964 97 26 61 64 62 55
3965 27 28 94 63
3966 33 79 84
3967 65 37 89
3968 27 76 56 94
3969 78 83 3
3970 42 13
3971 8 26 39
3972 34 45 38 84
3973 25 83
3974 57 87 55 60 45 22
3975 21 61 92 7 91
3976 87 28 38
3977 27 44 36
3978 86 23 33 54
3979 39 36 15 91 57 55
3980 45 6
3981 60 15 75 61 13
3982 58 99 43 65
3983 83 57 51 5
3984 12 33 16 42
3985 97 42 63 40
3986 68 73
3987 30 52
3988 34 83 78
3989 21 10 79 17 16
3990 43 46 92
3991 53 55
3992 96 73 71 72
3993 49 69 40 59 24
3994 28 35 21 70
3995 25 90 28 45 52 19
3996 51 91
3997 10 33 26 43
3998 72 28 7
3999 83 82 3 80 101 35
4000 36 19 93 76 75 15
4001 93 86 87 82 31 42
4002 51 62 11 84 92 77
4003 33 71 74
4004 64 77 22 28 34
4005 23 35 11 14
4006 48 52 98 42
4007 63 72 68 93 47 43
4008 13 54
4009 50 86 9 53 89 33
4010 24 82 4
4011 65 29
4012 27 41 13 62
4013 25 14 72 49
4014 40 8 13 9 20
4015 84 18 91
4016 26 94 99 74 91
4017 55 49 98
4018 22 42
4019 90 12 78
4020 31 20 40
4021 14 18 21 94 76
4022 92 66 94
4023 75 28 79 30 53 62
4024 36 11 26
4025 52 34 59 92 50 8
4026 86 7 65 90
4027 72 63 65 29
4028 82 35 22 65 13
4029 93 79 49 81 24
4030 83 45 64 63 4
4031 15 36 86 47
4032 78 21 42 93
4033 7 86 19 33
4034 34 62 72 96
4035 11 19 14 76 73
4036 86 90 31
4037 58 86 27 41
4038 64 73 57 83 25 1
4039 26 37 84 60 86 54
4040 7 34 75 96 87 78
4041 43 61
4042 74 36 19 92 90 58
4043 66 17 38 6
4044 96 98 3 20
4045 57 42 90 37 74
4046 97 63
4047 59 84 45 90 32 52
4048 19 13 17 59
4049 20 53 23
4050 70 3 90
4051 26 33 5
4052 99 94 18
4053 50 73 68 51 20 74
4054 21 11
4055 89 33 17 73
4056 28 38 75 7 60
4057 34 85 43
4058 1 13 41 46
4059 25 30
4060 64 52
4061 32 70
4062 3 13
4063 8 19 51 73 83 33
4064 30 75
4065 90 69 15 26
4066 86 9 42 32 49 6
4067 50 25 16 77 1
4068 32 5 57 23
4069 67 49 32 58 63 39
4070 100 29
4071 91 88 34 65 46
4072 71 86 42 36
4073 51 17 9 35
4074 43 80 68 79
4075 30 59 7 85 46 66
4076 64 40 44 65 17
4077 72 53 76 93
4078 7 3 77 73
4079 80 87 41 48 29 1
4080 11 96 89 51 77 37
4081 65 26
4082 44 57 32 29
4083 27 11 33
4084 70 75 4 28 23
4085 96 71 21
4086 66 101 13 93 37
4087 88 41
4088 60 77 37 89
4089 30 51
4090 83 25 45
4091 8 28 29 90 17 93
4092 5 31 4 68
4093 20 56 72
4094 40 31 62 4
4095 20 21 61 20 17 55
4096 47 42 72 51 19
4097 19 12 80
4098 77 101 48
4099 79 10 41 11
4100 3 98 8
4101 66 69 31
4102 21 91 101
4103 7 30
4104 63 85 43
4105 11 19
4106 3 5 27
4107 89 84 13 46 62
4108 65 73
4109 92 5 71 62
4110 65 24 82 28
4111 94 7 69 91 84
4112 29 52 95 85 90
4113 82 89 73 13 90
4114 68 8 62 68
4115 78 92
4116 53 4 82
4117 46 90 92 6
4118 40 52
4119 47 68 41 4
4120 24 96 2 38 19
4121 44 96 60 69
4122 86 99 62 73
4123 9 59 101 62 61 46
4124 34 7 69 29 55
4125 16 5
4126 56 5 32 74
4127 57 94 84 79 87 49
4128 32 65 17 38
4129 45 89 37 31
4130 85 22
4131 31 77
4132 84 11
4133 43 61
4134 14 19 44 38
4135 41 2 1 47
4136 10 52 3 58
4137 3 39 31 64 17
4138 18 18
4139 2 34 13 81 94 7
4140 9 20 11 15 39
4141 1 25 10 32 44
4142 63 25 24
4143 4 64 51 16 40 58
4144 9 69 11 61 68 49
4145 28 72
4146 79 67
4147 49 16 13 40 65 58
4148 34 45 74 26 36
4149 36 21 58 62
4150 71 59 33 83
4151 30 77 90 11
4152 37 7 9
4153 17 75 38 52 88
4154 2 12 28
4155 47 24 59
4156 27 69 56 66
4157 93 50 63
4158 34 81 15 51 75
4159 33 59 93
4160 20 58
4161 35 41 3 43 30 14
4162 19 3 10 71 42 45
4163 71 64
4164 23 66 63
4165 13 29 80 99 57 16
4166 51 33 86 4 75 29
4167 83 78 28 69 29 11
4168 43 7 12 85
4169 58 89 32 51
4170 63 40 48
4171 72 90 39 55
4172 72 49
4173 94 100
4174 10 76
4175 33 35 1 89 21 32
4176 21 7 12 39 92
4177 82 66 33 36
4178 9 12
4179 46 86
4180 57 95 65
4181 97 16 57
4182 98 94
4183 29 101 4 13 89 50
4184 52 86 39 16
4185 59 10 19
4186 90 9 31 6
4187 40 93 23 22 11
4188 51 71 45 25 98 75
4189 66 32 74 49
4190 8 97 66 48 18
4191 65 100 21 71 69
4192 34 59 1 68
4193 60 41 23 37
4194 28 40 9 88 58
4195 59 6
4196 67 30 10 62 63
4197 86 17
4198 23 84 24 72 32
4199 100 37 12 36
4200 47 78 51
4201 94 68
4202 10 62 10
4203 19 35 46 87 58
4204 86 48 37
4205 54 42 30 98
4206 23 16 29 93 76 67
4207 90 82 62 10 99
4208 99 21 4 10 29 26
4209 78 77 90 8 34
4210 62 4 88 49
4211 83 28 87 23 30 54
4212 27 69 75 26
4213 96 51 64 48
4214 98 79
4215 4 61 90 3
4216 10 25
4217 68 52 53 79
4218 69 92 24 58 95
4219 20 76 59
4220 76 52
4221 60 91 99 59 52 64
4222 57 98 91 5 66 73
4223 40 58
4224 29 36 32 23 6
4225 21 63 72 87
4226 32 8 46 86 55 30
4227 99 14 46 31
4228 90 36
4229 49 16 39 35 54
4230 21 45 79 10 76 27
4231 44 8
4232 3 5 29 78 43
4233 1 25 79 3
4234 31 95 2
4235 60 18 94 15 13 100
4236 9 32 74 52 28
4237 8 96
4238 5 62 24 57
4239 52 19 10 79
4240 76 5 62 47
4241 41 95
4242 61 5 90 52 3 10
4243 57 72 46 67
4244 61 18 32
4245 73 2
4246 49 49 91
4247 45 97 3 96 20
4248 70 5 99 74 25
4249 14 71 41 55
4250 33 66 32 77
4251 57 73 23 12
4252 72 78
4253 48 1 32 6 84
4254 33 28 62 22
4255 11 86 23 11 62
4256 86 25 54 98 33 50
4257 82 30 57
4258 76 46
4259 60 11 97 23 51 96
4260 73 82 17 64
4261 16 24
4262 97 49 89
4263 96 11 78 100
4264 55 82 52 91 42 67
4265 42 50 31
4266 100 9 66 98 85 18
4267 48 93 83 26 84 15
4268 15 39
4269 41 7 59
4270 93 37
4271 46 44
4272 69 4 70
4273 4 4 55
4274 17 78 54 10 14 71
4275 29 90 15
4276 24 22 49
4277 7 9 97
4278 55 96 86
4279 74 28 85 67
4280 65 100 92
4281 36 9 47
4282 36 66
4283 50 64 50 2
4284 44 88
4285 96 62 50
4286 43 2 68 3 65
4287 79 34
4288 53 58 35 84 66
4289 25 14 32 41 4
4290 14 69 12 28
4291 47 82
4292 52 5 35
4293 10 101 86 29 77
4294 6 26 6
4295 31 46 1
4296 72 91 65 55
4297 51 39 50 95 49
4298 34 19 30 93 34 82
4299 35 9 16 54
4300 68 101 30 55 54 58
4301 92 29
4302 99 7 52
4303 43 96 1 22 14 51
4304 77 14 98 51
4305 33 80 76 53 85
4306 23 20 99 52 68
4307 1 91 94 64 10 80
4308 73 42 23 47 59
4309 69 79 34
4310 45 99
4311 51 16
4312 90 47 88 101 17
4313 99 61 75 22 86 37
4314 8 18 91
4315 33 42 98 37 71 67
4316 68 13 1
4317 87 30
4318 80 19 21 25
4319 20 33 81 100 91
4320 91 92 34 85 20 6
4321 9 82 85 98 76
4322 71 35 69
4323 44 101 85 21
4324 41 85 12
4325 13 49 1 20 53 96
4326 10 92 95 59
4327 60 63
4328 22 85 100 44
4329 9 71
4330 81 100 14
4331 36 45
4332 35 31 99 48
4333 24 69 10 72 62
4334 74 82
4335 83 84 55 62 21 38
4336 50 32
4337 87 30 90
4338 51 18 13
4339 46 80 100 68 87
4340 80 10 26 53 33 92
4341 60 86 72 83
4342 14 90 49 44 48 8
4343 38 56
4344 66 24 9 85
4345 15 41
4346 7 92
4347 73 85 29 100
4348 53 75 32 18 94
4349 62 15 52
4350 91 97 87 62 2
4351 56 83
4352 54 70 87 57 18
4353 18 62 35 23 40 28
4354 41 73
4355 39 45
4356 98 74
4357 33 101 39
4358 53 81 87 41 39
4359 63 90 75 21 41 36
4360 96 59 17 93 23 68
4361 75 7
4362 87 76 9 91 29 64
4363 84 50 76 96 38 82
4364 75 27 56 46 49 38
4365 34 56 60 14 46
4366 66 49 5 77
4367 93 15 31
4368 29 65 51 18 85
4369 20 45 94 19
4370 63 7 84 25 101
4371 95 72 12
4372 49 69 57 93 44 36
4373 78 19 48 21
4374 88 14 53
4375 91 37 85 35 31
4376 92 43 95
4377 25 45 22
4378 15 98
4379 10 95 80
4380 23 29 23 5
4381 26 52 29 72
4382 77 92 75 53
4383 6 98 94 58 1 11
4384 72 65
4385 71 67 28
4386 23 40 92 85
4387 30 83 90 8 47 2
4388 58 29 28 68 97
4389 26 31 55 4 5
4390 21 43
4391 1 20 81
4392 6 30
4393 10 35 53 39 65
4394 100 99 43 15
4395 35 73 15 21 75
4396 80 82 79 72 26 59
4397 25 82 12 47
4398 83 90 63 93
4399 56 40 36 37 64
4400 71 79 42 47
4401 37 95
4402 23 8 31 85
4403 65 8 32 40
4404 57 41 93
4405 32 77 11 95
4406 70 37 77
4407 10 13 40
4408 83 13 38
4409 37 93 6 70 90 77
4410 8 52
4411 3 1 4 100 18
4412 23 57 50 87 47 32
4413 100 13
4414 96 46 5 15 77
4415 93 16
4416 77 86 79
4417 20 9 71
4418 65 86 79
4419 68 36 62 38 54
4420 8 70 33 23 85 24
4421 35 87 85 12
4422 25 40 93 19 82
4423 64 81 28 48 78
4424 5 57 84 46 4
4425 2 17
4426 15 55 51 89 47
4427 37 57
4428 69 75 96
4429 17 87
4430 2 11 45
4431 33 87 101 42 76
4432 51 76 95
4433 35 85 63 57
4434 4 93 17
4435 69 44
4436 25 44 79 65 49
4437 48 2 74 70 22 91
4438 27 91 42 14
4439 70 43 9 51 100 94
4440 25 83 60 75 10
4441 8 95
4442 49 101 67 51 60
4443 46 94 53 51 83
4444 10 91 24 44 39 78
4445 44 75 92 74 65 18
4446 24 41
4447 53 38 70
4448 19 91 1
4449 26 87 91 66 64
4450 74 48 44 63 76 6
4451 23 26 57
4452 37 27
4453 95 67
4454 45 66 5 51 40
4455 78 69 20 95 40
4456 31 96 70 60 59
4457 60 20 93 81 23
4458 34 5 39
4459 65 39 72 26 50 55
4460 3 39 96 12
4461 16 75
4462 42 52 22 66
4463 56 78 36 35 16
4464 9 4 55 69 90
4465 93 83
4466 77 74
4467 22 9 11 60 21 82
4468 51 17 46
4469 49 24 20 36
4470 6 99 15
4471 88 79 10 46 64 73
4472 84 46 37 92
4473 39 47 6 81 82 51
4474 74 90 80 16 84
4475 84 94 16 26 5
4476 89 64 65 50 82 67
4477 20 28
4478 40 92 60 58
4479 81 74 81 80 87 46
4480 22 74 16 88 10
4481 100 21 68 27
4482 17 42 20 25 3 17
4483 52 74 19 3 95
4484 23 5 87
4485 97 4 21 62 16 54
4486 35 41 80
4487 5 83
4488 46 42 21 26 2
4489 98 57 26 4
4490 38 25 74
4491 88 88
4492 33 74 84 31
4493 53 55 100 84 27 4
4494 9 101 6 14 85
4495 45 95 50 53 58
4496 76 29 33 64 43 26
4497 10 78 89 12 27 95
4498 88 11 78 79 59 42
4499 44 60 12 62
4500 5 34
4501 37 38 22
4502 26 101 21 44 78 33
4503 22 31 61 99 15 95
4504 69 85 84
4505 20 3 65 5 62
4506 72 69 8 71 73
4507 36 68 3 96 25 99
4508 25 9 18 34
4509 60 55 25 43
4510 50 42 2
4511 68 50 54 87
4512 68 4
4513 31 8 27 21
4514 87 39 74 38 82 78
4515 95 53 99 20
4516 43 62 55 97
4517 91 82 33 9 31 48
4518 55 33 91
4519 100 53 88
4520 56 87 39 51 10 88
4521 100 66 65 45 54 69
4522 24 17 14
4523 30 8 44 38 49 20
4524 79 101 25 1 32
4525 56 40 80
4526 24 26 58 15
4527 67 40 60 11 76 29
4528 57 60 38 90
4529 92 74 63 94 60
4530 29 61
4531 73 23
4532 31 50 97 33 73
4533 7 43 4 31 87 97
4534 39 27 57 14 87
4535 7 73 26 71
4536 1 97 27 51 22 9
4537 33 58 64 14 51
4538 54 13 55
4539 89 78 25 99 16
4540 13 7 6 43 8 88
4541 52 36
4542 1 26 12 76
4543 41 17 57 66 69 27
4544 87 36 46 85 42 101
4545 67 95 64
4546 6 3 99 94 45
4547 23 22 11 10 44
4548 46 24 22 83 48 98
4549 22 84 90 15
4550 6 44
4551 12 70 66
4552 55 65 83 92 53 71
4553 57 23 89
4554 85 44 61
4555 82 100 93 26 8
4556 29 87 25 57 75
4557 22 43 74 63 89
4558 15 65 88 13 30
4559 64 52 96 13
4560 14 11
4561 23 22 74 99 14
4562 38 71 99 92 5
4563 57 2 99
4564 33 48
4565 55 87 48 79 13 92
4566 26 11 3 65 6 42
4567 88 69 49
4568 21 23 38 66
4569 97 97 63
4570 30 17 96 31 13 39
4571 21 98 80 3 26
4572 55 90 20 70 60
4573 59 81 91 35 65 14
4574 70 11 94
4575 59 44
4576 91 61 39
4577 80 20
4578 47 81
4579 98 35
4580 10 91
4581 33 68 92 18 43
4582 42 2 20 96 98
4583 70 96 22 98 42
4584 70 98
4585 44 32
4586 83 81 19
4587 18 4 22 52 53 61
4588 24 49
4589 59 94 59 46 42 66
4590 55 28 33 10 1
4591 97 93 87 68
4592 99 87 88 22
4593 56 88 68 20
4594 26 55 50
4595 37 92 8 62
4596 54 72 91 18 81 60
4597 37 65 12 42
4598 15 84 46 21
4599 26 75 29
4600 26 72 86 53 64
4601 75 7 52 98 81
4602 17 60 79 72 11 16
4603 23 14 32
4604 9 42 63
4605 37 79 17 10 69
4606 77 42 1 54
4607 7 28
4608 40 99 46 47 86
4609 75 24
4610 14 28 44 101 84
4611 54 44 54
4612 49 44
4613 45 68
4614 88 3 85 82 40 48
4615 51 75 90 74
4616 27 19 54 30 64
4617 39 96 72 25 8
4618 10 14 59 32 25
4619 97 7 28 81
4620 5 6
4621 39 41 20
4622 81 7 78 98
4623 19 67
4624 9 10 37 54 74 93
4625 77 58 78 5 90
4626 81 52 47
4627 30 23 8 5
4628 65 82 91 89
4629 12 43 56 81 76
4630 83 45 89
4631 44 63
4632 43 49
4633 33 47 92 20 67 87
4634 72 101
4635 13 59 39
4636 22 92 68 77
4637 60 40 55
4638 29 37 22 92
4639 18 38 75 90 39 95
4640 6 27 83 48
4641 31 46 2 25
4642 99 52 94 34 97 6
4643 29 14 32
4644 6 99 44
4645 98 34 10 47 18 92
4646 67 99 23 71 24
4647 12 84 49 24
4648 19 58
4649 15 65 70 79 38 97
4650 65 14 62 12 45
4651 24 68 13 38 32
4652 79 42 3 64
4653 48 23 42 94 54
4654 72 41 68 19 8
4655 78 30 52 64 67 95
4656 85 39 66 74 83 22
4657 84 85 84 70 6
4658 99 26
4659 86 69 47 23 63 39
4660 63 21 6 100 14 41
4661 65 34 53
4662 26 62 3 30
4663 24 62 61 28
4664 35 50 3 73
4665 84 84 56 49 74
4666 91 93
4667 56 48 96
4668 7 80 84 9 60
4669 11 76
4670 39 8 71 56 20 64
4671 93 87 23 12 96 34
4672 19 57 19 9
4673 8 71 33 87
4674 46 94 83 29
4675 51 32 21 34
4676 55 33 70 12
4677 6 4 70
4678 68 65
4679 3 49 13
4680 62 38 44 32
4681 27 57
4682 21 84 95 54 86
4683 56 5 3
4684 94 30 26 63
4685 99 96 58 94
4686 8 96 32 13
4687 51 50 32
4688 69 81 74 38 70 92
4689 4 79 12 13
4690 59 70 46 17 32
4691 61 88 101 25 1 94
4692 90 47 73 17 88
4693 49 27 29
4694 51 60 11 33 77
4695 49 11 93 23 59
4696 35 82 26 83
4697 22 87 19 83 23
4698 45 80 2 8 10
4699 20 7 29
4700 85 9 89 16 95
4701 91 90 77 53 58 30
4702 22 31 88 74 6
4703 32 99 9 73 40 54
4704 44 101 44
4705 49 13 76 40 67
4706 7 89
4707 58 8 68
4708 31 11 14 4 59 20
4709 46 74 98
4710 84 64 81 30
4711 1 98 25 9
4712 48 71 42 59 44
4713 53 95 77 56 101
4714 90 32 55 56
4715 97 13 44 14
4716 71 75 3 31 70 90
4717 73 71 36 79
4718 22 62 40
4719 43 26 48 34
4720 100 36
4721 50 98 31 76 26
4722 44 32 21
4723 61 97 29
4724 59 74
4725 9 59 31 97 78
4726 81 57 7 87
4727 37 28 37 93 22
4728 49 45 48 7 12
4729 64 13
4730 81 95 50 54 92 60
4731 64 52
4732 35 43 29 49 98
4733 94 61 92 90 65
4734 43 1 56
4735 50 50 20 96
4736 20 33
4737 24 15
4738 62 18
4739 94 58 83
4740 99 59 82 44 60
4741 41 49 42 58 29
4742 69 51 21
4743 89 9 66 75 50 92
4744 60 73 57 75 64 65
4745 31 68 41 100 58 28
4746 6 22 71
4747 75 32 22
4748 27 16 5 43 19 59
4749 63 71 88 54 16 18
4750 4 37 63 89 100 29
4751 79 70 55 86 10
4752 100 77 42 93 36
4753 31 62 50
4754 89 97 76 98 75 83
4755 10 93
4756 81 14 43 87 98
4757 57 1 11
4758 59 100 41 27 22
4759 60 27 38
4760 78 4 28
4761 13 72 46 15 92 52
4762 22 23 98 97 12
4763 83 50 21 95
4764 97 60 61 55
4765 88 34 65
4766 13 16 75 46 77
4767 66 97
4768 28 4 1 8 100
4769 68 29 3 5
4770 53 22
4771 16 72 9 76 25
4772 10 32 53
4773 64 4 68 21 25 81
4774 18 86 80 68 75
4775 24 89 64 46 49
4776 2 81 51 80 100 49
4777 5 69 32 19 27 75
4778 71 98
4779 97 92 6 29
4780 23 98 63 72 35
4781 16 12
4782 7 55
4783 57 44 25
4784 9 47
4785 3 49 59 91
4786 78 69
4787 94 5 37 45 53 44
4788 67 66 70
4789 25 101 12 23 92
4790 61 101
4791 40 74 35 49 5
4792 22 53 99
4793 59 34
4794 86 39
4795 10 59 37
4796 11 92
4797 35 95 98 81
4798 48 80 98
4799 38 66 19 7
4800 25 56 28 49 44 85
4801 13 79 22
4802 66 20
4803 100 23 49 50
4804 57 43
4805 94 49 56 45 96
4806 65 53
4807 27 31 98 85 63 82
4808 48 87 14 13 72 36
4809 94 65 50 69 27 23
4810 75 98 94 100 47 69
4811 18 44 3 30 13
4812 94 49
4813 67 49 76
4814 52 22 42 43 63 91
4815 75 64 34 31
4816 48 98 69 86 71
4817 38 23 91
4818 63 76 88 26 90 70
4819 65 12 91 8 43
4820 80 57 79 1
4821 87 4 83 62 6 69
4822 41 32 47 76 10
4823 73 72
4824 33 73
4825 12 97 7 77
4826 35 24 63 55 95
4827 82 20 1
4828 53 49
4829 36 70 58 57 32 59
4830 4 85
4831 73 64 2 86 44 52
4832 13 60 22 17
4833 88 74
4834 29 11
4835 72 69 28 65 4
4836 29 94 73 33 48 76
4837 98 57
4838 83 77 54 5 86 75
4839 74 16 29 66 78 53
4840 43 4 98
4841 42 60 62 67
4842 30 68 60 31 40
4843 61 17 1 67 89
4844 45 44
4845 68 55 57
4846 58 99 40 89
4847 66 27
4848 60 53 20 81 27 61
4849 76 45 20 84 44
4850 82 98 45
4851 80 6
4852 94 72 45
4853 70 23 97 84
4854 10 48
4855 11 68 63 60 29
4856 2 83 75 74
4857 78 81 59 32 30
4858 46 70 62
4859 27 18 81 48 37
4860 62 26
4861 85 100 45
4862 96 97 33 14 72
4863 59 93 67 63 28
4864 27 14 7 2 92 39
4865 9 74 70 30
4866 63 40
4867 84 8 98 87 59
4868 22 63 55 29
4869 100 5 13 16 75 7
4870 30 61
4871 24 16 82
4872 60 17 89 43 79
4873 72 20 64 60 25
4874 90 35
4875 19 6 98 52 25 94
4876 88 80
4877 78 49 12 78
4878 61 82 41 25
4879 25 62 16 8 76
4880 36 26 75 97 57
4881 60 56 91
4882 59 27 11 77 12 93
4883 44 18
4884 49 84 53
4885 72 52 8 89
4886 52 73 5
4887 17 62 45 73 93
4888 67 50 22 44 99
4889 61 63 55 91 7 17
4890 71 10 2 92
4891 75 30 96 90
4892 64 38 10 6
4893 92 39 26 33
4894 46 91 39 71 37
4895 82 97 3 55
4896 59 68 39 53 77
4897 47 42 60 99 85 16
4898 78 76
4899 12 72 84 97
4900 28 76
4901 83 29 5 64
4902 14 13 6 54
4903 15 23 82 7
4904 89 64 70 69 94 89
4905 42 75 46
4906 82 29 16
4907 20 63 79 78
4908 9 61 99
4909 92 96
4910 57 99
4911 34 64 47 3 55 98
4912 17 4
4913 69 34
4914 5 55 4 80
4915 47 63 23 47 90
4916 52 44 4 64 32 85
4917 3 29 87 2 45
4918 88 36 73
4919 38 91 12 47
4920 54 85 72
4921 4 43 93 74 36
4922 24 54 21 46 95
4923 82 8 6 87
4924 8 22 55
4925 53 38 33
4926 68 9 65 43
4927 82 77 94 11
4928 90 72
4929 94 36
4930 87 57 35 36 33 64
4931 47 99 53 56
4932 64 28 80
4933 1 15 38 10
4934 93 73 101 14
4935 54 88 15 6
4936 1 12 46
4937 27 39 27 45 76
4938 98 65 99 72 87 63
4939 70 62 2 8 13
4940 6 31 37 45 71 84
4941 68 84 1 61
4942 36 96
4943 12 80 6
4944 83 21 86 6
4945 48 18 24 49 52 4
4946 100 93 58 96 59
4947 28 30
4948 19 93 51 36 86 35
4949 5 3 26 86 51 78
4950 59 93
4951 63 85 66
4952 1 22
4953 100 14 64 85
4954 39 87 81
4955 38 10 27 33
4956 5 37
4957 89 26 80 8 95
4958 89 24 71 89 20
4959 7 44
4960 72 60
4961 65 100 26
4962 91 7 15 98 76 61
4963 29 101 44
4964 84 11 6 8 28 70
4965 86 61
4966 67 13
4967 24 89 40 97 100
4968 71 72 85 19 32 6
4969 64 99 57 27 34 4
4970 32 45 75
4971 81 97 43 91 31
4972 68 5
4973 48 36 94 89 48
4974 91 14
4975 2 101 63
4976 70 16 66
4977 21 10 26 52
4978 22 14 98
4979 12 36
4980 92 2
4981 61 87 70 68 35 8
4982 72 67 87
4983 22 62 50 76 81 57
4984 80 63 16 73 48 4
4985 82 3 85 87 8
4986 26 11
4987 40 94 89 95
4988 28 76 17 39 59
4989 75 25 35 86
4990 41 2 81 34 16
4991 80 8 16
4992 62 52 4 33 74
4993 71 92 12
4994 52 95 6 16 101 68
4995 59 94
4996 76 35 54 68
4997 36 3 55 15 48
4998 82 13 68
4999 74 52
5000 15 31 96 18 23
