2000 50
1 36 982
2 38 508
3 26 10
4 13 660
5 22 941
6 26 258
7 27 940
8 4 757
9 27 773
10 19 723
11 45 809
12 31 802
13 48 700
14 19 132
15 37 254
16 21 525
17 36 255
18 19 929
19 5 12
20 9 584
21 49 122
22 25 453
23 37 481
24 22 61
25 18 307
26 33 52
27 41 860
28 34 690
29 1 684
30 32 747
31 3 11
32 12 711
33 24 509
34 6 775
35 45 185
36 29 447
37 29 937
38 13 418
39 4 731
40 22 239
41 28 921
42 32 202
43 27 746
44 4 599
45 42 937
46 35 301
47 38 836
48 41 526
49 25 296
50 9 63
51 10 841
52 7 942
53 38 836
54 48 461
55 44 220
56 14 674
57 16 386
58 16 541
59 10 351
60 45 706
61 37 670
62 46 131
63 40 401
64 46 660
65 2 297
66 40 628
67 37 527
68 5 719
69 45 204
70 11 115
71 14 540
72 4 803
73 42 785
74 47 64
75 16 49
76 12 436
77 34 585
78 40 102
79 23 229
80 13 238
81 16 403
82 18 60
83 37 338
84 45 225
85 30 564
86 17 605
87 31 335
88 6 740
89 20 983
90 15 680
91 38 427
92 9 105
93 46 337
94 33 689
95 26 235
96 11 477
97 10 809
98 38 73
99 4 962
100 25 155
101 29 534
102 23 259
103 4 202
104 29 551
105 28 502
106 26 964
107 38 34
108 14 209
109 50 926
110 5 580
111 39 1000
112 25 353
113 15 42
114 4 535
115 24 943
116 4 540
117 15 335
118 4 889
119 1 38
120 6 629
121 20 251
122 50 212
123 24 255
124 32 318
125 8 783
126 23 739
127 41 850
128 32 686
129 11 928
130 34 911
131 4 311
132 41 444
133 37 498
134 8 343
135 20 120
136 13 843
137 30 680
138 8 214
139 17 137
140 36 51
141 12 966
142 48 900
143 10 493
144 16 79
145 21 107
146 46 59
147 30 926
148 32 819
149 17 428
150 20 847
151 24 139
152 6 385
153 7 335
154 8 18
155 40 432
156 32 800
157 3 149
158 15 868
159 22 181
160 19 557
161 42 69
162 18 834
163 45 561
164 27 229
165 37 203
166 21 56
167 5 277
168 42 1000
169 8 775
170 13 613
171 37 685
172 1 214
173 37 363
174 1 378
175 24 842
176 45 353
177 18 946
178 39 285
179 35 307
180 5 884
181 34 424
182 11 675
183 28 717
184 36 973
185 29 975
186 31 166
187 45 579
188 20 57
189 46 1000
190 48 990
191 9 683
192 48 379
193 8 487
194 49 257
195 39 148
196 15 458
197 25 151
198 7 741
199 27 723
200 22 474
201 33 18
202 9 537
203 25 32
204 13 852
205 12 467
206 18 667
207 38 989
208 21 16
209 28 575
210 47 639
211 26 305
212 29 265
213 28 422
214 29 883
215 7 419
216 23 515
217 4 577
218 48 896
219 45 186
220 33 735
221 25 352
222 6 534
223 13 865
224 36 911
225 11 337
226 12 940
227 12 202
228 47 423
229 47 60
230 5 762
231 2 987
232 17 231
233 20 449
234 48 797
235 42 377
236 45 850
237 41 597
238 31 743
239 1 663
240 16 789
241 15 507
242 42 219
243 46 894
244 27 846
245 8 682
246 40 730
247 44 863
248 24 369
249 8 27
250 38 28
251 7 451
252 14 374
253 38 185
254 22 839
255 40 164
256 43 655
257 13 312
258 35 478
259 11 102
260 24 225
261 38 696
262 25 403
263 26 921
264 13 982
265 8 273
266 5 277
267 5 538
268 45 20
269 22 770
270 8 604
271 32 249
272 21 908
273 50 574
274 47 109
275 25 878
276 2 893
277 10 445
278 48 922
279 24 107
280 15 398
281 6 407
282 8 21
283 50 921
284 2 183
285 20 106
286 21 421
287 22 72
288 21 207
289 17 487
290 46 506
291 44 74
292 47 320
293 26 467
294 8 665
295 9 773
296 24 347
297 6 340
298 16 661
299 19 623
300 33 435
301 48 311
302 38 797
303 27 904
304 21 49
305 41 648
306 2 625
307 13 577
308 16 628
309 22 549
310 10 256
311 36 17
312 36 741
313 48 909
314 1 620
315 35 834
316 11 596
317 11 227
318 28 208
319 31 469
320 23 383
321 43 758
322 31 742
323 4 973
324 23 225
325 6 868
326 29 898
327 6 829
328 16 702
329 36 592
330 17 424
331 32 948
332 26 926
333 28 784
334 48 99
335 6 820
336 36 878
337 9 263
338 20 414
339 48 88
340 26 835
341 37 377
342 24 472
343 40 852
344 21 696
345 34 921
346 42 905
347 22 433
348 33 73
349 12 482
350 40 970
351 27 198
352 14 151
353 39 701
354 7 990
355 36 200
356 14 607
357 13 682
358 26 510
359 1 511
360 26 937
361 44 802
362 30 906
363 6 662
364 34 721
365 12 249
366 41 974
367 12 375
368 22 821
369 15 938
370 48 329
371 6 710
372 44 773
373 11 390
374 41 43
375 43 739
376 16 111
377 12 325
378 38 433
379 32 150
380 31 278
381 40 380
382 33 385
383 14 908
384 28 770
385 18 552
386 15 635
387 32 101
388 15 870
389 44 632
390 18 935
391 20 477
392 31 22
393 15 765
394 34 412
395 48 342
396 43 646
397 13 11
398 29 819
399 23 270
400 14 723
401 10 176
402 25 26
403 40 10
404 41 186
405 38 232
406 11 987
407 32 543
408 11 170
409 37 920
410 39 460
411 24 46
412 4 514
413 34 487
414 46 247
415 15 922
416 46 952
417 45 573
418 12 851
419 48 321
420 9 652
421 13 925
422 28 830
423 42 353
424 33 800
425 38 308
426 28 546
427 9 761
428 11 696
429 22 496
430 30 745
431 16 430
432 45 140
433 43 161
434 37 889
435 13 968
436 10 140
437 22 119
438 34 389
439 22 563
440 15 201
441 24 742
442 42 562
443 18 211
444 32 774
445 50 218
446 29 512
447 23 320
448 30 143
449 32 315
450 28 914
451 46 227
452 25 467
453 1 674
454 5 385
455 20 263
456 32 704
457 15 568
458 23 877
459 2 814
460 16 751
461 30 504
462 45 218
463 6 32
464 34 417
465 35 810
466 17 437
467 49 923
468 41 402
469 30 187
470 19 996
471 3 690
472 19 653
473 34 896
474 6 57
475 25 937
476 16 562
477 34 833
478 47 789
479 19 629
480 7 949
481 36 724
482 21 882
483 16 114
484 35 297
485 14 568
486 30 962
487 28 717
488 33 873
489 2 486
490 12 755
491 36 411
492 15 851
493 30 669
494 35 329
495 31 390
496 49 807
497 37 730
498 25 441
499 12 738
500 4 469
501 31 80
502 21 129
503 44 91
504 21 709
505 2 350
506 1 221
507 23 473
508 25 699
509 48 236
510 12 888
511 13 307
512 32 357
513 4 822
514 24 903
515 2 849
516 20 337
517 4 565
518 3 487
519 38 39
520 36 986
521 24 19
522 35 528
523 34 138
524 37 30
525 34 26
526 17 303
527 19 217
528 46 199
529 21 397
530 41 671
531 43 276
532 5 921
533 34 628
534 5 817
535 7 617
536 35 564
537 2 135
538 35 444
539 8 503
540 39 748
541 1 701
542 45 226
543 28 309
544 50 539
545 19 37
546 34 307
547 36 134
548 45 726
549 6 534
550 32 120
551 11 545
552 30 72
553 34 101
554 44 359
555 20 800
556 41 661
557 47 943
558 20 823
559 34 894
560 28 973
561 26 40
562 24 937
563 47 972
564 46 149
565 34 994
566 47 41
567 13 295
568 12 558
569 20 300
570 8 888
571 49 257
572 38 723
573 16 898
574 4 355
575 4 93
576 49 93
577 33 932
578 42 492
579 8 871
580 22 412
581 39 786
582 31 317
583 32 483
584 30 367
585 40 337
586 19 918
587 16 535
588 37 369
589 2 375
590 8 419
591 42 676
592 50 42
593 34 315
594 23 278
595 18 204
596 21 472
597 22 712
598 36 986
599 12 757
600 28 288
601 32 339
602 11 916
603 46 973
604 10 291
605 24 565
606 9 826
607 2 383
608 39 880
609 7 680
610 36 386
611 38 593
612 19 203
613 38 416
614 46 169
615 36 694
616 23 231
617 38 669
618 7 789
619 4 723
620 31 260
621 29 605
622 50 467
623 7 212
624 20 590
625 6 488
626 45 648
627 40 414
628 35 161
629 46 586
630 35 719
631 5 899
632 33 622
633 6 771
634 38 938
635 28 96
636 2 666
637 10 259
638 32 238
639 5 988
640 36 71
641 31 690
642 24 284
643 18 637
644 30 807
645 27 509
646 41 133
647 28 231
648 31 96
649 41 315
650 4 399
651 19 901
652 4 59
653 1 58
654 13 626
655 38 670
656 8 648
657 22 625
658 27 929
659 18 499
660 40 355
661 49 256
662 47 911
663 25 713
664 14 616
665 40 469
666 49 294
667 14 589
668 49 953
669 27 608
670 6 231
671 6 304
672 32 304
673 2 829
674 43 425
675 49 738
676 32 846
677 7 578
678 15 313
679 11 883
680 13 33
681 9 354
682 1 431
683 8 208
684 33 594
685 47 11
686 10 100
687 23 202
688 42 624
689 35 254
690 43 498
691 13 134
692 49 785
693 32 874
694 45 825
695 33 375
696 35 292
697 45 916
698 7 120
699 39 126
700 48 729
701 41 262
702 44 363
703 11 562
704 39 32
705 10 792
706 38 228
707 23 204
708 17 438
709 25 515
710 44 637
711 15 771
712 20 574
713 13 123
714 46 765
715 18 344
716 31 613
717 10 56
718 2 569
719 13 873
720 32 405
721 32 646
722 29 910
723 8 951
724 2 335
725 6 415
726 28 512
727 47 651
728 20 342
729 50 738
730 9 101
731 10 61
732 17 507
733 20 622
734 38 51
735 48 361
736 33 538
737 30 821
738 45 776
739 8 403
740 6 598
741 15 344
742 48 53
743 19 278
744 31 151
745 37 409
746 16 107
747 1 137
748 31 60
749 10 529
750 31 866
751 47 330
752 39 455
753 29 208
754 33 827
755 31 742
756 39 197
757 22 151
758 40 745
759 1 105
760 35 978
761 2 399
762 29 209
763 20 390
764 14 894
765 45 248
766 28 922
767 40 448
768 12 680
769 40 702
770 36 272
771 44 976
772 10 31
773 18 1000
774 34 451
775 21 435
776 40 549
777 39 811
778 7 148
779 24 519
780 13 24
781 36 478
782 39 445
783 34 143
784 27 559
785 28 906
786 9 745
787 49 928
788 26 511
789 46 184
790 18 953
791 19 104
792 25 778
793 12 24
794 42 629
795 38 855
796 42 878
797 22 547
798 18 943
799 6 347
800 40 409
801 45 28
802 14 946
803 45 308
804 50 941
805 14 963
806 34 370
807 43 462
808 44 315
809 41 473
810 17 591
811 22 668
812 17 907
813 8 732
814 31 248
815 8 381
816 24 402
817 46 168
818 28 501
819 42 915
820 41 943
821 25 193
822 38 448
823 21 90
824 33 713
825 22 910
826 49 663
827 9 258
828 19 761
829 29 33
830 32 255
831 27 810
832 22 356
833 33 13
834 26 514
835 22 363
836 3 659
837 30 901
838 13 154
839 6 957
840 17 496
841 2 119
842 23 467
843 5 211
844 31 404
845 8 890
846 40 834
847 8 239
848 50 358
849 31 529
850 45 888
851 1 772
852 1 410
853 50 160
854 29 275
855 42 164
856 24 669
857 23 808
858 45 52
859 43 200
860 47 313
861 10 786
862 2 374
863 22 210
864 6 270
865 31 320
866 31 155
867 4 504
868 19 947
869 50 40
870 3 986
871 24 854
872 42 265
873 46 314
874 33 856
875 44 666
876 48 963
877 49 748
878 15 921
879 2 908
880 18 428
881 36 652
882 43 951
883 30 618
884 24 618
885 49 147
886 17 13
887 9 100
888 4 559
889 35 974
890 15 104
891 32 448
892 9 839
893 22 532
894 13 803
895 25 450
896 2 752
897 47 666
898 17 15
899 40 690
900 14 791
901 6 874
902 9 838
903 29 846
904 16 718
905 50 287
906 41 298
907 37 51
908 3 703
909 34 219
910 6 586
911 31 835
912 25 639
913 44 554
914 48 554
915 47 167
916 41 791
917 37 797
918 38 116
919 48 232
920 47 592
921 48 637
922 30 227
923 15 110
924 28 48
925 15 206
926 42 605
927 35 591
928 39 89
929 4 242
930 17 700
931 20 689
932 22 257
933 41 49
934 21 182
935 32 779
936 26 793
937 46 576
938 25 822
939 45 118
940 2 267
941 41 798
942 33 737
943 43 602
944 41 816
945 3 475
946 27 391
947 42 391
948 11 73
949 27 82
950 20 181
951 39 598
952 42 26
953 33 494
954 36 455
955 18 772
956 50 741
957 3 929
958 17 760
959 42 719
960 35 110
961 20 984
962 46 481
963 29 91
964 37 1000
965 32 872
966 43 165
967 31 722
968 39 866
969 41 616
970 28 737
971 31 645
972 9 331
973 50 737
974 21 101
975 42 887
976 34 357
977 27 49
978 44 493
979 20 34
980 45 199
981 8 446
982 26 590
983 6 153
984 37 294
985 42 945
986 17 884
987 48 222
988 22 612
989 42 827
990 5 564
991 13 449
992 49 624
993 21 682
994 34 653
995 50 541
996 16 933
997 16 904
998 47 957
999 33 102
1000 37 860
1001 11 250
1002 15 837
1003 28 609
1004 40 108
1005 36 572
1006 14 484
1007 24 483
1008 9 695
1009 47 798
1010 37 716
1011 6 533
1012 44 203
1013 22 915
1014 43 337
1015 2 762
1016 16 46
1017 43 153
1018 1 991
1019 29 387
1020 41 780
1021 5 268
1022 10 257
1023 13 539
1024 14 801
1025 40 41
1026 21 278
1027 12 546
1028 43 539
1029 20 484
1030 1 282
1031 10 266
1032 12 730
1033 41 395
1034 13 338
1035 13 107
1036 41 398
1037 2 407
1038 49 273
1039 30 184
1040 25 926
1041 27 838
1042 8 122
1043 35 817
1044 48 45
1045 25 385
1046 38 691
1047 18 715
1048 45 771
1049 49 343
1050 13 618
1051 7 896
1052 7 833
1053 12 582
1054 5 689
1055 40 993
1056 23 906
1057 44 743
1058 27 13
1059 9 281
1060 49 887
1061 48 644
1062 12 840
1063 6 490
1064 27 737
1065 45 167
1066 9 338
1067 31 553
1068 38 52
1069 47 612
1070 35 273
1071 35 526
1072 15 607
1073 43 701
1074 15 370
1075 14 192
1076 41 496
1077 18 378
1078 39 585
1079 48 469
1080 9 829
1081 30 557
1082 19 379
1083 5 880
1084 12 818
1085 22 13
1086 23 343
1087 10 227
1088 20 21
1089 48 679
1090 10 21
1091 12 313
1092 4 127
1093 5 524
1094 41 845
1095 29 765
1096 15 607
1097 33 364
1098 21 630
1099 26 896
1100 15 729
1101 47 846
1102 13 427
1103 27 116
1104 33 770
1105 36 670
1106 24 779
1107 37 670
1108 19 27
1109 45 492
1110 47 454
1111 31 81
1112 27 717
1113 28 582
1114 43 873
1115 14 209
1116 21 152
1117 18 744
1118 17 583
1119 37 566
1120 46 424
1121 33 473
1122 12 80
1123 48 797
1124 30 838
1125 26 775
1126 11 332
1127 39 215
1128 43 281
1129 42 64
1130 10 763
1131 23 541
1132 25 866
1133 14 272
1134 2 891
1135 40 618
1136 36 196
1137 19 549
1138 4 823
1139 21 430
1140 15 140
1141 32 709
1142 33 932
1143 31 502
1144 3 795
1145 12 157
1146 18 159
1147 30 948
1148 10 539
1149 16 413
1150 27 476
1151 45 967
1152 19 340
1153 30 922
1154 37 656
1155 33 750
1156 34 480
1157 18 907
1158 32 416
1159 13 667
1160 42 178
1161 26 614
1162 21 401
1163 36 949
1164 46 820
1165 17 825
1166 12 956
1167 19 764
1168 43 438
1169 21 884
1170 17 132
1171 6 211
1172 36 771
1173 37 936
1174 14 653
1175 25 56
1176 30 107
1177 41 586
1178 33 640
1179 23 603
1180 43 539
1181 38 691
1182 36 609
1183 47 250
1184 34 727
1185 15 54
1186 39 486
1187 8 907
1188 24 749
1189 37 134
1190 15 434
1191 22 31
1192 34 387
1193 42 909
1194 39 656
1195 1 848
1196 22 859
1197 27 144
1198 19 891
1199 33 229
1200 10 602
1201 43 124
1202 25 204
1203 14 611
1204 12 429
1205 39 778
1206 49 860
1207 18 906
1208 45 665
1209 28 750
1210 47 367
1211 3 167
1212 8 382
1213 40 565
1214 25 921
1215 28 964
1216 36 115
1217 18 434
1218 39 546
1219 32 436
1220 28 324
1221 35 878
1222 7 435
1223 42 196
1224 20 685
1225 11 182
1226 45 200
1227 26 742
1228 28 409
1229 44 33
1230 48 530
1231 47 529
1232 20 625
1233 19 412
1234 21 454
1235 45 991
1236 49 586
1237 21 256
1238 7 436
1239 9 284
1240 15 247
1241 46 769
1242 2 133
1243 13 94
1244 10 505
1245 31 440
1246 8 883
1247 40 148
1248 35 771
1249 30 816
1250 42 279
1251 22 46
1252 34 637
1253 4 449
1254 21 433
1255 36 57
1256 39 69
1257 41 110
1258 27 547
1259 15 121
1260 46 920
1261 13 807
1262 27 939
1263 26 624
1264 20 828
1265 28 772
1266 35 985
1267 14 989
1268 29 676
1269 15 48
1270 28 491
1271 27 177
1272 32 279
1273 32 298
1274 46 398
1275 46 563
1276 42 803
1277 26 575
1278 32 587
1279 17 632
1280 9 959
1281 37 365
1282 48 153
1283 10 131
1284 31 174
1285 37 163
1286 28 139
1287 4 834
1288 4 31
1289 50 227
1290 40 195
1291 13 949
1292 23 965
1293 28 782
1294 30 666
1295 46 648
1296 46 416
1297 35 764
1298 21 904
1299 14 241
1300 5 990
1301 37 524
1302 47 863
1303 48 837
1304 48 430
1305 17 698
1306 14 195
1307 17 10
1308 21 399
1309 38 296
1310 50 574
1311 35 656
1312 26 475
1313 1 355
1314 28 461
1315 46 728
1316 24 635
1317 32 67
1318 38 660
1319 11 335
1320 30 706
1321 3 882
1322 21 362
1323 34 534
1324 9 487
1325 43 775
1326 18 835
1327 42 496
1328 7 734
1329 26 461
1330 47 100
1331 35 386
1332 8 819
1333 28 281
1334 29 206
1335 16 212
1336 19 714
1337 47 99
1338 37 805
1339 28 143
1340 47 154
1341 41 588
1342 12 786
1343 29 213
1344 40 897
1345 12 610
1346 34 754
1347 46 824
1348 34 733
1349 5 493
1350 48 611
1351 5 634
1352 7 637
1353 5 308
1354 42 550
1355 48 453
1356 36 876
1357 43 716
1358 36 941
1359 27 276
1360 1 525
1361 8 643
1362 6 70
1363 28 215
1364 13 288
1365 4 761
1366 43 833
1367 2 946
1368 40 954
1369 13 248
1370 14 942
1371 36 485
1372 33 818
1373 12 320
1374 17 706
1375 17 110
1376 3 242
1377 44 403
1378 30 390
1379 1 297
1380 18 110
1381 49 844
1382 40 29
1383 34 281
1384 33 820
1385 42 20
1386 26 170
1387 15 767
1388 44 478
1389 26 663
1390 8 607
1391 8 42
1392 34 945
1393 23 298
1394 49 670
1395 45 367
1396 30 468
1397 35 154
1398 21 227
1399 10 557
1400 2 44
1401 4 41
1402 35 962
1403 32 105
1404 4 155
1405 31 996
1406 4 85
1407 7 100
1408 46 747
1409 26 297
1410 18 184
1411 9 909
1412 4 309
1413 14 204
1414 24 44
1415 6 491
1416 43 251
1417 26 448
1418 42 344
1419 8 599
1420 11 439
1421 19 369
1422 14 979
1423 30 147
1424 2 495
1425 28 613
1426 35 75
1427 15 691
1428 26 789
1429 41 281
1430 43 732
1431 49 711
1432 12 122
1433 35 823
1434 25 717
1435 41 435
1436 36 107
1437 37 659
1438 20 167
1439 4 401
1440 12 981
1441 11 184
1442 39 373
1443 42 928
1444 39 503
1445 50 314
1446 20 56
1447 35 478
1448 18 274
1449 50 508
1450 42 701
1451 3 818
1452 19 827
1453 31 522
1454 11 97
1455 1 284
1456 48 664
1457 7 551
1458 26 590
1459 40 486
1460 49 367
1461 42 247
1462 18 253
1463 50 320
1464 47 603
1465 20 97
1466 46 585
1467 43 833
1468 39 63
1469 26 648
1470 21 792
1471 18 943
1472 41 396
1473 18 200
1474 2 534
1475 38 229
1476 27 29
1477 30 665
1478 47 695
1479 4 319
1480 43 669
1481 31 306
1482 21 262
1483 5 768
1484 21 545
1485 38 687
1486 48 218
1487 21 642
1488 4 537
1489 20 123
1490 36 276
1491 42 350
1492 8 871
1493 44 694
1494 25 974
1495 45 504
1496 48 902
1497 13 286
1498 30 89
1499 10 347
1500 6 965
1501 22 55
1502 10 506
1503 14 753
1504 34 10
1505 10 434
1506 7 774
1507 32 615
1508 20 696
1509 22 30
1510 16 50
1511 26 604
1512 14 75
1513 28 801
1514 1 907
1515 31 724
1516 13 730
1517 38 488
1518 22 558
1519 20 234
1520 36 281
1521 33 430
1522 14 362
1523 1 342
1524 17 157
1525 6 102
1526 50 277
1527 37 562
1528 42 380
1529 8 453
1530 16 705
1531 31 530
1532 45 691
1533 42 419
1534 47 879
1535 43 941
1536 47 905
1537 44 465
1538 47 129
1539 13 911
1540 19 688
1541 33 392
1542 18 531
1543 1 347
1544 10 345
1545 36 645
1546 38 827
1547 44 151
1548 7 650
1549 20 281
1550 5 392
1551 5 728
1552 48 352
1553 6 604
1554 49 667
1555 12 144
1556 1 319
1557 29 770
1558 40 899
1559 6 67
1560 14 996
1561 47 976
1562 10 158
1563 26 24
1564 46 441
1565 30 386
1566 29 113
1567 38 652
1568 2 268
1569 41 356
1570 38 542
1571 44 566
1572 33 153
1573 13 305
1574 45 16
1575 44 170
1576 33 416
1577 24 553
1578 16 86
1579 27 763
1580 24 614
1581 37 747
1582 45 126
1583 39 559
1584 49 402
1585 24 666
1586 33 485
1587 6 20
1588 44 221
1589 19 32
1590 10 858
1591 14 235
1592 2 556
1593 37 800
1594 30 668
1595 49 456
1596 11 564
1597 1 809
1598 9 981
1599 13 825
1600 50 403
1601 21 327
1602 32 348
1603 23 682
1604 36 166
1605 17 738
1606 2 756
1607 43 815
1608 27 180
1609 46 932
1610 36 259
1611 10 182
1612 26 84
1613 14 58
1614 27 700
1615 27 728
1616 47 279
1617 10 427
1618 7 549
1619 39 194
1620 37 758
1621 12 552
1622 34 755
1623 25 344
1624 49 622
1625 10 118
1626 16 960
1627 25 229
1628 15 39
1629 48 303
1630 22 363
1631 34 291
1632 45 393
1633 29 446
1634 13 673
1635 20 489
1636 12 592
1637 7 378
1638 11 225
1639 9 446
1640 14 609
1641 17 181
1642 34 860
1643 13 940
1644 28 913
1645 19 836
1646 49 640
1647 8 165
1648 43 795
1649 23 200
1650 38 850
1651 4 947
1652 43 426
1653 16 49
1654 49 175
1655 40 198
1656 32 401
1657 9 684
1658 41 892
1659 16 69
1660 1 296
1661 31 340
1662 9 988
1663 14 74
1664 6 495
1665 23 674
1666 27 266
1667 48 259
1668 49 531
1669 30 520
1670 22 971
1671 31 542
1672 24 813
1673 45 570
1674 23 754
1675 40 910
1676 36 262
1677 37 735
1678 38 696
1679 41 635
1680 18 867
1681 7 673
1682 11 804
1683 35 665
1684 41 299
1685 46 446
1686 18 770
1687 38 232
1688 41 963
1689 39 614
1690 37 671
1691 44 350
1692 4 671
1693 19 813
1694 38 60
1695 26 321
1696 35 790
1697 44 656
1698 22 221
1699 10 165
1700 14 489
1701 1 534
1702 30 757
1703 46 273
1704 4 268
1705 45 564
1706 40 397
1707 32 734
1708 37 918
1709 9 545
1710 14 424
1711 46 924
1712 17 170
1713 33 124
1714 30 450
1715 49 178
1716 41 110
1717 10 958
1718 4 695
1719 10 871
1720 20 554
1721 48 416
1722 13 765
1723 26 366
1724 49 171
1725 38 442
1726 17 318
1727 31 583
1728 50 367
1729 3 702
1730 22 983
1731 9 110
1732 41 959
1733 5 385
1734 43 666
1735 45 309
1736 31 776
1737 31 456
1738 25 636
1739 28 927
1740 24 285
1741 8 412
1742 3 998
1743 39 602
1744 35 361
1745 35 671
1746 27 677
1747 33 782
1748 34 317
1749 29 214
1750 17 761
1751 36 336
1752 46 872
1753 33 635
1754 45 864
1755 33 948
1756 22 121
1757 4 562
1758 34 478
1759 33 452
1760 26 676
1761 1 354
1762 3 36
1763 50 573
1764 44 775
1765 28 798
1766 29 365
1767 7 43
1768 16 605
1769 14 75
1770 18 125
1771 44 861
1772 34 12
1773 22 903
1774 30 640
1775 38 207
1776 12 439
1777 4 555
1778 21 85
1779 15 285
1780 27 324
1781 10 951
1782 11 330
1783 9 13
1784 50 319
1785 45 715
1786 10 969
1787 10 393
1788 16 417
1789 28 208
1790 9 168
1791 28 206
1792 38 748
1793 15 370
1794 9 535
1795 46 694
1796 39 754
1797 18 832
1798 34 403
1799 1 578
1800 24 279
1801 13 831
1802 4 42
1803 13 556
1804 32 671
1805 9 577
1806 30 305
1807 10 842
1808 13 892
1809 26 600
1810 44 99
1811 25 775
1812 1 229
1813 21 308
1814 33 276
1815 13 497
1816 14 852
1817 30 196
1818 9 142
1819 32 287
1820 44 605
1821 13 18
1822 5 528
1823 39 774
1824 2 14
1825 24 312
1826 32 257
1827 36 797
1828 23 656
1829 32 629
1830 41 726
1831 19 477
1832 20 944
1833 3 16
1834 44 447
1835 32 560
1836 28 998
1837 19 778
1838 40 584
1839 43 155
1840 17 18
1841 27 766
1842 19 438
1843 39 619
1844 12 95
1845 42 966
1846 33 125
1847 28 937
1848 5 836
1849 4 882
1850 17 211
1851 19 955
1852 19 645
1853 47 797
1854 50 91
1855 37 185
1856 3 907
1857 4 615
1858 33 309
1859 13 961
1860 46 218
1861 25 645
1862 18 383
1863 17 426
1864 37 582
1865 26 895
1866 18 939
1867 42 713
1868 39 750
1869 40 112
1870 36 844
1871 10 721
1872 6 192
1873 8 319
1874 47 367
1875 49 166
1876 33 156
1877 9 605
1878 44 412
1879 18 790
1880 28 104
1881 38 661
1882 31 683
1883 27 32
1884 21 443
1885 9 851
1886 30 978
1887 10 57
1888 4 326
1889 35 472
1890 8 82
1891 20 143
1892 26 546
1893 16 374
1894 29 904
1895 16 608
1896 5 576
1897 11 116
1898 18 937
1899 10 693
1900 46 104
1901 48 648
1902 10 667
1903 18 97
1904 26 768
1905 47 875
1906 39 453
1907 36 286
1908 21 661
1909 25 677
1910 23 20
1911 28 857
1912 5 319
1913 26 219
1914 30 334
1915 28 728
1916 29 565
1917 50 90
1918 33 229
1919 45 503
1920 32 166
1921 20 247
1922 49 249
1923 2 301
1924 19 974
1925 21 165
1926 33 337
1927 10 922
1928 43 282
1929 16 671
1930 24 453
1931 34 844
1932 6 319
1933 50 338
1934 3 493
1935 17 634
1936 29 377
1937 38 104
1938 17 186
1939 43 107
1940 45 124
1941 35 19
1942 6 207
1943 32 287
1944 14 488
1945 9 689
1946 2 159
1947 18 456
1948 38 631
1949 5 892
1950 49 354
1951 44 785
1952 24 664
1953 16 492
1954 17 676
1955 18 291
1956 24 984
1957 24 384
1958 16 455
1959 14 782
1960 16 908
1961 41 635
1962 6 908
1963 33 270
1964 1 354
1965 14 375
1966 46 636
1967 39 47
1968 21 532
1969 3 634
1970 46 17
1971 42 918
1972 1 547
1973 34 245
1974 47 660
1975 26 441
1976 16 970
1977 34 619
1978 40 431
1979 39 634
1980 25 499
1981 39 999
1982 11 67
1983 5 415
1984 8 292
1985 31 107
1986 21 436
1987 28 23
1988 34 646
1989 19 895
1990 15 423
1991 24 703
1992 22 303
1993 48 741
1994 32 44
1995 37 284
1996 44 922
1997 27 846
1998 48 477
1999 33 890
2000 45 166
1 425 19
2 429 40
3 356 16
4 472 61
5 422 18
6 190 16
7 363 27
8 460 73
9 486 65
10 223 17
11 228 69
12 449 85
13 355 17
14 193 68
15 328 79
16 396 70
17 301 28
18 276 88
19 465 77
20 157 10
21 197 19
22 322 83
23 160 55
24 257 45
25 340 88
26 419 18
27 297 60
28 176 32
29 281 85
30 489 38
31 331 13
32 219 25
33 207 39
34 494 73
35 479 97
36 162 88
37 166 68
38 469 98
39 300 70
40 280 71
41 365 31
42 347 14
43 368 30
44 336 93
45 173 93
46 459 99
47 329 95
48 129 88
49 463 21
50 143 46
1 38 1046
2 43 458 833
3 50 939 1932
4 48 1060 29 830 570
5 47 1771 605 418 646
6 37 807 1232
7 50 807
8 16 1666 1487
9 11 1095 278 1219 75 28
10 26 1865 754 1427
11 3 1037 463 1832
12 23 658 509 1282 1819
13 37 487 1694
14 42 1719 829
15 35 71 51 1469 847 1637
16 41 1659
17 43 303 1833
18 31 139
19 3 435 1364 1912
20 13 1419 653
21 38 436 112 1358
22 35 722 1222 1186 850 189
23 10 1012 1265 479
24 30 1310 856 991 771
25 3 530 572 1480 1059
26 23 1752 1270
27 7 1557 1023 1744
28 24 171 1347 1112
29 48 1504
30 14 479 1417 1839 1354
31 36 1048
32 4 914 125 1648
33 12 322 853 982
34 6 1883 965 1284 1951 1603
35 5 872 640 1048
36 11 1029
37 22 95
38 30 1614 1473 1884
39 39 1428 368 699
40 29 816 978 762 973 971
41 27 943 1641 1294
42 22 840 505 422
43 48 1563 115 17
44 7 1702 917 1361 495
45 21 1493 1859 1437
46 19 85
47 14 1945 1330 1351
48 41 1136
49 1 585 169 486 622 1065
50 34 160 149 874 25
51 35 1599 340
52 41 1410 615 1035 575
53 11 671 1394 1936
54 28 531 353
55 1 95 839 1099 505
56 17 1879 1262 1459 1628 558
57 22 1310
58 32 684 263 616 1220
59 38 1854 611
60 37 275
61 34 591 1975 319 1993
62 9 1952
63 3 1301
64 29 233 651 159
65 30 1938 143
66 32 1463
67 17 826 1265 405 719 1786
68 30 1430 214 277 98
69 24 829 1406 855
70 3 552 446 980 319
71 21 341
72 19 1822 1771
73 14 896 236 1164
74 28 1889 556 163 1052 1824
75 27 166 179
76 46 845 986 464 1360
77 37 1968 1470 1492 1884
78 26 892 1580 1136 1340 170
79 34 1101
80 29 1298 1503 90 1430 69
81 15 1720 1971 519 1069
82 40 994
83 2 1534 1021
84 21 869 766 1017 1703 1860
85 38 118 1622 217 970
86 47 1960 21 1949
87 15 767 621 241 1727 1314
88 50 724 1754 789 1322
89 40 176 1481
90 26 726 421 722 317 1031
91 43 347 673 1368
92 24 1500 1946 11
93 4 1988
94 8 1206
95 24 888 246
96 16 1064 143 1495 1283
97 47 587 1860
98 4 803 1716 1537
99 30 819 209
100 15 841 273 331 1237 1580
101 16 951
102 2 1313 287
103 37 957 3 1149 1782 1683
104 35 1103 1555 1424 22 260
105 48 1615
106 48 1431 921 369 1556
107 30 551 464 1430 1229
108 5 312 689 1206 572
109 42 1551 1434 631
110 12 23 1364 1261 1508 709
111 1 1105
112 40 554 245 978 510
113 31 994 1621
114 24 1184 1684 716 370
115 8 755 151 1130
116 33 1341 1356 1232 1828 1909
117 11 1340 290 1272 1382 1132
118 42 558 750 686
119 28 1419
120 24 1421
121 50 504 1888 1241 1347
122 28 1581
123 50 325
124 27 299 337 995 828 168
125 6 460 1374
126 17 615 1924
127 13 101 714 987 370
128 25 777 336 568 36 1497
129 47 1737 1495 1636 750 1783
130 45 555 859 120 1351 345
131 8 627 1837
132 22 1290
133 2 1736 1647 1533
134 38 453 1517 1468
135 25 1223
136 9 1179 1287 1446 1992
137 23 955
138 37 182 1103 618 1933 1540
139 11 1727 462
140 11 570
141 45 806 1105
142 21 902 1976 168
143 21 785 331 1317 1418 956
144 8 1770 1901 1896 313 346
145 20 292 263 461
146 22 1759
147 9 191
148 42 1110
149 28 1791 431 1664 1249
150 9 1558 889 543 1794 1516
151 36 352 400
152 38 1633 1333 1142 717
153 35 8
154 26 320
155 46 960
156 41 670 362 1959 746
157 34 1430
158 33 236 862
159 7 641 1118 1139
160 32 624 721
161 35 856 1822
162 37 767 1725
163 37 351
164 16 307 240 1025
165 7 838 1950 1910
166 44 729
167 13 1276 1944 1779 107
168 46 1205 801 1480 330
169 33 266 359 197 556
170 41 535 269 1350
171 21 1235 1967
172 38 156 791 1899 1847 932
173 9 1763 19
174 45 905 1771 1693
175 46 370 470 1316
176 3 772
177 35 1845 101 307
178 35 1768 1577 173 574 494
179 4 1056 713
180 19 1546 1125 836 1945 1651
181 34 533
182 1 919 1283 1949 636
183 20 1341
184 14 415 1039
185 1 1340 1462 568 200 658
186 31 521
187 10 1060 1727
188 29 1230 1662 509 269
189 8 1370 1187 721 464
190 20 1122 156
191 50 906
192 10 1968 1239 1048 1212
193 50 479 852 1442 224 354
194 47 911 1927 525
195 16 1254
196 46 1809 1633 1881 207 719
197 7 1057 1564 1660
198 10 1265 393
199 7 1477
200 13 1400 663 338
201 21 890
202 7 1970 1358 1845 773 867
203 7 1870 65 924
204 1 1375
205 26 1924 1837 986 1430 947
206 24 336
207 17 1401
208 9 493
209 37 453 24 979 1045 1605
210 6 231 1321 299 1837
211 45 1184
212 4 646 1467 819 937
213 37 1700
214 7 1543 137 1708 1569 1720
215 4 645 1411
216 14 1072 875 195 7 1640
217 38 1738 622 1859 1186
218 32 287
219 20 1659
220 11 724 970 400 1826 1786
221 44 211 993 914 1569
222 4 354 461
223 26 85 1238 1318 1429 1656
224 30 1308
225 49 1731 447
226 25 1720 150
227 25 236 462
228 28 1976 1745 1872 1645 1077
229 49 498 386 1805 449 1963
230 19 958 90 1569 512 1968
231 31 178
232 29 359 1409
233 22 1852 666 1690 957
234 47 1562 1622 300
235 46 658 13 627 564
236 20 602 894 8 184
237 16 645 705 1922 459
238 9 1207 1975
239 25 582 580 1076 896 477
240 9 533 838 1163 1632
241 45 669
242 2 1033
243 28 886 936 348 358 732
244 40 1930 213 1443 1621
245 18 1984 348 290 794
246 8 1969 1802 1310 1153
247 12 505 1692 355 569 1819
248 9 711 219
249 17 659 1107 347
250 16 1292 67 1224 1968
251 27 1266 1950 1575 1135
252 20 1428
253 33 531 1623
254 45 751 827 1401 405
255 20 98 940
256 7 1933 1936 1168 331
257 34 434 241 1863 256
258 18 497
259 35 462 1136
260 26 860 436 1078 1308 1365
261 36 1057 141
262 20 516
263 34 367 1174
264 21 1640
265 43 1251 853 1724
266 21 787 35 631 1525
267 39 1280 1131 548 690 381
268 19 23
269 33 1970 466
270 49 1102 847 1027 20 1909
271 48 762 518 1859 1417
272 10 1756 538 1279
273 1 1591 1741 873
274 31 681 517 425
275 45 537 293 1718
276 41 663 186 241 1045 548
277 42 316 1140 42
278 50 779 790
279 45 1417
280 38 1236 1249 1260
281 35 1239 688 1164 992 403
282 11 441 1051 851 1144
283 3 483 1795
284 28 949 1451 1039
285 39 857 1634 1390 1053
286 37 919 1123 259 1134
287 35 633
288 28 1379 1906 975 1240 1063
289 17 1898 1421 133 597 294
290 20 177 1794 1977
291 3 409 1525
292 12 562 978 461 1153
293 19 664 285 1169 852 1422
294 22 1569 1678
295 26 1568 1874 1484 1088
296 14 1502 1860 1894 769 1520
297 32 553 1654
298 16 1926 1150 317 14 1399
299 9 61 666 1686 1042
300 13 1926 828 1132 1841 1918
301 18 1029
302 10 1060 1014 666 974
303 14 489 1805 175 980 1800
304 21 1391
305 8 440 588
306 13 1890 1214 1242 275 1627
307 38 402 82 1933 1113 481
308 34 363 1828 892 1874
309 18 998
310 1 1091
311 39 522 990 1737 1300
312 24 159
313 5 613
314 8 1710 1841 934
315 9 1305 1108
316 29 27
317 15 313 1704 847
318 14 328 355 1360 1222 251
319 42 1849 168 319 843 803
320 23 1369 1673 1751 490 925
321 49 1441 1910 642 653 1371
322 1 1493
323 40 1621 1612 1069
324 15 1569
325 23 1226
326 41 617
327 39 976 1532 705
328 39 1128
329 2 981
330 35 990
331 41 1606 101 1097
332 37 1050 1514
333 30 1900 1082 1504 547
334 17 143 478 987 1759
335 7 103 1761
336 28 1213 516
337 4 1920
338 41 861 1232 1189
339 19 855 1192 201 1871 1821
340 7 1149 1437
341 14 953 186 1946 616 1181
342 8 58
343 22 237 1286
344 13 721 1661 1235 705 185
345 46 1912 1146 1765
346 18 1810 67 468 1619
347 12 1604 1214
348 27 432 1925 90 1941
349 11 1084 939 730 365
350 46 929 578 375 348
351 47 638 1517
352 50 1306
353 26 1297 1103 504 451
354 6 1716 529 1081
355 43 78 576 1853
356 2 188 897 1688
357 1 1947
358 26 969 18 1653 575 1383
359 6 749 1008 1085 1315
360 50 169 1028 283
361 2 777
362 2 1344
363 10 156 1042 544 1671 426
364 5 525 593 366
365 47 649
366 26 323 116 1236 859 455
367 12 392
368 41 1988 864
369 45 191 1694 1581 283 875
370 50 1328 1860 1509 142
371 4 280 1773 1348
372 12 1564 96 152 1376
373 8 1615 1649 1864 1734 1036
374 9 341
375 29 1877 1265 1014
376 38 877 753
377 25 37 428 1984
378 3 1578 1207 341
379 8 591 938 513 1772 1274
380 31 341 363 1923
381 1 303 1171 385
382 10 1850
383 23 443 1347 526
384 12 1489
385 33 457 931 1000
386 41 324 756 274 1725 1157
387 23 109 1189 260
388 27 597 1580 485
389 17 581
390 49 1709 222 1613
391 42 1026
392 22 1249 759
393 46 276 1826 1797
394 39 24 1620 147
395 1 1857 833
396 5 1149
397 43 1132 112 367 730
398 28 1264 76 12 767 422
399 14 421 1236
400 11 523 1022 994
401 41 1798 1799 1602 830
402 3 1526 1203 660 40 670
403 13 902
404 37 1999 839 1444 596 199
405 14 1287 338 1745 31 1755
406 35 1230 1893
407 36 25
408 15 1849 65 962 1030 1464
409 46 1462
410 27 1320 346 316 285 1075
411 32 1463 745 1589 1331
412 19 1464 180 283
413 34 1398 983 1741
414 15 415 4 126
415 43 697 177 299 1853 613
416 3 100 1202
417 27 1284
418 3 1243 617 1001 580 736
419 14 1761 1686
420 48 1111 260 48
421 30 933 663 1662 1094 1140
422 37 876
423 28 1930 1475 905 1186 460
424 20 1736
425 15 1761 1256 1401 538 899
426 28 1063 802 439
427 15 786 533 984
428 4 397 23 1614
429 6 207 149 204 730
430 22 1580 910
431 9 95
432 13 148 1150
433 17 1039 253 830 1962 884
434 25 291 927 158
435 39 460 413 1284
436 24 198 296 1890 1242 1631
437 40 160 216 647 1240
438 13 1809 1943
439 50 1051
440 31 999 1147 605
441 36 123 1490 632 1955 1359
442 3 1146 1844 1696
443 36 1210 901 139 1973
444 44 931 221 944 653
445 7 381
446 12 1307 1121
447 15 775 178 11
448 7 69 962 188
449 5 1925 259 90 1147 1012
450 6 1188 1828 635
451 12 152
452 50 328 1133 872
453 11 1171
454 31 1980 1313
455 49 1091
456 11 1260 536 430 635 871
457 35 219 1877 1504
458 48 1345 236 498 1321 1849
459 21 238 220
460 40 93 1920 648
461 37 1719
462 32 721 549 812
463 2 1278
464 47 663 1974 676 535
465 13 254 437 444
466 37 1480 1290 1512
467 5 978 1459
468 35 897 1497
469 12 1698 104
470 16 1604 1541 1049 275 826
471 41 1569 1788 521 386 1839
472 13 1992 737 1190 29
473 12 793 501 192 206 655
474 2 1555 306
475 1 72 442 2000
476 23 1560 676 144
477 46 299
478 49 562 1613 6
479 10 1525 1548 983
480 30 1708
481 5 1784 820
482 31 76 1140 625 1182 1477
483 24 601 1985 1490
484 48 1420 1507
485 23 538 1076 351 694
486 46 61
487 34 417 1202 111 952
488 5 66 797 1145
489 21 1855 1649 165
490 38 21 1027 1913 883
491 40 1085 1282 469 731 1273
492 43 1181 774
493 37 412 284
494 4 191 424
495 47 681 640
496 25 1357 553 1684
497 43 1978 1154 668 1096 1413
498 18 1409 896
499 19 1043 996 181
500 29 1579
501 47 866 138 86 213 1993
502 9 654 1178
503 5 1844 1843 1262
504 20 1499
505 10 1542 350 1045
506 10 106
507 38 325 1402 127
508 49 1936 882
509 5 102
510 23 233 91
511 22 600 689 466 1565 709
512 35 1602 89 1861 1174 1783
513 11 1839 1269 1009
514 30 1658
515 11 948
516 37 1407 1581 318 117
517 39 1692 366
518 47 657
519 11 519 1587 1650
520 30 1866 1848 1705 1878
521 43 289 276 518 1072
522 45 644 330
523 8 1089 821
524 25 1885 2 1064 866
525 14 1164
526 23 28 743 129 1164 422
527 24 1486 959 343 803 497
528 20 517 787 1702 1555
529 21 661 1788 1494 439
530 1 1082 523 1456
531 9 352 690 721 1910 1086
532 23 729 1935 384
533 22 738 989 1601 374 1093
534 39 514
535 17 797
536 22 878 1726
537 39 1371 1926
538 38 116 924
539 17 1690
540 7 1926 520 840 964 1799
541 37 261 1238 527 246 337
542 40 1661 800 302 1976
543 15 93 485
544 7 1368
545 47 1045 1519 963 452 17
546 10 409 1285 1080 406
547 22 929
548 14 851 1183 572
549 23 1083 2000
550 17 324 769
551 48 668 393 1781
552 34 584 968
553 46 385 537
554 16 1792 1247 1259
555 6 935 797 138
556 3 128 1988
557 14 79 1440 195
558 20 1281
559 47 1697 324
560 44 755 989 1967
561 43 175
562 22 1174 1625 1876
563 37 1406
564 36 267
565 5 618 1406 1973
566 31 291
567 29 497 1940 494
568 26 990 1008
569 43 49 867
570 45 1218 1779 1704 546
571 24 476 1916
572 30 762 1093
573 22 1795 36 1168 1729
574 42 1445 1651 1552 912
575 20 1983 1445 219 1583
576 42 729 169
577 17 1451 517
578 18 454
579 6 1077 732 639
580 6 1498
581 21 903 652 972 1897
582 41 1785 1576 788 1565 1000
583 12 794 608 1715 807
584 23 1944 698
585 3 417 1535
586 14 115 733
587 25 620 1374
588 16 1152
589 37 57 1730 891 1675 1584
590 12 165 593
591 36 891 1408 1324 296 493
592 22 531 1622 534
593 18 855 388
594 39 1718 1576
595 37 395 1337
596 37 1717
597 38 695 1578 1834 1315
598 24 919 1629 633 145
599 28 446
600 41 1273
601 24 1592 126
602 7 896
603 7 55 1992
604 47 31 1666 486
605 32 1563
606 50 852 1383 1765 1068
607 44 1092 693 60
608 24 613 637 887 672 1330
609 3 755 1453 1705
610 12 1934 434 1911 1524 1103
611 17 835 1693
612 12 1854 380 1691 182 1120
613 7 1511 1070 1927 975 866
614 4 1653 1550
615 17 837 1392 72
616 17 60 734
617 10 1249 1726 740 1439
618 35 1203 400
619 20 1297 488 1464 878
620 34 30 1763 1794
621 34 1429 517
622 18 373
623 1 604 1460
624 23 977
625 29 17 178 1624
626 16 1441 1148
627 27 106
628 25 1707
629 10 940 326 1972 1666
630 5 1750 1617 615
631 9 480
632 21 422 1601 549 783
633 49 1285 1918 820 406
634 29 294 177 1609 662 1766
635 4 684 526 1100 1064 92
636 38 1236 729 725 209 1253
637 27 283
638 31 1713 1803 1299 142 290
639 18 1038 470 108 1937 1981
640 8 1967
641 36 821 1173 442 607
642 14 238 520 70
643 2 1279 1598 1992 1195 1056
644 46 584
645 30 1724 1311 1916 983
646 7 471 219
647 6 450 1202
648 17 561 218 705 1976
649 47 1970 779 91 235 721
650 35 1069 1393 289 964
651 16 1947 1615 386 1588 892
652 36 1748 1388 1919 1279
653 44 1860 1090 1400
654 37 371
655 46 604 1593 797
656 28 28
657 16 850 1085
658 14 1111 1513 183 1866 1734
659 13 1570 721 1662 669
660 23 146 1060 845 968 1370
661 42 704 1829 396 608 846
662 36 737 84 475 937
663 20 998 1771
664 34 1255 87 838 1185
665 7 672 1791 169 941
666 43 1762 1659 46
667 13 465 1056 369 1112 1418
668 40 1762 196 1865 1165 1646
669 25 489 260 774
670 2 808 923 1775 1282 94
671 13 631 467
672 17 285 1451 1045 1810 1022
673 28 1052 1539 1541 1360
674 12 417 1498 579 1615
675 26 17 1132 566 119 64
676 14 1021 1024 164 1279
677 5 1517 519 1030 982
678 13 1433 1927 793 179 1200
679 18 1733
680 46 1668 828
681 43 694 1469 260 1479 1323
682 36 76 1556 329 1707
683 48 528 222 1404 954
684 9 175 1221 1956
685 20 531 841
686 13 1302 1311 75 1455 1018
687 40 396 1388
688 37 1441 1590 36 419
689 33 1041 252
690 39 780
691 20 388 740 431 575
692 2 147 711 1314
693 46 1095 1020 442 291 1441
694 23 903
695 21 985 1245 99 1116
696 12 1462 682
697 32 1313
698 46 25 489 1531 803 1785
699 22 960
700 22 1383 1933
701 36 1404 5 1558 836 201
702 5 662 174 427 1894
703 44 1475
704 26 140 1212 1870 1554
705 40 467
706 37 15 434 1734
707 2 586
708 20 648 1892 213 1336
709 19 755
710 8 750 1430
711 35 1471 1706 31
712 3 1044 1077
713 20 1985 685 971
714 29 389 393 805 843 1462
715 28 1423
716 46 1389 266 1190 1084 1430
717 46 719 575
718 24 983 1060 1432 90 1138
719 5 1994
720 11 544 143
721 46 908 1117 276
722 20 1163 1535 1913
723 19 577 491 1315 929 1897
724 41 1294 945
725 3 1124 32 1477
726 5 1781
727 33 1204
728 7 1206
729 7 1923 1737 1371 739
730 7 1179 682
731 26 97 1439 1742 1007 446
732 44 1690 650 1700 1074 1503
733 3 1463 734 900 1145 1589
734 28 292 1921
735 42 1511 1016
736 17 23
737 35 1497 1737 825
738 15 1915 1458 437
739 36 899
740 19 527 161 1406
741 10 1119 1146 727 1386
742 32 1845
743 15 411 497 1098
744 48 1578 1024
745 31 713 211 396 1803 577
746 39 1053 1405
747 38 1411 839
748 34 403 254 188
749 14 1414 1098
750 31 902 1514 299 1059
751 33 884 903
752 1 1623 548
753 15 545 1353 197 488 527
754 38 884 399 1214 1925
755 41 1198 425 1368 1759 1464
756 42 1902 1310 890 1281 1873
757 36 277 704 834
758 1 1498 1398 777 515
759 26 1009 1612
760 40 1653 450 1980 696 1076
761 23 38
762 22 1693
763 15 907 531
764 2 1252 775 1719 869
765 31 1649 1067
766 23 391 1794 199 1144 1087
767 38 1940 943 1238 1249
768 8 291 1014 1273 1276
769 2 1724
770 11 1162 1607
771 16 1482 986
772 4 900 58
773 30 398 1972
774 1 1438 1078 1960 485
775 10 1472 1766
776 10 61 223 1106 1428 687
777 17 197 1266 1665
778 45 1736 1441 236 1795
779 7 1941 925 375 305 1586
780 39 528 1415 1538 1560
781 41 1338 574
782 10 39
783 7 1203 901 1650
784 27 108 1661 1028 573
785 17 985 1858 336 1778 303
786 1 894 1735 1430
787 39 1642 564 1784 1877
788 12 1875 284 1297
789 26 1370 333 541 1144 1455
790 14 1529
791 6 746 1066
792 8 1661 1594 1603
793 4 677 1011 339 1211
794 17 941 1738 1591
795 5 481 567 114 2000
796 4 174 127 1679 913
797 31 891
798 8 1704
799 41 82 807 1187 431
800 43 1751 205 603 1988
801 7 1429 66
802 12 287 806 125
803 3 557 528 1394
804 34 1378 677 1304
805 45 1997 1042
806 34 867 1748 766 573
807 40 1317 1835 1620
808 42 916
809 4 238 1129 71
810 14 1809 1894 1219 1862
811 5 1343 1186 1801 1604
812 5 839 1489 803
813 16 1887 251
814 28 1781 1141
815 8 613 514
816 44 866 163 1521 1370 917
817 32 930 58 1749 1900
818 44 1920 879 1318 610
819 25 956 1341 1762
820 22 370 237 1165 1529 1893
821 21 973 2000
822 33 895 862 794 871
823 28 1002 271 1454 1362 1552
824 3 499 1522 1695
825 40 789 950 1543 424 1671
826 28 214 762
827 25 1476 1110 721
828 30 1152 1356
829 42 958 280 1609
830 3 222 1231 905 343 1193
831 3 1152 1723
832 31 1703 1958 1968 1807
833 40 469 1607 1353 251
834 19 968 545 1949
835 1 1960 1626 1708 992 1961
836 45 235 1966 137 1746 1290
837 11 856 1372 109 630 376
838 47 264 1214
839 3 1356 1770 1999 1107
840 36 1430
841 23 1435 890
842 3 1258 649 739
843 24 1301 1973 975
844 19 1372 846 1993
845 5 2 1965
846 29 94
847 25 1284
848 22 1449 1496 222 1825
849 39 1152
850 49 1059 1481
851 17 1347 1439 1788 930
852 13 534 1187 512
853 22 355 751 507
854 36 1893 1920 941
855 18 1091 85 991 961
856 17 727 926 1768 937 1897
857 12 1890 616 1972 379
858 34 1211 923 202
859 7 952 1809 240 793
860 50 1510 232 1469
861 43 1555
862 37 1192 863 1398 1997
863 30 556 122 131
864 34 1597 1895 288 1935
865 32 755
866 21 637
867 36 1559 153
868 33 1946 1391 780
869 10 1457
870 29 1521 1141 360
871 18 471 1838 1468 1543 210
872 34 385 1111 996 500 1873
873 8 132 835
874 12 1896 84 999
875 21 282
876 18 7 658 1104 1405
877 6 1719 164 975 933 482
878 7 440 1492 1738
879 34 596 1737 1795
880 31 1990 992 383 1563 890
881 24 746 850 1342
882 45 1740
883 10 1447 1288 1999 142
884 28 1056 869 509
885 27 560 995 1697 444 38
886 41 1701 1468 877 138 508
887 34 488 40 1221 115
888 15 1853 1874 497 898 446
889 19 543 1422
890 1 1234 103 793
891 44 741 195 955 567 1823
892 42 494 1656 1436 557
893 16 1059 942 1289 1020 1007
894 25 1673 1944 938 641
895 43 748 1220
896 35 893
897 11 814 1340
898 37 1074
899 10 937 129 220 1188 1827
900 10 1631 233
901 20 1679 1741
902 7 1497 1189 437
903 8 710 1472 1917
904 27 936 554
905 14 425 1904
906 12 1853
907 1 1422 1833
908 4 1462 1201 988 1036
909 15 310 1691 1438 1774
910 40 224 1692 1462 1716 108
911 34 1324 1741 80 1358
912 24 544
913 5 1819 1499 570 736
914 49 135 1132
915 22 1874 596
916 3 1769 1839 1955
917 13 1314 1224 456
918 12 744
919 48 1560 1316 354 650 249
920 39 1080 552
921 19 573 1436 1554 343
922 26 1779 1924 790
923 4 365 951 1378 1656 393
924 38 1260 1554
925 2 293 1687
926 36 1092
927 20 1543 1491 419 317
928 26 1500
929 39 762 1498
930 22 377
931 28 1026 589 490 1102 1817
932 43 566 300
933 3 1675 801
934 28 19 1618 677 724
935 24 289 23 1662 1519 1372
936 38 1547 1058 1509
937 46 1350 1810 1109 613 62
938 41 1114 1204
939 10 1456 640 1378
940 21 331 1774 524 1845 310
941 45 1362 1463
942 34 379
943 21 389 1926 85 1109 418
944 33 362 705 1886 763 792
945 13 1472 928 535 1458
946 49 459 693
947 42 1938 964 832
948 50 559 1260 554
949 23 1784 1393 400 794 1255
950 33 51
951 4 212
952 32 1944
953 49 208 483 125 746
954 33 203 507 981 202 637
955 7 1270
956 41 527 1758 554 1879 512
957 13 1057 695
958 12 1501 791 1940 714
959 12 392 39 115 422
960 24 1082 739 993 1843 1777
961 21 712
962 25 1618 1953 224 740
963 32 271 1152 1308
964 48 1649 1505 651 1022 400
965 15 721 1102
966 26 1952 1074 539
967 26 23 491
968 33 1301 511 546 1716
969 30 446 1595
970 38 729 182 1899 241 1397
971 48 301 1180 1818
972 10 1708 1284
973 39 1887 917 1406 308
974 29 300 1833
975 27 837 469 678
976 24 1509
977 8 1419 269 565 1891 1216
978 49 1108 580 284
979 21 1466
980 17 144 44 1214 712 1072
981 43 1853 147
982 38 1079
983 31 1429 1628 77
984 40 1258 50 1279
985 46 204 117 644 1222
986 5 664 1739 503
987 22 659 462 442 1603
988 42 1549 733
989 35 1304 965 1596
990 32 331 1491 855 1123 1211
991 38 85
992 45 1803
993 41 301 1102 1038 900 1893
994 12 205 1745 282 1379 1940
995 49 1288 970 994 984
996 2 1198 575
997 14 1509 92 117 1728
998 35 1260 1034 1132 747
999 50 1518 1049 1938 1223 1845
1000 42 109 1579 337 753
