101 50
1 50 59
2 24 429
3 25 200
4 48 915
5 48 324
6 17 466
7 46 160
8 6 230
9 40 174
10 23 650
11 20 188
12 31 882
13 43 958
14 13 996
15 30 309
16 26 317
17 40 467
18 18 916
19 45 90
20 18 570
21 29 563
22 27 64
23 37 958
24 22 59
25 10 506
26 13 793
27 43 602
28 41 250
29 43 60
30 35 997
31 33 529
32 49 998
33 33 61
34 24 896
35 19 360
36 3 911
37 30 208
38 4 401
39 48 710
40 44 325
41 4 33
42 9 781
43 37 757
44 9 240
45 41 324
46 19 693
47 21 235
48 33 979
49 15 478
50 5 470
51 10 652
52 3 986
53 47 474
54 6 380
55 36 541
56 9 175
57 39 495
58 46 496
59 47 354
60 49 26
61 30 523
62 25 798
63 50 843
64 16 265
65 25 806
66 8 101
67 30 289
68 6 866
69 8 187
70 26 976
71 37 241
72 9 186
73 35 709
74 26 868
75 10 375
76 18 498
77 30 590
78 31 511
79 39 459
80 50 903
81 14 302
82 33 78
83 9 588
84 33 780
85 29 600
86 2 277
87 23 529
88 32 265
89 35 880
90 47 812
91 34 273
92 5 206
93 42 425
94 26 676
95 2 347
96 41 360
97 23 580
98 6 143
99 2 575
100 24 37
101 44 684
1 348 85
2 127 45
3 371 75
4 138 45
5 360 94
6 137 28
7 411 76
8 198 38
9 239 49
10 236 73
11 404 58
12 203 60
13 326 23
14 198 19
15 232 56
16 394 97
17 358 58
18 399 74
19 229 50
20 134 38
21 421 21
22 465 48
23 481 69
24 237 40
25 192 37
26 142 56
27 125 48
28 315 37
29 316 71
30 397 26
31 236 43
32 396 87
33 291 80
34 404 68
35 293 58
36 125 85
37 357 27
38 344 99
39 384 89
40 356 76
41 424 36
42 319 42
43 371 61
44 158 68
45 280 37
46 260 70
47 363 82
48 336 89
49 486 53
50 407 53
1 18 73 78 14 55
2 48 2
3 33 56
4 24 9 76
5 9 24 23 56 97
6 41 40
7 45 84 76
8 45 52 81 75 51 9
9 24 83 92 48 58 67
10 41 49
11 21 7 19 12
12 37 88
13 4 99
14 16 37
15 2 31 20 53
16 22 32 19 56 6
17 22 61 44 68 92 24
18 49 50 91
19 15 79 100 53 78 49
20 29 93 81 95
21 24 82 44 84 73
22 36 95 94
23 36 43 91 48 94
24 50 29 67 101 75
25 27 34 17 60
26 1 35 51
27 17 5 100 75 71
28 3 4
29 3 33 17
30 3 56 73
31 7 17 86 23
32 43 67 5 83 59 19
33 12 86 59 41
34 1 2
35 21 98 3 101 28 71
36 7 74 29 66
37 14 12
38 35 24 79 60 49 99
39 17 20 10 48 82
40 50 34 38 5
41 31 38
42 43 52
43 5 89 86
44 22 100 98 71
45 33 101
46 50 83 55 6 13
47 44 79
48 13 48
49 15 57 26 84 4 92
50 24 61 98 93 50 99
51 12 7
52 29 6 60 32 55 56
53 8 6 11 26 33
54 20 20 15 16 56
55 11 9
56 30 20 65 98 87 4
57 30 22
58 47 38 56 85 94
59 37 60
60 10 47 65
61 3 91 68 98 21 23
62 44 31 22
63 5 94
64 39 85 46
65 17 78
66 6 91 86 22 71 63
67 40 25 30 82 21 9
68 1 44
69 37 79 25 60 86
70 35 66 85 76 21
71 25 12 28
72 10 46 49 66 35
73 10 92
74 44 2 53
75 2 75
76 2 82
77 44 16 69
78 32 61 40 1 12 45
79 16 90
80 1 58 36
81 30 86 97 101 71 67
82 29 67
83 17 34 44 58
84 31 37 23 26
85 19 86 55
86 30 89 8 60
87 10 12 42 40 33 65
88 44 18 63 10
89 6 32 20 77
90 38 83 10 73 88 45
91 4 64 15 72 95
92 30 8 76
93 21 87 32 41
94 37 14 69 19 56 89
95 9 29 94
96 25 23 58 4
97 40 63
98 12 19 8 65 63 36
99 10 71 29
100 45 37
101 1 17 26
102 49 80
103 22 54 5
104 32 13 49 42
105 43 71
106 19 75
107 13 2
108 31 25 44 64 65
109 10 46 35 54 12 59
110 42 68 24 8
111 10 54 41
112 44 18 54 95 66 76
113 48 40 78 58
114 16 16 83
115 30 12 24 67
116 35 37 97 1
117 23 63 100
118 3 93 83 7
119 3 22 91
120 15 81 71 84
121 28 92 81 95
122 15 5
123 47 29 96 66
124 41 83
125 44 74 59 26 90
126 12 46
127 45 85 99 73 40 37
128 40 27 31 68 46
129 18 28 66 90 79
130 10 76
131 22 62
132 27 37 20 96
133 5 43 76 36
134 20 89 15 48 84
135 46 97
136 40 7 99 39 28 89
137 1 62 97 23 86
138 4 2 33 15
139 30 21 24 64 38 82
140 26 62 34 38 42 72
141 4 65 56
142 4 92 73 54 98
143 21 99 4 98 87
144 30 32
145 47 8 87
146 43 74 47 39 56 23
147 34 11 27 82
148 37 75 18
149 15 35 13 99 42
150 39 76 45
151 36 12 17
152 20 40 13
153 13 6 53
154 15 60 50
155 30 92 43
156 46 99
157 2 26 34
158 7 13 38 9
159 30 41 24 93 7
160 22 1 21
161 15 88 1
162 37 81 53
163 35 75 59 67
164 14 95 64 72 34 43
165 24 66 59 22
166 37 82 83 95 7
167 15 78
168 24 62 93 92 36
169 46 96
170 10 85 44
171 13 6
172 18 77 32
173 15 82 73 97 52
174 44 100 33 85 31 35
175 39 97 70 20 46 16
176 35 16 37 87 98 68
177 34 83 54 13 45 90
178 44 76 88 55 39
179 35 15
180 34 74 5
181 41 10 87 54
182 25 11 33
183 48 95 67 57 10 90
184 10 48 43 34 81
185 38 84
186 26 67 62 11
187 7 60
188 36 26 23
189 41 9 19 3
190 21 71 7 85 95
191 22 29 41 51
192 35 41 38
193 31 67 68 79 20 55
194 15 50 89
195 31 4 58
196 17 57 21
197 33 98 89
198 8 51 78
199 14 19 66
200 3 64
