101 50
1 31 174
2 30 738
3 17 844
4 6 116
5 8 523
6 1 798
7 37 213
8 43 521
9 22 609
10 28 331
11 34 165
12 48 768
13 10 251
14 20 295
15 28 321
16 36 729
17 13 486
18 27 334
19 24 22
20 24 476
21 12 389
22 17 28
23 12 897
24 8 880
25 34 712
26 37 740
27 46 91
28 39 217
29 11 651
30 14 768
31 12 124
32 25 89
33 42 190
34 5 925
35 41 57
36 7 680
37 10 608
38 25 630
39 24 23
40 28 234
41 13 132
42 2 997
43 17 598
44 19 930
45 4 499
46 46 183
47 50 812
48 42 173
49 7 677
50 7 179
51 50 240
52 15 534
53 11 166
54 33 134
55 22 107
56 24 245
57 2 135
58 22 843
59 25 209
60 11 810
61 18 504
62 14 442
63 16 437
64 23 577
65 34 579
66 3 842
67 22 263
68 22 334
69 17 931
70 30 672
71 34 501
72 33 140
73 41 100
74 33 877
75 36 619
76 33 797
77 49 127
78 33 714
79 3 609
80 23 335
81 2 548
82 2 630
83 16 426
84 26 649
85 46 221
86 42 155
87 17 826
88 50 773
89 20 621
90 12 113
91 31 741
92 27 733
93 10 862
94 7 526
95 33 176
96 39 28
97 33 743
98 38 87
99 16 940
100 11 885
101 29 976
1 217 48
2 100 28
3 346 91
4 255 67
5 345 42
6 403 38
7 458 33
8 378 66
9 485 79
10 283 96
11 352 92
12 178 91
13 120 17
14 160 19
15 417 35
16 187 79
17 441 88
18 149 70
19 364 47
20 365 78
21 324 26
22 450 53
23 207 48
24 176 96
25 312 44
26 107 89
27 344 14
28 347 76
29 132 99
30 115 19
31 440 13
32 439 56
33 410 46
34 199 16
35 229 48
36 102 95
37 286 12
38 321 65
39 205 45
40 188 51
41 406 19
42 182 21
43 293 50
44 485 36
45 411 34
46 321 10
47 298 78
48 304 45
49 256 19
50 323 53
1 40 98 85
2 3 7
3 8 5 46 9
4 26 89
5 32 58 44
6 50 77 15 39
7 6 28
8 39 64 28
9 18 62 67 101 14
10 38 27 61
11 17 9 91 72
12 4 77 81 53 1 64
13 4 33 74 35 71
14 32 71 80 77
15 22 79 78 17
16 22 43
17 22 4 28 13
18 5 56
19 3 47 82 77
20 40 24 79 91 89 83
21 31 36 25
22 47 77 83 58
23 36 95
24 19 70 50 80 89
25 10 26 99 6 12
26 20 18 3 4 50 33
27 3 10 93 16 75
28 30 100
29 40 10 85 16 77 52
30 17 74 27
31 17 51
32 39 75 84 38
33 3 18
34 46 62 79
35 39 45 20 15 89 76
36 40 99 32 96 47
37 13 53 54
38 13 77 82
39 44 53 12
40 13 29
41 39 30 99
42 49 92 57 66 21
43 22 82 52 17
44 22 6 95
45 43 61
46 13 70 73
47 10 61
48 20 81
49 2 29 82 91 86 75
50 30 85 97 64 63
51 26 61
52 23 30 56
53 10 16 74 62
54 22 27 75 23 57
55 17 24 41 73 8 63
56 14 59 74
57 35 45 13 72 9
58 24 64 23 76 29
59 30 67 28 54
60 5 63 50 79 18
61 37 84 1
62 24 50
63 49 16 71 67 8
64 18 13
65 35 32 15 59 39 56
66 38 4 16
67 43 18 87 33 7 73
68 16 43 68
69 7 42 67 66
70 33 23 77 59 54
71 50 5
72 14 46
73 39 63 82 9
74 4 71 53 67
75 9 71 15 37 54
76 26 48
77 19 100 98 26 87 12
78 16 68 67 62 100 53
79 47 13 39 74 1 76
80 36 62 29 65 57
81 14 35
82 21 92 40
83 41 63 40 53 84
84 25 18 70
85 42 72 87
86 44 36 51 1
87 23 56 85 21 58
88 28 71 69 41
89 29 86 17 28 82 12
90 32 20
91 14 38 58 41
92 50 51 45 60
93 28 84 96 9 48 13
94 27 55 60
95 23 56 9 70 39 74
96 10 99 7 95 54 71
97 33 17 25 12 10
98 37 7
99 34 95 96 88 27 86
100 46 95 98 38 12 78
101 26 52 49
102 8 13 11 39 38 14
103 32 12 18
104 18 76
105 41 54 5 22 77 15
106 17 41 88 101 33
107 4 20 14
108 48 25 42
109 40 85 49 92
110 2 7 50 82 83 95
111 30 38 21 40 84 27
112 8 72 10 62
113 15 34 78 100 71
114 3 11 22
115 48 101 47 33
116 34 82
117 16 3 37
118 24 68 55 82 58
119 4 99 18 57 101
120 43 2
121 25 83 90 22
122 45 32 25
123 33 79 13 88
124 19 40 97
125 25 43
126 11 81 34 18 5
127 27 101 93 49 81
128 8 89 32 61 44 91
129 48 41 86 84
130 11 19
131 5 9 4 78 69
132 39 100 24 78 27
133 36 67 87
134 29 93 60
135 30 68 96 76 53
136 14 92 3 66 32
137 9 72 66 63 73
138 40 94 27 47 7 51
139 49 94 72
140 17 47 74 19 84
141 19 98 75 84 8 101
142 2 85 12 13
143 13 96 42
144 20 8 96 50
145 25 90
146 6 54 39 62 31 1
147 13 53 24 70 1 35
148 27 45 22 93
149 41 42 59 20 11 16
150 28 19 61
151 22 69
152 8 32 23 82 45
153 30 15 60
154 36 82 24 55
155 21 99 38 47
156 35 41 63
157 28 25 60 34 84
158 16 76
159 20 79 74 72
160 9 70 12 84
161 31 71 85
162 18 19 21 86 99
163 35 48 14 87 75
164 12 99 101 57 28 62
165 18 73
166 50 33 68 25
167 36 96
168 38 46 28 100 75
169 35 42 71 99
170 22 34 93
171 46 53 79 1 78 39
172 20 59 50
173 26 6 75 38 56 42
174 49 8 57
175 15 96 32 71 89
176 25 27
177 42 50
178 22 11 45 60
179 24 96 51 2 27 89
180 15 73 86 87 68
181 35 65 4
182 6 64 44 83 93
183 10 92
184 8 97 75
185 2 69 76 21
186 16 78 80 61 17
187 26 57 37 58 70 7
188 49 67 79
189 9 30 20 90 19 18
190 3 93 53
191 24 80 51 83 97
192 15 8
193 32 74 28 13 84 94
194 4 99 57 50 28 17
195 35 69 68 99
196 14 66 59 81 19 70
197 4 46
198 46 42 39 56 68
199 42 12 38
200 50 78 2 22
201 14 63 53 80
202 22 13 66
203 36 37 69
204 21 89 66
205 18 59 10 43 97
206 43 34 18
207 6 20 77 92 68 22
208 29 47 2
209 6 37 11
210 1 52 74 61
211 17 53 48 8
212 11 11 16
213 44 32
214 37 71 9 19 31
215 44 46 58 21 78
216 6 56 101 60
217 7 100
218 42 7 96 63 82 3
219 35 59
220 19 78 39 87 69
221 48 61 70 71 7
222 1 63
223 15 20 6 51 5
224 35 76 70
225 37 93 89
226 33 3 88 51
227 44 7 49 4
228 45 13 34
229 11 42 43 6
230 34 101 24 43 45
231 24 53 76 12 93
232 25 19 81 60 24 54
233 27 51 17 79
234 36 37 33
235 2 86 67 90 36
236 14 100 75 19 92 21
237 38 8
238 40 72 90 15 25 70
239 50 89 53
240 38 23 15
241 41 82 8 74
242 1 28 35 50 26
243 46 92 70
244 26 70 101 78
245 21 19
246 43 77 73 55 78
247 36 27 48 42
248 30 61
249 34 52 95 53
250 18 8 48 4 53
251 9 86 53 56 24
252 38 25 34 78 13
253 21 2 28
254 42 54 26 68 36
255 19 28 74
256 5 63 29 33 20 88
257 33 17 83 98 25
258 28 32 27
259 50 42 40
260 21 55 79 7
261 27 21 92 53
262 44 31 97 37 14
263 12 31 95 79
264 19 63
265 11 9 62 96 31 10
266 36 101 21 97 54 28
267 39 3 74 43 28
268 27 97 80 70 24 34
269 37 4 46
270 11 14 55 21
271 11 29 49
272 43 33 42
273 34 40 5 9
274 1 76 74 101 78
275 17 76 54
276 21 57 40 75
277 11 71 98 50 100 34
278 33 35 58
279 3 36
280 8 65 30 45
281 45 46 92
282 24 15
283 42 84 53 72 97
284 47 54 1 76 98 83
285 47 94 20
286 20 71 36
287 7 29
288 49 14 79 46 27 2
289 20 73 70 89 96 71
290 29 53 60 97 89
291 3 57 28
292 12 98
293 35 66
294 28 84 12 87 57
295 44 98 66
296 8 43 73
297 5 84 97 44
298 29 34
299 27 51 61 71 90
300 42 65 12 81 14 6
301 49 33 45 82 98
302 13 90 101 28 93
303 18 16 87 11 40
304 14 71 47
305 13 52 47
306 13 65 38 43
307 50 40 50 25
308 25 63 88
309 27 82 3 61 5
310 18 42 71 22 8
311 9 31 62 84 35 37
312 5 19 16 77 37
313 46 20
314 31 11 25 47
315 48 7 57 60
316 20 32
317 7 94 100 91 54 55
318 35 10 15 28 68 73
319 29 35 19
320 4 40 8 53 61 99
321 25 3 21 72
322 31 16
323 1 32 94
324 17 77 48 65 1
325 20 23 45 83 33
326 37 1 52
327 47 13 60 76
328 26 43
329 42 51 54
330 8 22 87 41 95 62
331 27 64 30 70 69
332 33 70 81
333 41 48 97
334 28 28 43
335 20 85 23 62 82
336 2 4
337 36 43
338 2 71 93
339 18 10
340 43 52 22
341 2 10 100 47
342 16 97 68 19
343 26 16 21 66
344 39 56 63 62 29
345 8 72 1
346 36 69 91
347 48 69 30 21 90
348 40 39 12
349 27 20 25 15 1
350 3 46 88
351 29 26 19 40 72
352 13 90 43 24 67 88
353 36 48 87 99 36
354 1 97 78 98
355 50 24
356 13 86 7 3 82 40
357 19 36
358 8 23
359 11 35 53 63 23
360 6 24 100 17 36 42
361 20 16 87 1
362 28 83
363 37 1 73 25
364 11 81 82 91 70
365 6 81 92 99
366 14 30 46 8 33 40
367 16 48 38 12
368 47 5 92
369 5 24 6 16
370 49 38
371 43 96 45 29 64 34
372 28 74 39
373 10 11 29
374 50 28
375 25 72 99 64 37
376 21 21 77
377 6 77 13 69 11 39
378 5 12 78 52
379 49 48 75 59 39 89
380 20 44 26
381 10 60
382 18 84 49 59 91
383 43 97 34 85 14 52
384 26 11 16 24 36
385 49 3 42 19
386 42 65 77 27 6 12
387 50 71 39
388 2 15 20 16
389 35 61 64 80 49
390 8 52 39
391 1 76 31 41 87 28
392 33 65
393 42 70
394 3 1 8 3
395 26 45 8
396 33 77 10 96
397 1 98 58 75
398 8 26 68 9 56
399 6 93 90
400 48 58 18 17 50
401 13 3
402 17 1 19
403 45 15 55 85
404 2 59
405 18 91 2
406 16 44 30 76 74
407 10 8 1 52
408 42 89 36 13 77 98
409 29 34 74 56 46 38
410 22 78 29 91
411 37 79
412 10 58 21
413 38 62 18 55 27 44
414 31 57 38 49 88
415 31 7 83 8 52 100
416 17 75 11 51 41 57
417 48 36 1
418 3 22
419 16 7 78 54 17 85
420 12 60 64 22
421 48 2 80
422 5 48 70 6
423 2 60 95 49 29 53
424 12 77 53 39
425 6 39 35 37 68 87
426 27 79
427 14 30 2 13
428 31 59 90
429 16 86 96 25 54
430 36 57 95
431 5 97 49 48 47
432 32 45 84 75
433 26 18 90 2 27
434 5 40 31 86 5
435 29 20
436 47 22 64
437 26 37 89
438 46 47 44 101 40 7
439 42 88 92 68 81 16
440 7 98
441 47 34 40 65
442 21 63
443 25 50
444 17 93 19 69
445 20 80 89 2 10 70
446 13 20 98
447 5 65 55
448 44 3 82 16 40 36
449 21 72 93 69 81 52
450 31 58 3 55
451 10 55 8 33 69
452 22 61 27 36 15 67
453 45 63
454 7 98 71 82 89 43
455 11 74 57 15 98 96
456 6 11
457 25 85 2 99
458 21 79 27 40
459 25 83 4
460 29 43 25
461 32 58 48
462 28 68 32 97 61 79
463 30 77 68 87 84 46
464 1 37
465 2 13 89 15
466 32 47 16
467 32 41 23
468 5 30 99 59 9 33
469 40 61 65 51 37
470 36 73 30
471 20 57 34 80
472 11 98 46 1 101
473 37 31 13
474 45 17 9 53 67 21
475 3 90 16
476 23 9
477 19 9 76 59
478 44 6
479 31 23
480 37 65 45 78 61 16
481 29 74 95 9 73 45
482 1 32 53 21
483 44 51 78 82 63 67
484 5 93 65
485 36 92 8 90 60
486 6 88 15 91
487 22 16 44 85 27
488 45 84 72 13 47 10
489 14 99 84 29
490 48 91 57 21 52 29
491 2 43 37
492 16 67
493 43 63 4 59 39
494 9 84 97 63 51 86
495 25 82 83
496 31 22 75 59
497 14 71
498 2 75 49 93 48
499 47 88 70
500 1 63 4 90 80
501 32 26 92 24 75 20
502 38 99 26 30 5
503 34 37
504 27 41 77 36 61 23
505 6 101 45 72 26 6
506 9 42 99
507 31 62
508 28 46
509 8 13 45 93 15 18
510 27 41
511 34 46 74
512 17 26 67
513 45 70 31 20
514 33 59 50 48 46
515 27 28 91 8 95 29
516 46 77 59 68
517 33 94 57 12 83 26
518 48 26
519 49 6 79 81 31 87
520 38 50 46 43 65 51
521 50 27
522 4 22 6 76
523 45 82 35
524 21 73 87 46 60
525 23 43 92
526 26 96 97
527 45 89 101 98 77
528 15 71 86
529 26 37
530 40 97 15 46 20
531 13 54 64 67 4
532 13 100 89 11
533 4 66 77 76 28 40
534 47 46 87 39 21 12
535 19 81 30 59 25 13
536 1 36 64 92 41
537 37 57 4 37 89 12
538 8 100 19 59 7
539 7 64
540 12 50 14 46 89
541 23 71 8 69
542 34 30
543 5 100
544 31 8 95 24 19 93
545 1 74
546 41 5
547 29 5 41 16 11
548 19 78 80 27 22
549 21 48 87
550 36 86 72 13
551 13 9 25 34 100 48
552 19 46 1 8
553 2 46 10 77 58 36
554 13 2 95 54 80 72
555 27 67 100
556 2 18 29
557 8 99
558 19 23 58 28
559 26 1 33 59 12
560 10 32 100 43 71
561 45 81 36 8
562 6 3
563 1 77 13 88 30 34
564 36 84 41 53 100
565 9 84 77 41 50
566 2 78 68 17 27
567 33 21 18 48 80 33
568 38 71 89 76 90
569 30 37
570 22 44 36
571 35 23
572 1 1
573 32 90
574 36 19 47 85 62 15
575 22 76 18 10 79 89
576 16 23 91 6 80 10
577 28 96 79 90
578 25 59 95 49
579 25 96 31 1 101
580 13 17
581 11 39 77 7 68 23
582 6 94 21
583 6 84 48
584 9 65
585 33 22 98 75 34
586 10 11 2 12 54 79
587 4 22 75 36 7
588 16 62 78 13 8
589 27 15 78 20 93 45
590 11 56 80 99 77 24
591 43 22
592 1 70 21 88 81
593 8 11 87 4 51
594 50 92 10
595 12 89 55 8 56 43
596 45 69 25 95 37
597 12 81 40 16 98
598 28 27 52 36 48 73
599 17 79 58 82 92
600 47 20 95 78 39
601 4 76 4
602 19 42 79 64
603 50 9 26 79 57
604 24 75 34 55 63
605 16 83 58 51 24 86
606 34 19 74 57 48 31
607 1 39 29 24
608 23 68 71 33 88
609 42 64
610 23 26 16 56 39
611 8 75 88 99
612 13 93 49
613 28 99 94 57
614 6 54 4 16
615 38 100 6 14 70 86
616 19 39
617 25 16 7 77 84
618 32 17 47 99 101
619 39 61 57 98 96 12
620 11 18 98 15 54
621 43 55 32
622 25 52 99
623 39 15 80 64 99
624 16 94 67 100 33 57
625 48 45 73 39 26
626 32 54
627 21 58 13
628 22 49 43
629 39 94
630 47 20 82 61 88 32
631 40 57
632 11 23 55 89
633 26 101 93
634 33 88 45 65 56
635 31 22 100 33
636 14 65 53
637 18 82 63 36 30
638 35 70 99 62 95
639 9 18
640 24 10 8 60 18 81
641 30 101 97 26 3 73
642 35 96
643 7 5
644 32 97 18 65
645 13 71 32 59
646 3 57 88 98 64 40
647 6 79 30 97 91 36
648 38 55 41 94
649 21 80 97 86 12
650 24 66
651 39 59 3
652 38 44 7 16 27
653 27 99
654 5 52
655 13 75 12 81 90
656 33 46 11 6 31 49
657 43 53 23 36 86 47
658 12 73 86
659 22 51 68 35 70
660 11 28 9 30 89
661 42 39 52 54 66 14
662 44 11
663 5 89 92
664 46 69 75 4 31 84
665 26 68 82 24 90 98
666 50 23
667 3 18
668 15 39 74 42 26
669 20 76
670 26 19 101
671 7 8 80 14
672 38 9 26 75 37
673 26 94 65 42 7 63
674 11 37 23
675 34 46 6 36
676 38 63 84 86
677 46 58 48 62 70
678 39 80 33 64
679 45 28 37 68
680 29 91 94 49
681 27 7 31 76 86
682 2 47 23
683 50 33
684 17 80 15 28 83 88
685 48 30 56 15
686 48 88 67 15 78 8
687 26 69 89 24 12
688 28 76 21 64 5 94
689 33 11 71 22 76 51
690 39 33 18 76 62 10
691 8 38 21 73
692 28 83
693 11 40 5 87
694 43 35 56
695 29 21 2
696 3 8 58 34 7 64
697 43 92
698 38 81 93
699 2 63 79
700 4 21 22 11
701 34 23
702 41 27 87 30 6
703 43 71 88 2 53
704 50 32 3
705 1 88 55 47 100
706 19 18 39
707 13 16 81 13 73
708 29 65
709 13 33 19
710 43 88 55 71 68 35
711 39 35 99
712 16 45 17 56 62 43
713 6 99 68
714 44 101 47
715 28 94 58 56
716 38 15
717 19 84 23 26
718 22 1
719 7 78 101 82
720 25 89 82
721 49 86 1 45 99
722 31 55
723 16 68 2 72
724 2 97 3
725 5 39 3 51 56 90
726 31 78 63 77 9 71
727 20 33 80 91 79
728 29 5
729 50 77 76 6 69
730 12 25 69 35 47
731 47 34 11
732 19 37 92 4 96 52
733 35 88 29
734 3 65
735 25 49 42 59 24 52
736 23 29 17
737 8 55
738 34 53
739 40 9 26 7 77
740 10 73 65 45 78
741 1 55 46 68
742 28 36 62 64 58 63
743 45 78 62 79 26
744 3 19 72 83 70
745 44 95 37
746 37 88 73 42 32
747 50 37 5 67 74
748 28 25 11 45 47
749 6 25
750 43 17 77 94 41
751 29 2 44
752 30 49 17 59 40
753 8 24 92
754 3 84 51 4
755 25 59
756 38 29 25 89
757 25 33 19
758 31 67
759 41 83 96
760 49 1 15
761 38 65 68 91
762 36 67 80 8 66
763 32 60 57 4
764 26 1 36
765 45 9 45 40 94 59
766 27 16 68 20 53 76
767 41 44 41 12 43
768 35 8 5
769 37 58 87 33 44
770 12 30 60
771 32 22 98 23 41 81
772 42 27 86 14 93 2
773 50 23 65
774 17 21 6 39 5
775 40 93 77
776 17 62 82 26 20
777 6 60
778 25 50 28 93 2 53
779 1 16 46 48
780 22 15 54
781 45 25 100 35 32
782 10 52 31
783 40 22
784 29 1 93 85
785 10 8 74 82 37
786 41 64 38 80
787 19 33 43 71
788 39 87 43 38 35 3
789 25 7
790 23 28
791 37 32
792 33 63 74 14 42 2
793 11 49 20 74
794 21 64 43
795 31 81 78
796 43 58 68 10
797 42 47 55
798 30 7 55
799 32 8 17
800 30 24 47 84
801 19 44 76 11
802 4 45 40 78
803 47 49
804 33 49 20
805 4 88 9 91 75 79
806 13 50 2 11 77
807 34 82 65 6
808 4 95 85 73
809 6 9
810 12 94 74 92 82 54
811 18 40 19 56
812 41 12 8 4
813 47 5 45 11
814 41 45 65 82
815 2 24 66
816 46 18 49 77 67 76
817 43 90
818 1 34 38 37
819 36 21 33 65
820 5 38 37 15 23
821 49 66 14
822 26 77 74 95 4
823 9 30 1 80 55 89
824 43 44
825 38 71 17 49 41 7
826 10 47 61
827 25 44 82 78
828 27 18 98 74 100 80
829 43 8 20 71 101
830 2 84 56
831 18 94
832 46 49 51 82
833 40 85 83 11 15 35
834 25 95 36 83
835 39 67 37 65
836 37 9 93 94 52
837 47 89 88 33
838 5 97 90 7 81
839 21 72
840 28 41 73 27 33
841 25 96 72 58 19
842 17 84 9
843 41 59 30 5
844 23 71 4 22
845 3 97 32
846 21 44
847 43 43 95 58 14
848 50 52 101
849 15 78
850 37 85 99 43 17 88
851 8 23 99 31 6
852 37 98
853 24 13 100
854 8 3 69 52 64 90
855 40 47 92 90
856 47 20 64 84
857 24 21
858 29 101
859 6 77 59 4 52
860 19 30 92 25
861 23 33 55 65
862 43 51 83 27 65 26
863 2 2
864 46 85 26 78
865 6 73
866 49 27 36 9 78
867 42 5 66
868 19 51 31 9
869 28 31
870 20 76 43 18 35
871 4 9 89
872 30 74 28
873 38 25 41 61 45 3
874 35 95 9
875 24 64 32
876 27 69 68 8
877 30 17 57 22 64
878 34 70 59 57 73 97
879 33 58 39
880 20 3 42
881 46 53 56 66 39 55
882 43 14 79 26 15 95
883 34 98 3
884 6 45 1
885 47 78
886 40 4
887 11 8
888 49 52 4 7 1
889 19 44 4 20 22 84
890 21 9 6 33 31
891 32 34 5 36
892 39 54 13
893 14 55 36 23 34 64
894 31 32
895 45 90 59 40 58 77
896 8 16 67 37 1 8
897 35 27 94 83
898 46 13 96 65 20
899 22 32 2
900 34 73 3 72 45
901 38 19 101 63 59
902 20 58 81 22
903 30 26
904 45 2 47
905 1 92 79 74 11 77
906 15 54 52
907 13 94
908 38 34
909 19 43 78 17 37
910 45 96
911 9 66 53 87 47 60
912 30 83 26 46 95
913 42 59 80
914 29 59
915 3 81
916 14 65 81 69 32
917 30 83 42 51 41
918 38 25
919 49 50
920 36 32 6 55 24
921 16 2 59 50 63
922 9 80 14 2
923 8 96
924 46 50 43 83 4 96
925 25 54 98
926 18 29 37 36 14
927 33 95
928 23 88
929 47 58 64 3 85
930 37 27 19 29 40 63
931 15 8 91 44 22 88
932 26 2 76 15 82 10
933 36 28
934 13 2
935 50 42 65 22 60
936 42 11 18 33 87
937 34 3 39 41 31 26
938 50 86 90 94 71
939 20 56 4 75
940 19 77 69 7
941 10 29 43
942 22 56 62 82 16
943 33 80 87
944 20 36 70 63 19 20
945 33 63
946 1 94 1
947 17 26 39
948 43 84 52
949 15 66 22 56 6
950 12 91 3 101 50
951 7 86
952 45 68 61
953 25 78 68 11 45
954 10 47 40
955 1 66 2 73 58 33
956 38 81 49 61 5 84
957 12 2 60
958 6 52 87 97
959 10 68 84
960 48 9 70
961 43 58 77 22 56 30
962 7 75
963 37 64 78 86
964 15 19
965 13 73 43 31 21
966 19 24
967 3 84 71
968 46 63 6 11
969 20 98 95 11 14
970 40 42 4 75 64
971 44 39 78
972 2 52
973 46 38 52
974 3 66 82
975 32 26 1
976 37 3
977 45 62 31 1 63
978 22 3 48
979 38 50
980 7 94 96
981 42 50
982 4 75 92
983 45 77
984 21 50 99 14
985 43 62 51 82 63 45
986 32 99 3 41 70 59
987 39 28 2 45 51
988 45 22 4 97
989 24 89
990 43 73
991 12 30 24 92 47
992 15 65 8 61
993 3 86
994 13 34 61 55 82
995 4 74
996 30 91 77 53 36
997 44 93 61
998 28 68 83
999 3 55 28 96 6 8
1000 41 90
1001 14 26 79 98 86 97
1002 11 50
1003 19 30
1004 17 16
1005 38 22
1006 48 44 81 40 1
1007 36 92 26 48 38
1008 14 40
1009 35 55 101
1010 26 81 6
1011 28 27 82 99
1012 38 79 92 34
1013 43 27 11 48 98
1014 21 16 7
1015 18 74 56
1016 19 11
1017 45 10 51 73
1018 33 37
1019 18 94 8 16 17 48
1020 24 86 25
1021 34 87 19 54 53 76
1022 23 4 59 73
1023 32 101 65 91 72
1024 28 100 43 15 49 33
1025 48 32 86 28 92
1026 45 31 76 48 91
1027 13 82 62 27 81
1028 24 5 4 86 95 45
1029 15 28 48
1030 29 91 72 9 7
1031 34 73 72 74
1032 43 39 100 98 61 45
1033 10 40 31 15 7 37
1034 26 28 22 82 97 7
1035 45 27 91 5 34
1036 35 93 94 15 83 101
1037 6 38 47
1038 18 100 57 85 99 26
1039 36 3 90 5
1040 27 27 56
1041 29 68
1042 37 2 65
1043 22 53 94 67
1044 33 69 6 37 61 24
1045 37 59 90 66 58 15
1046 21 47 97
1047 26 46 16 70 90
1048 48 49 70 94 83 86
1049 6 53 78
1050 10 79 1 58 66 65
1051 34 9 86
1052 37 97 20
1053 1 38 22 69 89
1054 18 72 65
1055 49 21 69 35
1056 48 92 68 20 2
1057 38 69
1058 23 33 79 50
1059 29 34
1060 19 90
1061 50 81
1062 1 101
1063 26 34
1064 30 66 15
1065 25 61
1066 43 3 59
1067 6 11 73
1068 48 9 14 55 51
1069 20 15
1070 41 18 80 7 98 44
1071 12 47 5 24
1072 9 66 52 46 20 97
1073 44 69
1074 22 73 25 62
1075 38 20 37
1076 42 10 50 18 9
1077 9 6 8 70
1078 44 34 62 42 101
1079 4 33 100 39 56 74
1080 8 17 44 85 18 42
1081 30 10
1082 7 29 5 55 36
1083 49 88 12
1084 48 86 84 18 56 93
1085 30 84 51 38
1086 11 96 45 39 74 81
1087 44 100 39 13 65 32
1088 3 24
1089 28 34 94 13
1090 30 22 53 96
1091 43 77 53 46
1092 40 73
1093 5 80
1094 44 95 61 13 70 63
1095 25 20
1096 12 47 22 16 62
1097 19 4 88 70
1098 47 1 75 27 98
1099 10 70 34 7 89 33
1100 34 72 27
1101 50 64 36 90
1102 28 10 38 91
1103 39 5 68 23 2
1104 37 62 32 38 80
1105 3 53 29 23 62
1106 35 6
1107 23 6 23 75 68
1108 46 23 39 70
1109 5 93 17
1110 15 22 68 46 39 33
1111 25 19
1112 38 92 47
1113 38 52 5 40 99
1114 19 31 10 49 27 24
1115 46 62 96
1116 33 4 1
1117 35 98 66
1118 25 68
1119 42 4 84 22
1120 20 21 40
1121 24 37 93 22 7 53
1122 41 51
1123 20 86 57 19 33
1124 41 6 99
1125 29 76 26 14 97 23
1126 20 5 11 83 64
1127 20 41 88
1128 4 80 44 88
1129 8 82 73
1130 46 67
1131 41 78 73 91
1132 20 20 10
1133 30 74 22 59 48
1134 19 100 69 59 12
1135 5 92
1136 1 42 98 95 90 5
1137 26 45 38 83 57
1138 26 44 36 20 39
1139 49 69 9 36 83 54
1140 33 34
1141 16 44 63 37 41 22
1142 9 99 46 18 13
1143 29 18
1144 5 19
1145 29 85 36 95 50 94
1146 49 22
1147 2 1
1148 26 51 40 76
1149 25 35 49 98 15
1150 13 36 47 92 50 82
1151 38 20 97 87 92 27
1152 42 82 47 20 21
1153 7 33 100 61 17 74
1154 10 79 96 61 54
1155 30 33 3
1156 5 69 42 54 10 78
1157 16 72 89 30 74 98
1158 19 89 17 33 21
1159 19 92 77 53 101
1160 43 90 15 96 6 62
1161 32 60 92 100 49 15
1162 49 50 87 57
1163 8 89 67 86 46 58
1164 21 2 44 24 36 13
1165 21 56 17 76 81 42
1166 1 101 3 44 11
1167 29 56 86 26 94
1168 17 72
1169 14 44 98 94
1170 11 35 22 77 68 94
1171 38 89 63 40
1172 45 76 39 30
1173 28 84
1174 48 54 45
1175 8 54 81 85 68 100
1176 35 71
1177 5 20 63 88 95 52
1178 20 68 76 65 54
1179 27 74 31 8 96
1180 35 42 14 64
1181 22 19
1182 27 90
1183 25 51 30 101 91 77
1184 14 78 41 45 71 36
1185 9 17 72 23 56
1186 7 49
1187 4 60 16
1188 21 12 70 49 63 87
1189 47 72
1190 15 10
1191 20 99
1192 45 1 43 54
1193 34 41 95
1194 43 64 33 93 21
1195 1 9 39 62 22
1196 23 100 93 77 32 49
1197 8 89 49 69
1198 42 88 24 26 84 49
1199 42 24
1200 9 95 16 70 27 55
1201 41 85 65
1202 19 19 9 27 37 54
1203 42 42 97 95 30 62
1204 45 29 27
1205 20 74 88 100 17 63
1206 36 71 63 98 5 68
1207 33 22
1208 20 67 57 38
1209 10 31
1210 47 97 55 33
1211 44 84 38
1212 49 36 39 64 29 14
1213 21 51 75 59 85 89
1214 46 7
1215 13 22 5 95 94
1216 41 25 66 87 18
1217 7 62 52
1218 49 47 61
1219 43 44 63 92 16 83
1220 5 58 16
1221 45 48 64 50 85
1222 1 101 81 63 39
1223 12 51
1224 44 94
1225 24 44 20
1226 16 59
1227 48 80 93 28 50
1228 48 38 71 41 81 8
1229 43 13 6 16 51
1230 37 57 79 49 54 93
1231 47 39 101
1232 40 13 8 40
1233 40 21 33 56 1
1234 19 98 87 101 3
1235 7 88 69 48
1236 2 77
1237 35 50 61
1238 46 65 82 59 1
1239 27 58
1240 40 96 73 15 13
1241 38 43 18 5
1242 49 72 43 25 92 15
1243 24 15
1244 21 100 87 7 19
1245 36 39 4 70 83 38
1246 20 63
1247 21 7 95 27 98 100
1248 7 9
1249 12 96 76 45
1250 27 23 18 29
1251 42 60 59 52
1252 39 23 96 51 8 68
1253 19 97
1254 19 91 84 85
1255 7 54 19 29 25 69
1256 41 68 50 8 17
1257 37 96 45 28 42
1258 17 3
1259 50 50 97
1260 47 91
1261 30 57 66
1262 30 22 78 76
1263 17 43 86 62
1264 4 68 38 89 21
1265 28 1 13 57 53 98
1266 49 32 10 78 11 59
1267 21 49 40 9
1268 47 101 79 60 18
1269 19 3 97 78
1270 30 99 49
1271 1 35 10
1272 1 78 13 48 17 26
1273 35 92 89
1274 40 25 33 30 85 92
1275 2 59 77 57 61 69
1276 45 72
1277 37 84 22
1278 18 79
1279 47 1 12
1280 48 48 41 68 59
1281 17 74 78 57
1282 40 16 62 64 19 24
1283 19 57 94 6 21
1284 36 36 9 40 70 47
1285 36 89 19
1286 48 95 37 53 69 46
1287 45 60 26 32
1288 37 84 52 92 100 79
1289 32 37 68 1 97 86
1290 7 92 101 34 68
1291 1 57 13 67
1292 41 45 36 4 38
1293 21 89 64 70
1294 42 82 83
1295 33 91 76 84 35
1296 48 63
1297 25 2 49 85 52
1298 18 42 57
1299 1 77
1300 37 44
1301 39 13 42 49 16
1302 32 9 63 83 41 71
1303 34 32 37 91 72
1304 7 54 11
1305 36 64 11 5
1306 18 79 59 4 13
1307 2 91 52
1308 28 18
1309 2 11 5 7 58
1310 13 38 97
1311 20 16 27 12
1312 43 55 75 52 60 12
1313 41 11 96 99 94 1
1314 24 27 34 71 35
1315 44 101
1316 31 2
1317 27 18 87
1318 31 62
1319 38 88 84 55
1320 42 42
1321 10 87
1322 23 75 96 95 99
1323 41 81 70 58 100
1324 45 28
1325 45 99 18 76 48
1326 39 50 58
1327 6 77 85 68 66 96
1328 46 16 75 93 46 19
1329 11 59
1330 18 36 92 70 86 24
1331 32 60 62 25 66
1332 21 54 71
1333 49 69 100 68
1334 37 33
1335 1 50
1336 11 5 66 33 95 94
1337 24 82
1338 31 92
1339 45 83 40 15 49
1340 20 52 76 56
1341 43 84 13 30 96
1342 11 1 41
1343 46 27 25 69 2
1344 49 14 51 86 30 3
1345 25 19
1346 44 82 35 21
1347 23 83 98 88 62 97
1348 49 90
1349 48 64
1350 8 39 60 66
1351 43 79
1352 26 78
1353 45 84 90 13 49 6
1354 2 89 68 96
1355 21 3 74 69 14
1356 4 12 95 16 35 49
1357 50 10 66 32 79
1358 27 83 36 55
1359 33 50 36
1360 40 72 6 22
1361 16 93
1362 2 13 6
1363 29 88 45 60 55
1364 12 65
1365 12 34 32 50
1366 18 101 12 95
1367 7 54 23 48 38 95
1368 6 91 24 89
1369 16 57 49 60 38
1370 19 60 21 93 68
1371 20 70 78 38 65
1372 37 98 52 31
1373 32 74 21
1374 21 74 89 55
1375 14 13 92 55 58 30
1376 20 100 77 32 52
1377 17 76 95
1378 50 54 92
1379 15 81
1380 29 30 70
1381 45 68
1382 47 37 79 39 81 42
1383 11 74
1384 35 57 46
1385 3 87 6 74 10
1386 44 51
1387 22 46 25
1388 35 3 75 38 91 80
1389 35 60 25
1390 50 21 26 63 54 39
1391 16 15 37
1392 3 5 77 72 14 15
1393 27 88
1394 33 5 20
1395 35 55 69
1396 42 46 70 31
1397 45 86
1398 39 43 28 93 10 46
1399 24 39
1400 24 60 92 84 25
1401 16 16 93 23
1402 33 22 64 29
1403 40 13 95 18 77
1404 5 39 26 31
1405 15 32 53 64
1406 10 87 40 36 24
1407 11 55 14
1408 37 12 49 29 64 91
1409 34 52 38
1410 17 26 65 100
1411 25 16 38
1412 26 87 5 23 58 82
1413 20 23
1414 42 2
1415 14 89 78 31
1416 3 39 32 99 18 26
1417 1 13 15 38 51
1418 14 99
1419 15 15 10 93
1420 45 49 59 20 39
1421 25 28 16
1422 28 100 25
1423 20 3 26 90
1424 45 100 11
1425 32 92 94 22
1426 16 96 19 65 21 52
1427 27 80 1 3 17
1428 24 69 62 56
1429 20 71 39 57 55 69
1430 24 76 59
1431 40 91 61
1432 45 82 44
1433 49 82 31 101
1434 5 96 6
1435 8 45
1436 27 62 4
1437 13 43 64
1438 18 68
1439 26 14 23 36 96 68
1440 42 85
1441 32 18 33 61 30 23
1442 23 81 48 5
1443 8 82 60
1444 10 42 23 25 36
1445 4 32 21 79 13 16
1446 20 48 40 80 11 72
1447 22 97 41 11 61
1448 4 77 48 3 23 39
1449 17 18
1450 45 13
1451 36 68 49 89
1452 27 62 88
1453 17 59 62 5
1454 21 85
1455 19 87 7
1456 23 83 71 53
1457 28 17 57
1458 23 21
1459 5 56 30 83 55 84
1460 42 54 69
1461 37 22 11 61
1462 18 82 49 40 52
1463 16 101 17
1464 9 86
1465 25 73 58
1466 28 28 2 3
1467 25 49
1468 22 97 87
1469 4 82 76 31 101 84
1470 27 82 52 77 30
1471 15 28 71 33
1472 43 91 63 61 20
1473 3 38 101 57
1474 48 42
1475 46 1 54 34 100
1476 15 95 88
1477 41 80 14 34 48
1478 38 46 82 61
1479 4 11 53 101 82 95
1480 31 94 26 22
1481 22 98 55 12
1482 33 70 92 71
1483 16 43 54 29 85
1484 13 67 51 59 28
1485 49 81 32 50 40
1486 3 24 17
1487 29 72 46
1488 38 79
1489 44 38 49
1490 22 12 16 42
1491 34 50 67
1492 50 45 25 31
1493 2 77 79 5 44 20
1494 1 3 25
1495 7 73
1496 28 47 69 101
1497 25 61 8 100 15 34
1498 18 35 50 101
1499 40 13
1500 16 22
1501 25 59 32 28 6 69
1502 28 4 34 15 25
1503 30 37
1504 38 69 10 94 41
1505 33 48 29 60
1506 8 82 50 14 99 65
1507 4 74
1508 2 34
1509 39 2 97
1510 48 33
1511 28 89 71 56 49
1512 6 17 37 1 23
1513 43 19
1514 43 49 17 62
1515 42 38
1516 21 29
1517 46 59 89 55
1518 41 91 61 94 13
1519 38 57
1520 47 100 2 18
1521 24 67
1522 36 14
1523 30 18 19 75 33 49
1524 26 83 34 24
1525 46 70 32 4 44 73
1526 13 47
1527 33 29 5
1528 2 25 5
1529 36 73 80
1530 1 42
1531 44 71 34 75 28 76
1532 29 1 39
1533 34 65 3
1534 44 28 31 99
1535 31 84 54 42 76
1536 16 58 77
1537 12 22
1538 35 47 96 30 48 57
1539 9 77 41
1540 27 33
1541 24 45
1542 11 47 39 7 17
1543 48 51 32 99 79
1544 39 100 12
1545 19 56 92 91
1546 11 83 57 64
1547 18 82 35 47 29 78
1548 43 62 54 101 10
1549 6 25 101 34 10 53
1550 25 88 92 93 7 2
1551 1 4 64 48 52 13
1552 26 80 32 40
1553 37 35 15 3 72 62
1554 44 1 40 88 38
1555 49 101 73 43 17
1556 7 23
1557 3 54 77 3 58 93
1558 25 83 9
1559 37 60 72 18 23 27
1560 34 25 11 28
1561 29 23 36 95
1562 1 65 23 92 70 22
1563 12 77 2 65
1564 46 8
1565 47 48 2 83
1566 13 13 89 2 99
1567 37 55
1568 15 22 17 85 6 77
1569 15 19
1570 27 93
1571 33 47 87 62 18
1572 27 45
1573 11 92 96 56 51 100
1574 10 56 100 98 28 60
1575 11 77 10
1576 35 45 34 43 98
1577 27 83 66 32 48
1578 6 13 70
1579 24 68 72
1580 27 32 46
1581 30 49 81 59 54 17
1582 27 13 11 83
1583 37 63 68 72 14
1584 29 1
1585 21 95 41 85 21
1586 30 23 55 94 32 44
1587 18 88 56 74 67 61
1588 24 44 39
1589 4 88 95 91 12 2
1590 39 79 75 86 57 99
1591 7 33
1592 44 60 52
1593 40 34
1594 7 63 89 59 48
1595 39 47 3
1596 47 49 64 100 4
1597 8 12 9 34 25 11
1598 15 4
1599 35 2 34 23 27
1600 48 5 48 16
1601 25 75
1602 26 7 25 50 63
1603 31 68 17
1604 13 83 97
1605 9 45 97 9
1606 41 77 55 14
1607 42 28 22 10
1608 11 39 40 66 42 57
1609 45 89 1
1610 29 41 27
1611 21 56 2 47 28 41
1612 9 88 95
1613 44 53
1614 46 92 66
1615 48 26
1616 10 67
1617 48 6
1618 15 17 36
1619 20 42 47 20
1620 48 7
1621 31 6 15 82
1622 9 58 57 54 7
1623 28 86 64 75 63
1624 6 95 78 33
1625 47 53 76 32
1626 37 31 60
1627 24 48 75 21 64
1628 7 83 37 47 101
1629 30 59 69 67 2 64
1630 25 16
1631 18 99
1632 46 28 30 36 100 93
1633 44 42
1634 4 70 3
1635 2 64
1636 22 13 24 20
1637 15 42
1638 48 83 89
1639 24 70 93
1640 50 53 62 17 16 29
1641 44 33 44
1642 19 23
1643 34 33 58 53 90 3
1644 41 6 11 88
1645 41 30 82 17
1646 22 77 8 80 37
1647 24 96 58 31
1648 17 73 39 46
1649 32 32
1650 42 64 8
1651 39 61
1652 25 90 38 14
1653 48 66 11 1 79 90
1654 45 69 46 92 66 56
1655 47 31 39 47 35
1656 40 49 78 72
1657 7 28 79 82 23
1658 3 26 75 47
1659 20 39 55 22
1660 19 30 69
1661 39 50 46 45 27 49
1662 42 1 100 92
1663 40 66
1664 11 92 91 61 22 86
1665 25 55
1666 44 98 43 77 68
1667 46 42 27 34 10 17
1668 30 97 27 51 67 9
1669 34 13 100 4
1670 34 16 72
1671 49 44 37 57 27 30
1672 23 95 76 28
1673 8 3 69 13 67 73
1674 20 7 35
1675 15 7
1676 24 74 3
1677 34 65 100 80
1678 49 13 68 51 23
1679 6 2 80 42 99
1680 2 4 73
1681 7 40 81 25 89
1682 48 4 80 36 24
1683 48 51 16
1684 36 22 20 55 45 9
1685 11 54 10 26 14
1686 1 34 56 5
1687 22 48 9
1688 18 93 59
1689 9 23 11
1690 28 82 6 42 35
1691 33 23
1692 39 29 76 62
1693 25 30 55 57
1694 12 91
1695 2 2 33 9 95
1696 41 37
1697 7 97 11 41 81 21
1698 42 43 5 73 70
1699 35 78 21 72
1700 4 89
1701 10 76 8
1702 25 2 60 43 75 9
1703 19 58 41 96 45
1704 25 100 53 48
1705 32 49
1706 29 41 74 8
1707 6 5 50
1708 46 73 41 80 19 92
1709 4 31
1710 50 36 26 57 56
1711 28 44
1712 35 30 9 63 74 19
1713 10 53
1714 7 42 3
1715 39 52 89
1716 18 46 31
1717 22 4 81 99
1718 3 97
1719 31 37 39 62
1720 9 97 95
1721 34 2 95 51 97
1722 29 49 80 89 79
1723 9 51 33
1724 39 100 68 87 43 61
1725 16 85 97 68 43
1726 1 20 47 75 99 12
1727 17 78 47 21
1728 43 13 11
1729 10 39 57 31
1730 5 64 87 66
1731 6 88 55
1732 45 87 21 45 7 69
1733 21 94 44 3
1734 26 52 32 97 92 2
1735 35 75 43 16 23 97
1736 29 71 63 11
1737 15 66 92 17 76 73
1738 18 90 45 78 50 12
1739 4 23 40 24
1740 2 29 71 95 70 40
1741 23 41 28 47 80
1742 37 11 36
1743 49 73
1744 35 67 95 79
1745 38 94 78 28
1746 35 4
1747 16 85
1748 31 70 72 6 64 39
1749 5 52 62 38 41
1750 29 6 94 47 13 59
1751 30 1 77 83
1752 29 15 21 46 53 18
1753 26 45 98
1754 37 83 71 59 15
1755 25 28 4
1756 26 56 52
1757 34 101 89 39 82 99
1758 5 7 34 91 12 46
1759 4 80 33
1760 32 33
1761 23 82
1762 37 9
1763 34 30
1764 46 64 44 84 8 38
1765 14 89 45 91 85
1766 29 65 71 89
1767 45 31
1768 33 14 29 4
1769 20 60 76 19 87 6
1770 21 4 38
1771 20 83 26 78
1772 44 19 69 25
1773 23 40 80
1774 32 4 52
1775 41 61 80 44 37
1776 5 35 45
1777 50 78 31 74 8
1778 34 23
1779 41 26 34 4
1780 49 25 43 59 69
1781 22 11 7
1782 2 51 20 61 10
1783 32 79 6 80 24
1784 8 2 42 93 65
1785 8 6 68 43 55 59
1786 35 43 6 62 84 55
1787 25 10 65 54
1788 25 5 8 60 50
1789 1 49 88 70 13
1790 41 70
1791 42 12 35 73 63 72
1792 50 80
1793 28 39 14 59 12
1794 3 32 4 41 84
1795 25 80
1796 37 56 57 44 16 54
1797 28 61 43
1798 17 14 90 53
1799 32 30 56 4 42 81
1800 15 91 101 10 51 48
1801 11 84 32 16 85
1802 8 70 98 26 14
1803 32 9
1804 48 23 96 60 57
1805 2 70 22
1806 6 101 5 99 95
1807 19 30 77 49 20
1808 13 96 54 39 82
1809 39 16 53 81
1810 35 5 59 42 2 81
1811 32 39 96 74
1812 20 81 9 74
1813 4 32 46 101 13 57
1814 17 97
1815 13 68 66 77 95 49
1816 24 53
1817 17 41 11 6 64 33
1818 2 7
1819 5 46 97 18 4
1820 16 13
1821 11 93 30 66 73 76
1822 20 92 40 2 99
1823 41 86 47 55 29
1824 39 31 96 88
1825 25 4
1826 34 32
1827 40 73 83 68 29 44
1828 38 42 90
1829 7 20
1830 24 29 20 84 97
1831 38 87
1832 36 34 8 69
1833 40 49
1834 26 39 92
1835 29 81
1836 30 72
1837 22 60 9
1838 5 97 87 100 15
1839 5 53
1840 48 86 35 66 89 38
1841 9 5 38 78
1842 31 18 44
1843 36 45 38 46
1844 46 2
1845 1 72 69 84
1846 34 65 58 89
1847 1 14
1848 37 66
1849 31 91 4
1850 35 43 36
1851 31 81 96 14
1852 16 84 89 73
1853 5 91 26 57 43
1854 46 43 33
1855 38 80 87
1856 7 2
1857 4 89 49 88
1858 31 69 62 25 85
1859 22 88 67 36
1860 36 96 27
1861 41 68 9 80 7
1862 32 73 61 89 38 33
1863 24 88 82 72
1864 12 88 91
1865 1 14 53
1866 19 59 62 9 28 26
1867 36 3 82 4
1868 49 31 34 22 57
1869 40 51
1870 23 14 71 79
1871 21 30
1872 44 67 21 97
1873 35 65
1874 43 85 70 71 37
1875 46 18 55 26
1876 43 81 20 64
1877 28 55 63 69 64 91
1878 46 63 29
1879 17 76 6 38 56
1880 29 2 78
1881 39 58 81 42
1882 48 54 31 48 15
1883 16 39 33 8 37
1884 31 27 80 75
1885 23 98 80 101 43
1886 19 45 90 82 99 93
1887 37 87 36 45 75 6
1888 46 10 1 51 15 70
1889 44 97
1890 1 18
1891 49 16 23 80 34 68
1892 18 20
1893 28 82 42 47
1894 32 47
1895 24 31 36 64 58 37
1896 7 74 88 13
1897 27 10 9 32 23 70
1898 1 33
1899 25 7 1 43 66
1900 12 1
1901 30 76 59 14 93 53
1902 35 79 5 31 52
1903 44 70 100 65
1904 45 57 64
1905 38 16
1906 37 43
1907 43 56 86 13 72
1908 36 87
1909 9 34
1910 47 93 48 78 40
1911 42 80 79 67 3
1912 16 75 63 56 94 58
1913 20 88 78
1914 7 82 87 36
1915 2 57 15 52
1916 1 40 90
1917 5 1
1918 44 11 50 94 8 100
1919 19 89 87 47 101 13
1920 6 42
1921 49 57 50 96
1922 23 62 13 47 78 60
1923 2 80 89 101 62 43
1924 47 33
1925 12 21 15
1926 39 83 16 39 40 47
1927 19 57 24 88 91
1928 21 38
1929 5 98 60 13
1930 18 17 75 100 94 59
1931 5 2
1932 30 11 83 85 15
1933 2 46 39
1934 20 50 7 48 27 43
1935 39 81 41
1936 33 80
1937 49 8 59 20
1938 25 17 20
1939 10 99
1940 25 77 73 15
1941 46 31 73 6
1942 4 13 97 37 3
1943 13 42 48 6
1944 27 15 44
1945 16 89 16 58 59
1946 12 52 27 80 43 16
1947 10 94 87 34 54 26
1948 7 43 96 95 34
1949 16 88 22 21 54 11
1950 45 13 88 14 37
1951 30 20 80 72 60
1952 47 34 99 3 52
1953 23 1 88 69 84 89
1954 24 69 24
1955 25 26 78 13
1956 14 89 88 87 8 1
1957 9 11 34 73
1958 45 1 39 48 36
1959 15 40 39
1960 25 75 4 72
1961 27 89 52 91 3
1962 26 88
1963 4 27 86
1964 25 51 56
1965 10 82
1966 34 27
1967 17 49 77 64 60 48
1968 27 70 94 86 66
1969 25 58 39 1 51 81
1970 18 63 28
1971 16 29 60 23 1 4
1972 5 94 100
1973 12 8 14
1974 15 62 76 33 86 92
1975 1 85 21 81 41
1976 19 89
1977 48 76 92 13 54 49
1978 16 32 51 14
1979 27 34
1980 11 88 85 78 4 64
1981 13 57
1982 42 44 19
1983 2 25 11
1984 17 33 55 82 48 17
1985 8 69
1986 17 86 33 23
1987 46 56
1988 33 68 81 72
1989 18 89 11
1990 17 75 83 7 71 79
1991 45 92 95 23
1992 18 17 53 93 22
1993 3 36 86 59 41
1994 35 25 4
1995 39 10 12
1996 41 73 9
1997 11 84 36 80 91
1998 50 75 59 4 66 22
1999 42 42 87
2000 24 56 61
2001 13 99 46 77
2002 22 86 18
2003 21 43 45
2004 12 99 6 56 18 31
2005 14 73 23 14
2006 37 53 30
2007 46 12 54
2008 35 36 68 1
2009 39 7 86
2010 28 3
2011 14 32 97 37 74
2012 32 64 24 68 100
2013 26 71 19 24
2014 50 36 71 11 7 49
2015 44 74 49 18 77
2016 39 65 55 22 34
2017 14 58 27
2018 39 69 32
2019 35 26 50 35 93
2020 38 9
2021 18 1 35 100
2022 8 64 44 98 15
2023 28 86 27
2024 1 26 71 12 89
2025 30 89 66 18
2026 34 74 36 99
2027 22 95 5 41 68
2028 22 13 48 70
2029 41 14 15 26 81
2030 30 32 58 50 26 2
2031 32 12 9 10 32
2032 34 69
2033 46 88 99
2034 38 80 81
2035 38 96 23 45 85 55
2036 44 51 87 11 43
2037 39 15 92 16 77 5
2038 40 18 48 58
2039 21 16 10 77
2040 17 42 7 39 27
2041 17 89 81
2042 28 51 5
2043 27 45 8
2044 23 80
2045 3 72 48 83 36 8
2046 12 61 87 59 42
2047 26 86 63 94 88
2048 5 17 35
2049 3 40 26
2050 42 35 1
2051 25 95 68 30 3
2052 13 48 15 35 99
2053 24 30 50 72 19 31
2054 26 50 40
2055 41 52 1
2056 41 34 50 81
2057 6 12 95 82 14
2058 44 18 45 43 6 33
2059 9 59 80
2060 18 49 60 89 56 18
2061 31 52 63
2062 7 39 94 48 85 96
2063 50 78 67 9 27
2064 24 37 99 21 30
2065 8 94 53 52
2066 34 23 17 82 78 45
2067 17 94 6 20
2068 16 86 91 6 22 43
2069 22 77 80 89 12
2070 48 51 74 73 84
2071 14 82 65 70 98 48
2072 41 92
2073 26 4 86 89 81
2074 38 71 12 36
2075 36 79
2076 6 75 93 100 84
2077 20 86 46
2078 8 6 95 34
2079 6 16 60 47
2080 28 69 12 92
2081 11 88
2082 17 21 11 64 46 40
2083 8 20 42 49
2084 27 89 84
2085 30 75 6 96 73
2086 31 80 50
2087 22 2 80 24 35 61
2088 17 23 91 54 11 40
2089 29 88 11 70
2090 19 54 27 25
2091 39 28 85 44
2092 7 22 43 86 85 78
2093 13 60
2094 7 72 100
2095 7 67 92 95 78 97
2096 15 18 40 14
2097 45 60 20
2098 38 86
2099 44 44 25 29
2100 3 77
2101 45 101
2102 42 82 85
2103 2 96 79 2 4
2104 9 85 31 82 60
2105 3 9 90 37 62 26
2106 2 26 41 18
2107 4 94 10
2108 17 23
2109 50 9
2110 35 27
2111 15 2 20 47
2112 4 95 93 79 40
2113 33 24 77
2114 2 15 28 50
2115 20 70 98
2116 11 97 72
2117 21 74 24
2118 44 32 13 35 78
2119 44 69 71 98
2120 49 35 19
2121 16 49 58 84 56
2122 50 21 12 95 16
2123 45 25 6 21 69
2124 25 89 33
2125 5 43 48 44 59
2126 27 68 80
2127 2 21
2128 12 67 56 51
2129 31 58 82 35
2130 18 89 41 94
2131 35 34 83 48 91 41
2132 44 54
2133 6 20 32 71 19 63
2134 16 77 100 10
2135 18 2
2136 17 39 2
2137 10 69 5 51
2138 18 13
2139 1 71 17 90 93
2140 8 67
2141 6 34 39 37
2142 47 91 100 9 81 31
2143 38 27
2144 21 83 8 22 30
2145 35 36 29 65 21 90
2146 35 71
2147 44 76 75 93 54 37
2148 33 23 75
2149 15 73 25 75 99
2150 43 30
2151 23 42 5 67
2152 17 44 39
2153 5 101 65 18 75
2154 40 37 74 31 25
2155 14 17
2156 26 39 73 34 100 94
2157 31 93 22 94
2158 33 6 16
2159 36 7 19 15 77
2160 35 74 94 75
2161 38 29 17 94 48
2162 16 93 47 58 4 7
2163 41 31 36 62 101 16
2164 36 47
2165 47 32 57
2166 31 85 98 11 96
2167 47 74 70 78 93
2168 29 64 69 80
2169 48 23 16 21 54
2170 4 34
2171 36 25 2
2172 16 53 8 27 68 90
2173 43 9 17 87 98
2174 16 51 53 32 45
2175 9 24 78 52 59
2176 7 50
2177 26 69
2178 28 34 48 24
2179 20 19 38 51 82 5
2180 31 101 48 30
2181 35 66 7 39 62 38
2182 14 59 15 71 64
2183 36 101 74
2184 20 53 93
2185 16 72 75
2186 13 25
2187 13 83 63 69 31
2188 24 87 51
2189 2 8 97 93 51 21
2190 10 77 72 31 63
2191 37 32 46 77 31 47
2192 6 98 10 58 2 85
2193 25 14 96 77 35 10
2194 48 76 58
2195 10 3 58
2196 32 53 55 63 18 6
2197 30 61 77 88 9 82
2198 47 20 52 60
2199 42 27 7 73 38
2200 2 44 60 42 94 30
2201 24 38 53
2202 3 36 92 56 76 65
2203 35 101 80 60 48
2204 5 91 75 43
2205 41 27 85
2206 24 25
2207 4 71
2208 46 14
2209 16 65 75 24 67 1
2210 43 58 4
2211 14 82 27 33
2212 38 98 78 49 4
2213 22 91 13 90 53 38
2214 33 86
2215 36 72 38 48 75
2216 30 80 1 25 47
2217 20 29
2218 19 84 5 95 48 18
2219 18 55 34 98
2220 29 55 35 1 81 28
2221 48 99 36 92 3 1
2222 20 85 1
2223 45 86 37 26 73 34
2224 12 99 95 31 46
2225 45 42
2226 18 96 22 38
2227 50 9 41 65 24 54
2228 31 9 12 99 58 80
2229 7 89
2230 37 83 78
2231 39 22 16 18
2232 44 69 35 75
2233 3 69 24 49 16 61
2234 5 2 33 9 60
2235 2 80 11 39
2236 40 10 42 57
2237 5 93
2238 44 56 68 41 61
2239 32 86 56 79 73 76
2240 36 69 57 7 33
2241 32 88 15 89 8 56
2242 27 96 82
2243 18 40 23
2244 7 62 29 60
2245 47 99 2 30 65 6
2246 29 38 26 22 73
2247 14 99
2248 22 22 47 58 63
2249 1 75
2250 24 51 26 41 19 16
2251 37 15 93 69 27 49
2252 20 49 54 59
2253 26 21 34 51 65 95
2254 43 100 94 62
2255 30 70 57 98 7 96
2256 47 45
2257 14 80 22 19 18 10
2258 22 56 96 86
2259 39 89 84
2260 17 26 46 86
2261 31 47 2 26 52
2262 4 12 28 74 5 56
2263 45 40
2264 32 41 8 83
2265 16 66 55
2266 17 98 35 77 15
2267 48 67 57 48
2268 45 40 47 89 98
2269 47 2 52 30
2270 14 77 3 16 17 89
2271 22 88 82 21
2272 14 79 72 87 28
2273 35 58 33 65
2274 18 8
2275 38 12 56 26
2276 42 50 96 29 9
2277 12 44 33
2278 12 99
2279 43 81
2280 2 30 62
2281 11 42 86 25
2282 7 17 3
2283 33 28 89 19
2284 15 14 29 99 40
2285 8 95 72 82 14
2286 11 69 2 43
2287 14 15 38 56
2288 26 88 14 45
2289 32 2
2290 43 16
2291 40 87
2292 48 35 16 27 26
2293 29 46 34 15 97 5
2294 28 83 74 92 80 91
2295 23 86 71 43 74 92
2296 14 68
2297 9 46 54
2298 26 91 92
2299 26 40 73
2300 38 60 24 34 87 21
2301 16 28 52
2302 35 39 80 32 9 88
2303 32 43 48 26 35
2304 8 47
2305 45 14 45 100
2306 18 3 49 78 81
2307 8 34 56 78 73
2308 40 32 33 92 63
2309 11 85 87 6 53
2310 1 89 25 7 93
2311 24 5
2312 22 22 9 41
2313 49 52 36 26
2314 1 88 84 15
2315 48 92 11
2316 34 20
2317 46 33 93 31 49
2318 40 53 89 38 76
2319 38 27 75 89 82
2320 38 13 12 101 33 22
2321 40 79 53
2322 35 32 68 6 94
2323 44 38 73
2324 25 3 20 93 27
2325 39 94 60 25 90 43
2326 6 76 17 29
2327 4 90 100 3 66
2328 23 19 101 45
2329 47 77 80 19
2330 42 83
2331 2 76 16
2332 11 79 60 65 48 8
2333 36 77 67 101 69 56
2334 34 96
2335 26 78 58 50 2 10
2336 15 96
2337 27 93 46
2338 7 35 95
2339 48 59 1
2340 7 51
2341 15 50 53 60 95
2342 33 82 3 24 23 100
2343 18 70 66 83 53
2344 2 67 39 88 60
2345 43 22 15 64 18
2346 4 82
2347 46 81 84 33
2348 42 20 54 28
2349 9 16 2
2350 41 18
2351 27 55 75 51 26 22
2352 41 89
2353 47 96 35 98 31
2354 8 25 70 11 73 6
2355 16 60 34 93
2356 49 80 68 64 31
2357 38 42 7
2358 3 79 65 64 89
2359 43 92
2360 13 14 101 89
2361 50 62
2362 3 67 51
2363 20 21 49 39
2364 4 20 28 95
2365 35 30 39 21 98 33
2366 38 21 99 63 46
2367 14 24 98
2368 17 7 44
2369 37 65
2370 44 99 54 35 60 49
2371 45 42 91 22 78
2372 47 15 23 52 82 100
2373 41 46 41 56 54 82
2374 20 62
2375 49 97 25
2376 16 56 77 18 99 81
2377 34 11 21 64 44 36
2378 48 11 58
2379 15 98 67 61 68
2380 38 35 43 32 84
2381 19 71 66
2382 3 81 80 11 87 28
2383 33 26 90 52 64
2384 32 81 71 33
2385 7 48
2386 39 89 53 43
2387 24 47
2388 49 84
2389 33 14 81 37
2390 21 92 18 25 68 4
2391 47 23 65 55 48
2392 50 24 18 50
2393 35 36 13
2394 39 62 4
2395 3 43 13 45 81
2396 32 99 88 96 28 24
2397 13 2 62 53 68 18
2398 13 1 11 43
2399 38 51 92
2400 24 45 87 10 38 70
2401 26 70 19 42 12 101
2402 3 83 46 3
2403 40 5 36 90 98 61
2404 39 4 65 34 29 64
2405 16 57 28 44 21 46
2406 38 55 78 68 71 14
2407 7 10
2408 44 31 51 33 87
2409 33 11 61 20
2410 22 31 51
2411 9 14 77 17
2412 6 77 60
2413 21 14 19 45 54
2414 49 97 91 83
2415 41 28 84 35
2416 48 48 55 77 29
2417 41 78 71
2418 28 59 44 99 52
2419 46 24 81 34
2420 35 67 2 80
2421 12 49 55 20 88
2422 20 54 13
2423 21 55
2424 33 5 84 82
2425 32 98 95
2426 25 31
2427 35 95
2428 30 62 21
2429 31 9 76 15 1
2430 46 29
2431 38 49
2432 11 76 97 29
2433 14 85 79
2434 49 75
2435 36 53 81
2436 6 24 29
2437 40 99 22
2438 2 70 51 79 91 98
2439 16 45 93 43 67
2440 11 45 73 25 31
2441 37 7
2442 48 21 95
2443 14 46
2444 6 77 52 42 8 69
2445 23 88 73 43 31
2446 30 1 28
2447 18 5 33 61 59 9
2448 43 65
2449 29 48 99
2450 37 63 7 48 70
2451 38 72 33
2452 39 43 44 7 97 17
2453 1 98 61
2454 44 16
2455 7 8 77 52 98 90
2456 47 17 78 60 36
2457 25 50 63 39 40
2458 38 4
2459 2 55 36 58 79 51
2460 43 10 38
2461 36 28 36
2462 43 71 96 41 52
2463 44 70 8 58 46 53
2464 40 62 51 77 19
2465 16 3 16 82
2466 3 30 54
2467 18 74 13 1
2468 17 5 95
2469 39 80 16 74 26
2470 39 46
2471 47 24 73 51 101
2472 3 55 42
2473 38 3 15 13 65 78
2474 39 18 52 26 44
2475 12 73 78 35 93
2476 10 17
2477 13 65 50 97
2478 3 95
2479 38 45 42
2480 8 19 16 73
2481 4 47 13 34 46
2482 49 87 12 33 74
2483 39 90 58
2484 42 2 7 55 39
2485 48 77 90 13
2486 23 54 19 99 84 51
2487 43 31 21 73
2488 1 34 93 59 56
2489 26 97
2490 35 24 84
2491 19 70 74 98 63 101
2492 37 32 89 31 6
2493 34 75 85 24 3
2494 30 80 9 13 78 54
2495 26 83 36
2496 15 68 12 28 96 98
2497 33 19 5 78
2498 19 64 4 70
2499 44 37 44
2500 4 63
2501 25 6
2502 13 1 43 29 15
2503 46 70 50 92 1
2504 36 73 50 80
2505 2 15 94
2506 3 1 101 98
2507 4 5
2508 20 82 36 100
2509 13 7 50 16 54 56
2510 50 24 38 9 86 57
2511 49 100 1 26 68
2512 47 40 2 69 19 93
2513 24 60 61 16 27 18
2514 2 78 36
2515 6 45 100 101
2516 30 72
2517 25 32 34 97 94 47
2518 11 14 82 34 10 65
2519 36 36
2520 7 37 13 71 90
2521 33 56 26 77 85 60
2522 46 31 100 68 43
2523 32 51
2524 21 93 8
2525 27 93
2526 3 97 74 101 61
2527 34 55 89
2528 41 57 83 56 65 10
2529 15 14 2
2530 10 45 39 89
2531 35 74
2532 48 34
2533 10 78
2534 34 42 68 44 92 71
2535 27 2 88 16 101
2536 41 37 90 100 48 17
2537 11 4
2538 2 49 75
2539 28 76 78 6 33 58
2540 36 75
2541 18 61 101 88
2542 45 17
2543 33 51 85 89
2544 13 20 47 97 50
2545 18 40 39 25 46
2546 49 53 63 85 33
2547 34 31 22
2548 14 80 68
2549 38 54
2550 28 57 81 41 28
2551 42 81 8 79 65 82
2552 14 60 25 27 100
2553 9 36 25 87 83
2554 11 65 86
2555 29 91 27 87 31 73
2556 42 67 20
2557 12 5 86 64 79
2558 34 81
2559 31 95 44 86
2560 44 8 54 101
2561 36 37 84
2562 32 31 15
2563 35 44 81 54
2564 48 79 93 46
2565 16 10 32 95 82
2566 9 37 86
2567 5 81
2568 27 36 1 88 90 98
2569 45 99
2570 45 22
2571 39 86 24 19
2572 27 13 87 38 28 101
2573 16 101 62 48 20
2574 45 75 10 71
2575 6 9 89 21 18
2576 29 57
2577 47 35 50 86
2578 41 58 21 24
2579 27 89 47 21 48
2580 4 14 10 31 71 12
2581 44 62
2582 38 57
2583 50 20
2584 17 35 38 34
2585 24 64 36 86 49 80
2586 33 73 12 1
2587 50 46
2588 36 17 7
2589 28 90
2590 34 96 86 20 40 87
2591 13 33 3 14 81
2592 38 19
2593 21 50 1 35
2594 24 21 23 70
2595 35 34
2596 12 79 26
2597 38 72 83 27
2598 39 85
2599 32 26
2600 33 85 101
2601 6 44 15 49
2602 20 17 82 44 19
2603 18 52
2604 43 71 25 6 64 23
2605 8 66 26 93 3 50
2606 19 14 9
2607 4 43 56
2608 41 24
2609 39 93 37 68 86
2610 33 13
2611 39 6 62
2612 28 97 41 72 31
2613 40 85
2614 10 42 89 52 68 24
2615 22 49
2616 13 42 81 13 46
2617 6 20 100 61
2618 12 59 86 97 83 37
2619 20 83
2620 7 12 74
2621 4 10 67 66 40
2622 37 96
2623 1 88 58 84 101
2624 42 25 68 82
2625 50 14 5 58 21 23
2626 33 34 25 3 52
2627 27 72 86 24 69
2628 25 35 66 100 80 60
2629 6 39 41 92
2630 47 101 69 80 48 7
2631 39 96 55 89
2632 11 57 30 96 55
2633 35 65 38 13 21
2634 1 21 44
2635 15 16 37 91 63
2636 10 1
2637 36 92 100
2638 25 23 54 84 13
2639 4 78 84 82 36 65
2640 19 37 85 95 66 78
2641 39 46 16 33 70 62
2642 15 43 24 97 26
2643 9 58 30 74
2644 39 78 94
2645 11 47 81
2646 36 29 18 72 59
2647 44 30 28 48
2648 48 68 86 46
2649 47 66 79 94 14
2650 2 86 62 64 24 4
2651 33 56 67 24 31 34
2652 30 13 1
2653 7 64 46 58
2654 46 67 95 100
2655 48 92 17 52 56
2656 37 59
2657 41 41
2658 12 6 50
2659 14 30 3 67 85 98
2660 1 77 17 10 69 13
2661 17 17
2662 42 52 83 75
2663 25 73 57
2664 32 51 77 59
2665 22 20 43 29
2666 23 1 65 35 13
2667 10 37
2668 10 28 65 82 64 47
2669 17 87 31
2670 12 46 60 40 80 79
2671 1 7 54 100
2672 18 78 37 87 54
2673 28 62 100
2674 37 81 20 48 99 31
2675 32 87 9 71 80 81
2676 45 101 20 12
2677 11 88
2678 3 45 62 43 51 61
2679 12 36 62 63 56
2680 46 84 15
2681 24 80
2682 19 100 11 88
2683 33 66 68 7 27 30
2684 50 56 32
2685 8 75 33 6 48 47
2686 20 55 80
2687 8 47 76 95
2688 1 72
2689 22 92
2690 50 20 43 91
2691 8 3 19
2692 9 74 49
2693 15 11 19 23 57
2694 11 68 63 46
2695 18 96 68 99
2696 21 56 81
2697 32 20 75
2698 6 41 82 46
2699 13 62 97 53 29
2700 26 88 74
2701 40 56 77
2702 22 46 52
2703 46 48 81 13
2704 9 16 5 11
2705 41 36 51
2706 5 91
2707 4 17 68 46 12
2708 25 93
2709 31 15 20 1 100
2710 27 31 25 62
2711 14 44
2712 30 81 21 34
2713 15 4 90
2714 7 7 89 76 36
2715 44 94 2
2716 20 23
2717 34 68 34
2718 6 2
2719 18 17
2720 17 87 53 80 91 86
2721 46 95 10 3
2722 8 83
2723 15 18 88 22 85 38
2724 2 83
2725 45 19 79 7 6 96
2726 26 64
2727 31 49
2728 9 98 30 24 4 91
2729 48 31
2730 8 49 38 90 93 87
2731 7 18 89 81 30
2732 8 24 67 4
2733 22 7
2734 4 17
2735 19 3 17 53 83
2736 18 29 12 78
2737 44 1 76 24 6
2738 13 38 60 21 23
2739 11 11 94 41 20
2740 40 18 8 62 34
2741 34 60 56
2742 33 48
2743 46 93 14 89 53 99
2744 19 89 19 20
2745 30 75 77 23 36
2746 42 39 23
2747 13 92 52 101 89
2748 30 61 21 93 15 69
2749 11 51 76
2750 27 55 18 68 56 90
2751 34 46
2752 14 87 53 100
2753 40 75 39 40 94 50
2754 29 54
2755 2 5 49 11
2756 14 87 53
2757 16 68 85 66 57 26
2758 9 65 101 77 78
2759 26 19 88
2760 43 13 52
2761 31 77 66 3 22 85
2762 41 94 13
2763 8 9 26 70 25
2764 32 91 30
2765 11 68
2766 44 26 100 54 77 72
2767 44 23 58 54 72 88
2768 20 98 92
2769 30 64 67 21
2770 18 63
2771 14 64 92
2772 23 43 96 64 39 48
2773 10 64 26 30 48 2
2774 15 18 31 1 90
2775 46 51
2776 33 36
2777 37 44 89 67 79 5
2778 24 2 67 62
2779 48 80 65 58
2780 17 35 3
2781 33 50 17 65
2782 15 17 39 68 98 12
2783 44 48 3
2784 13 88 17 31
2785 27 75 90 62 65 87
2786 30 69 17 54 33 1
2787 15 82 101
2788 20 68 97 60 56
2789 18 53 17 60 88 91
2790 2 26
2791 30 53 15
2792 22 58 76 6 21
2793 8 14 95 55 4
2794 6 81 65 63 21
2795 39 6 77 67
2796 32 63 44 18 23 1
2797 23 90 13 96 94
2798 18 71 28 39 98 25
2799 34 26 97 57
2800 16 63 23 53
2801 14 87 7 95 73 69
2802 43 96
2803 32 27 70 91 56
2804 42 2 7
2805 16 89 9 52 7 68
2806 12 40 78
2807 16 42 51 50 13
2808 49 28
2809 31 68 62 94 33 34
2810 22 89 92
2811 11 28 39 45
2812 50 52 41 62
2813 22 15 90 11 5 79
2814 18 57 83
2815 25 42 46
2816 7 80 84
2817 25 30
2818 31 10 35 52 66
2819 5 80 12 48
2820 25 99
2821 35 92
2822 47 36
2823 49 66 43
2824 38 34 54 98 11
2825 11 74 91
2826 36 56 94
2827 5 17 43 28
2828 1 96 52 79 23 51
2829 45 25
2830 15 10 49 29 39 42
2831 46 35
2832 4 91 39
2833 17 99 61 78
2834 24 98
2835 47 73 8
2836 18 67 74 44 46 91
2837 7 46 92
2838 42 100 80
2839 49 8 80
2840 44 97 37 33
2841 2 39 62
2842 6 75
2843 50 94
2844 40 21 57 101
2845 8 75 86 94 74
2846 14 94 55 1 82
2847 41 38 11 26
2848 46 4 21 36
2849 17 94 58
2850 32 99 81 74
2851 6 27 7 2 61
2852 37 75 87 93 50 79
2853 31 5 74 21 62 78
2854 24 1
2855 4 57 26 40
2856 3 62
2857 49 58
2858 23 36 66 75
2859 33 95
2860 17 95 3 65 78
2861 18 96
2862 16 34 31
2863 46 27
2864 15 89
2865 38 91 79 36 61 30
2866 1 12 98 19 97
2867 22 51 42 101 71 22
2868 32 79 54 10 100 70
2869 49 41 38 57 32 5
2870 14 82 31 43 13 30
2871 42 93 26
2872 43 61 6 101
2873 18 68 76 22
2874 27 71 12 97 51
2875 9 28 84 97
2876 23 9 79 42 30
2877 13 100
2878 38 20
2879 40 38 1 9 92
2880 2 85
2881 38 47
2882 1 3 9
2883 18 25 7
2884 28 73 89 4
2885 17 30 14
2886 1 68 44 35 56
2887 23 82 47
2888 20 94 15 48
2889 34 11 51 77
2890 3 100 25 34
2891 11 5 32
2892 39 53 46 84 28 98
2893 35 50 56 48 92
2894 8 97 7 12 58
2895 1 43
2896 28 57 39 41 85 62
2897 31 24 3
2898 26 8 46 9 47
2899 8 65
2900 34 45
2901 49 14 4
2902 1 33 87
2903 7 69
2904 2 40 81 30 54 9
2905 7 40 78 74 15
2906 36 39 28 48 82
2907 24 95 26 62 86
2908 12 97 14
2909 23 71 39 53
2910 38 55 64 63
2911 26 47 37 17
2912 11 6 94
2913 22 96 88
2914 48 7 100 92 73 93
2915 19 99 4 57
2916 1 42 36 48 100 80
2917 1 60 69
2918 15 32 77 11
2919 47 98 56 8 60
2920 35 64 9
2921 36 99 25
2922 10 23 21 72 3 65
2923 8 72 10 28 30 49
2924 29 58 65 77
2925 2 12 50 94 63
2926 33 38 35 63 54 30
2927 14 68 31
2928 38 51 52
2929 42 65 74 99
2930 35 67 38 58
2931 9 75 12 32 46 51
2932 2 42 23
2933 8 13 97 1 84 92
2934 13 60
2935 20 94 3 21 43
2936 23 1 92 36 13 49
2937 10 14
2938 11 36
2939 39 38 68
2940 33 61 82 99
2941 43 79 55
2942 32 18
2943 40 37 47 43
2944 10 34 13 41 79 27
2945 26 63 91 34 58 90
2946 31 8
2947 17 67 55 38
2948 49 61 11 80
2949 5 77 24
2950 22 53 69 92 56
2951 15 46 99
2952 28 29
2953 34 71 8 60 78
2954 8 70 14 49 30 3
2955 40 46 23
2956 34 86 14 9 72
2957 14 17 77 61
2958 26 53 1 6 56 60
2959 23 56 49
2960 32 98
2961 3 4 28 76
2962 22 75 38 17 65 10
2963 7 57 9 33 48 41
2964 10 81 40 25
2965 21 12 94 80
2966 43 45 24 83 57
2967 11 17
2968 4 3 28 16 30 38
2969 19 13 42
2970 11 8 21
2971 17 16 11 28 3 58
2972 12 32 38
2973 45 7 12 73 38 18
2974 43 41 8
2975 26 88 28 86 72
2976 29 24
2977 46 31 71 68 49 73
2978 10 24 93 12
2979 48 47 9 52 72 88
2980 5 37 66 6 88
2981 47 56 92 27 26 32
2982 4 55 4 62
2983 27 9 82 31
2984 36 24 1 42 15 14
2985 22 50 44
2986 37 13 59 90
2987 16 78 45 51 33 28
2988 9 50 55 17 27 29
2989 49 4 63
2990 11 56 92 86 74
2991 24 25
2992 16 6 48 47
2993 22 7
2994 34 60 54 39
2995 36 2 76
2996 1 49 19
2997 29 95
2998 8 92 74 17 44
2999 20 53 47 27
3000 11 81 24 42 46
3001 48 67 55 70
3002 35 48 98 91
3003 49 29 33 26
3004 19 20 48 80 7 97
3005 45 61 23
3006 42 85
3007 12 77 40
3008 23 47
3009 23 60 97
3010 9 81
3011 33 60 63 16
3012 36 31 57 29
3013 4 92 86 11
3014 38 3 41 80 53
3015 3 88 54 18 43
3016 23 26 70 66 86 89
3017 15 9
3018 40 100
3019 6 85 9 71 34
3020 27 5 60 2
3021 46 82 90 4
3022 12 42 31 22 92
3023 50 8 22 24 53 15
3024 29 63 5 11 20
3025 18 40 59 56
3026 50 91 30
3027 28 76 71 67 51 42
3028 36 33 56 83 64
3029 9 19 40 77
3030 21 13 18 1 40 6
3031 17 11 39 46 94 43
3032 6 10 81
3033 41 101
3034 7 43
3035 3 7 51 36
3036 1 1 72
3037 10 51
3038 41 48 78 91 6 8
3039 35 89 66
3040 15 8 7 55 52
3041 24 43 63
3042 2 24 74 26
3043 31 17 23
3044 44 68 39
3045 2 78 11 68
3046 33 58 63 51 68 18
3047 46 80 101 30 85
3048 11 61 45 96 79 8
3049 26 31 42 44
3050 30 67 49 97
3051 22 92
3052 25 2
3053 27 76 71
3054 18 57 95 4 68
3055 18 80 41 70
3056 34 29 25
3057 12 23 52 45
3058 47 10 2
3059 6 94
3060 37 10 57 83
3061 12 92
3062 36 89 60 34 61
3063 22 22 36 64
3064 11 54 57
3065 18 35 97
3066 37 75 60
3067 26 45 82 2 37
3068 8 69 94
3069 4 20 75 74
3070 14 41 47
3071 16 33
3072 21 75
3073 6 10 79 50 30
3074 12 31 83 62 85 95
3075 20 87 24 82 47 97
3076 7 64
3077 32 21
3078 48 90
3079 2 16 56 11 88 62
3080 4 37 79
3081 1 84
3082 46 91
3083 10 5
3084 18 56 41 90
3085 28 79 100 73 76
3086 23 13 60 93 50
3087 49 59 42
3088 44 44 63 35
3089 49 90
3090 41 95 32 25
3091 19 99 38 23
3092 43 75 21
3093 46 24 36 52 50
3094 47 15 37 3 1 67
3095 37 55 67 76 1 7
3096 45 36 53 49 9 38
3097 11 50 67 68
3098 46 15 85 73 40 34
3099 9 71 18
3100 3 38 80
3101 8 62 20 89 99
3102 41 32 5 83
3103 17 41 14 25
3104 13 68
3105 49 97 99 87
3106 9 66 88
3107 31 76 49
3108 23 94 21 42
3109 8 61 53
3110 21 49 13 14 65 50
3111 42 33 39
3112 6 78 30
3113 4 77 93 22
3114 36 84 37 48
3115 19 54 26 17 99
3116 9 100
3117 32 20 40 66
3118 16 92
3119 43 83 65 88
3120 47 14 58 32 33
3121 42 64 35
3122 35 2 91
3123 19 49
3124 5 48 14 68
3125 10 75 42
3126 35 70 24
3127 39 32 61
3128 46 29
3129 20 93
3130 10 88 95 75 57 67
3131 45 41 29 24 94 26
3132 45 68 33 31 5
3133 10 3 55 41 100 96
3134 25 63 41 86 5
3135 20 34
3136 17 17 28
3137 30 58 60 71
3138 7 82 48 13
3139 18 28 82 67 4 61
3140 5 90 59 98 36 92
3141 23 79
3142 19 80
3143 30 83 78 23 38 77
3144 43 1
3145 23 70 57 11
3146 43 22 62 86 25
3147 32 39 30 41
3148 13 79 25 44 72 70
3149 3 94 22 63
3150 26 47
3151 13 32 60 39 4
3152 30 62 35
3153 37 87
3154 7 74
3155 46 15 94 33
3156 43 93 40 86 11 84
3157 13 22 16
3158 19 42 28 100 54 70
3159 28 71
3160 21 72 26 18
3161 27 23 85 38
3162 17 38 83 6 49
3163 1 18 90
3164 25 73 8 83
3165 3 80 47 81
3166 19 77 79 70
3167 8 56 53 73
3168 6 86 12 5 13
3169 45 43 6 87 51 92
3170 36 12 29 7 68
3171 19 89 73 53 97 81
3172 34 46 62
3173 46 10 72
3174 27 101 27
3175 14 46 15 90 97
3176 5 12
3177 15 54 88 63 61
3178 26 14 79 69
3179 40 75 44 81
3180 49 100 69 27 40
3181 27 29
3182 5 17 27
3183 25 1
3184 43 6 53
3185 10 18 42
3186 13 51 88 64 46 47
3187 48 11 72 17 99 77
3188 11 49
3189 40 15 47
3190 29 34 50
3191 7 56 41
3192 2 33 85 83
3193 24 20 71
3194 44 12
3195 31 66 26 9 60 17
3196 29 100
3197 25 55 49 68 71 25
3198 5 15
3199 1 47 54 27 2 37
3200 9 78
3201 14 26 72 66 48
3202 16 11 28 35 44
3203 18 62 93 58 82
3204 10 17 74 90 47
3205 49 12 18
3206 24 90 18 9
3207 20 69 25 59 65 6
3208 6 98 71
3209 28 17 82
3210 29 22 42 69
3211 23 83
3212 22 95 5
3213 43 82 38
3214 47 26 9 90 91 13
3215 27 58 101 75 25 95
3216 15 94
3217 3 85 30 9
3218 1 41 1 67 64
3219 20 35 29 67
3220 16 45
3221 43 6 11 9 99 81
3222 3 64 47
3223 38 99 98 15
3224 48 31 19 55 71 70
3225 48 58 36
3226 7 28 83 59
3227 28 47 6 49
3228 37 92 46 40
3229 2 3 48 89
3230 29 10
3231 28 6 37 23 82
3232 20 95 4
3233 6 28 72 95
3234 28 9 32
3235 46 35 72 73
3236 3 32 14 86 10
3237 32 53 8 25 81
3238 14 21 62 82 78 27
3239 12 7 93 82 38
3240 8 94 75 96 33 70
3241 34 48
3242 20 43 49 2
3243 42 34 74
3244 26 77 29
3245 50 67 65
3246 10 23 24 94 74
3247 41 1
3248 15 97 1 67 99
3249 46 13 46 93 88
3250 33 3
3251 43 30
3252 5 2 8 24 47
3253 9 72
3254 26 85 15 50 82
3255 15 27
3256 15 60 5 71 40
3257 34 90 27 17
3258 12 67
3259 44 27
3260 4 52 93
3261 40 63 89 65
3262 2 26 91 77
3263 29 73 13 30
3264 50 15
3265 2 7
3266 27 91 73
3267 6 45 80
3268 17 79
3269 15 14
3270 27 84
3271 11 48 13
3272 15 90 12 10 101 96
3273 21 19
3274 29 26 88
3275 14 19 31
3276 26 26 78
3277 19 36
3278 34 53
3279 49 58 77
3280 21 7
3281 45 47 97 29 92 56
3282 45 38
3283 46 64 1 87 81 100
3284 19 15 32
3285 19 76 8 49 89
3286 16 27 81 54 8
3287 13 12
3288 42 64 40
3289 47 82
3290 8 22 18 67 84 53
3291 46 76 11 12
3292 30 29 40
3293 47 21 77 3
3294 17 34 44
3295 14 47 97 45
3296 36 99 60 59 43
3297 10 52 86 16
3298 38 45 46 72
3299 10 34 40 89 20
3300 17 51 18 26 62 59
3301 25 20 48 96
3302 31 96 74
3303 28 71 52 50 53 22
3304 43 5 4 92 94 70
3305 12 39 32
3306 34 37 47 76 67
3307 35 81 54
3308 37 34
3309 38 89 21 37 25 55
3310 20 10 58 64 17
3311 9 56 63 100
3312 38 66 97 24
3313 40 86 90 36 40 13
3314 19 38 55 34 62 24
3315 44 60 81
3316 46 93 28 82 58
3317 39 88 89
3318 1 45 17 53 11
3319 7 92 26
3320 47 3 71 56
3321 3 11 88 80 20 31
3322 13 61
3323 28 6 97 63 25 14
3324 2 81 77
3325 50 54
3326 33 76 32
3327 31 95 38 55 51
3328 13 57 93
3329 43 24
3330 44 48 70 33 51 45
3331 45 34 72 83 23 54
3332 16 56 51 10
3333 2 68 89 27 79
3334 8 24 57 90 15 7
3335 11 60 63
3336 11 92
3337 6 18 37 95 34 93
3338 46 48 30
3339 9 25 88 71 87 26
3340 19 76 87 56
3341 47 67 14 56
3342 31 98 42 48 95 29
3343 15 99 60 54
3344 45 43 71 9
3345 26 78 52 33 14 5
3346 10 26 5 57 91
3347 43 10 83 3
3348 1 3 72 33
3349 9 4 75 62 3 94
3350 40 93 14
3351 33 77 11
3352 20 91 42 79 11
3353 10 23 27 80
3354 34 39
3355 3 88
3356 1 64 77 81 31 78
3357 28 69 100 48
3358 9 87 45
3359 5 93 89
3360 38 72 1 90 64 46
3361 6 50 73 80 22 71
3362 21 76 9 29 26
3363 45 30 49 74
3364 31 29 24 99
3365 49 87
3366 44 96 7 100 36
3367 49 41 1 28 19 30
3368 50 99 47 63 64
3369 45 71 34 15
3370 47 39 57 54 67 50
3371 25 28
3372 26 4
3373 32 26 65 58
3374 5 75 66
3375 28 5 45 43 96
3376 24 70 20 37 13 63
3377 3 2 58 40 19
3378 50 31 39 101 64
3379 1 32 95 74
3380 24 91 57 87
3381 35 4 3 91
3382 18 32 69 58 20 4
3383 19 36 101 53 24 62
3384 12 47 88 54 94
3385 20 12 57 43 56
3386 36 58 83 82
3387 28 90 55 79 75 29
3388 50 60 28
3389 19 53 75 68
3390 42 93 62
3391 12 61 28 71 52 5
3392 50 71 59 83 6 44
3393 33 92 27 32 65
3394 18 94 25 93
3395 9 90 79 35
3396 26 14 9
3397 21 11 34
3398 41 89 21 77 33 24
3399 40 66 46 10
3400 45 25
3401 10 7 66 85
3402 9 30 19
3403 28 50 59 47 21
3404 26 1 36 67
3405 1 52 19 11 9 64
3406 5 10 71
3407 32 50 65
3408 2 34 56
3409 6 85 44 57 92 91
3410 39 10 51 90 4 31
3411 33 13 54
3412 46 15 66 72
3413 10 25 45 72
3414 44 61 1 26 94
3415 29 86 38 37 3 60
3416 37 19
3417 44 3 32 65 63 9
3418 21 97 5
3419 1 99
3420 29 98 55 65
3421 3 73
3422 20 78 39 96 51 94
3423 5 28 5 90
3424 2 65 51
3425 27 92 81 87 29
3426 11 91 99
3427 15 19 37 70 48
3428 28 22 65 63
3429 16 13 37 52 3
3430 12 5
3431 29 60 96 64 26
3432 49 6 79 71
3433 37 91
3434 39 26
3435 8 38 79 22
3436 12 27
3437 31 45
3438 33 4 42 59 83 65
3439 14 67 51 6 39
3440 8 98
3441 21 74 97 5 45 30
3442 11 65 88 51 67 33
3443 35 91 87 36
3444 9 97 79 61 30
3445 36 40 13 42 26 57
3446 2 44 6
3447 22 29
3448 46 65
3449 38 73
3450 14 99
3451 22 59 62 79
3452 9 23 9
3453 9 95 31 24 25
3454 34 49 53 68 10 14
3455 39 13 45 26 2
3456 24 17 30 41
3457 23 6 81
3458 1 70 95 3
3459 16 17 12 57 15 27
3460 3 74 93
3461 17 93 32 14 49
3462 36 87
3463 6 6 76 1 94 11
3464 27 81 64 5 101
3465 45 56 26 55
3466 39 72 56 6
3467 13 20 45 87
3468 7 79
3469 45 68
3470 32 91 100
3471 49 69
3472 31 19 68 43 6
3473 38 87
3474 46 61 86
3475 22 44 48
3476 33 38 40
3477 23 82 60 22 77 68
3478 27 30
3479 6 23 49 63
3480 14 99 12
3481 7 1 97 88 21
3482 4 14 55
3483 8 27 67 68 59
3484 40 41 79
3485 18 44 78
3486 13 50 49
3487 13 13
3488 20 76 83 101 58 41
3489 14 81
3490 36 83 55 44 91 77
3491 27 24 96 70 55 29
3492 47 50 92 79
3493 1 60 80 95
3494 23 78 65 93 90 84
3495 28 16 47
3496 9 36 48 65 92 12
3497 10 71 32
3498 19 93
3499 9 20
3500 12 18
3501 48 35 86 16
3502 18 33
3503 23 21 3 29 5
3504 22 76
3505 2 2 56 43 77
3506 19 34 50 81 40 96
3507 23 58 52 6
3508 41 65
3509 4 7
3510 12 63 82 92 25
3511 43 99 77 64 87 55
3512 2 31
3513 23 87 89 76
3514 31 57 12 37 62
3515 38 40 25
3516 13 52 38 77
3517 29 83 59 81 66 78
3518 19 38
3519 5 55 44
3520 5 86 77 12 15 100
3521 26 12 52
3522 20 9 25
3523 39 23 21 70 98 86
3524 9 63 14 67 10
3525 24 92 56 48
3526 27 40 59 68 84
3527 46 56
3528 26 59 100 37
3529 41 60
3530 36 30 32 56 73
3531 30 9 35
3532 14 97
3533 31 52 46
3534 21 57 82 87
3535 30 2 72 66
3536 6 65 11 92 56 74
3537 5 95 53 30 54
3538 25 93 79 84 26 13
3539 13 64
3540 33 89 98
3541 11 27 8 65 60
3542 14 19 81 70 7 53
3543 3 3 17 93 96
3544 47 45 36 15 67
3545 45 46
3546 19 5 3 4 52
3547 11 36 43 77
3548 6 98 81 86
3549 43 89
3550 22 15
3551 35 6 15 76 51 5
3552 34 68 49 8 92 26
3553 5 65 68 82 67 62
3554 9 40 72 90
3555 30 76 82
3556 33 53 38 4
3557 46 37 50 79 27
3558 22 100 71 47 73
3559 39 19 100 80 88 91
3560 30 95 35
3561 22 53 12
3562 6 16 6 41 8 52
3563 19 26 39 11
3564 41 100 71 79 81
3565 27 94 26 40 6
3566 21 31 13 36
3567 17 95
3568 12 7 16 78 45 19
3569 9 51 49 96 80
3570 5 83
3571 5 89
3572 20 63 50 79
3573 33 19 70
3574 12 49
3575 5 99 56 96 40 15
3576 36 81 64 83 26
3577 14 77 24 19 63
3578 3 22 74 63 96 66
3579 14 53 87
3580 35 17 36
3581 4 74 11
3582 9 24
3583 22 72 49 81 61
3584 2 60
3585 11 31 55 79 54
3586 42 73
3587 24 59
3588 13 24 73
3589 11 76 64
3590 17 46 57 96 101
3591 33 15 92
3592 44 6 59 25
3593 43 27 87
3594 32 81 15 32
3595 19 7 30
3596 18 36 59
3597 44 100 61 50
3598 18 1 3
3599 40 3 27 54
3600 30 16 48 99
3601 42 43 15 65 8
3602 27 60 18 92
3603 5 47 94
3604 6 14 31
3605 43 76
3606 23 31 68 34 3 51
3607 40 3 69 73 56
3608 44 93
3609 23 14 7
3610 29 32 30 9 19 64
3611 50 8 54 38 86
3612 4 58 99 2 27
3613 27 84 13
3614 6 30 2
3615 46 59 38
3616 4 22 41 92
3617 46 96 11
3618 41 63 5
3619 8 74 77 67
3620 23 42 79 24 14
3621 3 59 12 53 10 38
3622 29 73 97 28 85 57
3623 26 99 36
3624 14 32 38 96 47 81
3625 10 78 55 70 19
3626 18 80 69 51 23 81
3627 9 72 34 88 47
3628 30 38 85
3629 8 18 1 17
3630 32 64 54
3631 21 36 50 101 6 39
3632 12 59
3633 4 72
3634 6 71 55 13 100 18
3635 30 15
3636 39 83 89 39 65
3637 2 8 42 75 44 86
3638 1 4
3639 35 10
3640 36 19
3641 43 4 96
3642 31 45 68 74
3643 11 101 84 85 69
3644 31 76 16 53
3645 21 84 70 16 1 92
3646 15 62
3647 43 100 82 97
3648 3 40 23 59
3649 5 23 54 22 81 61
3650 10 44
3651 37 43 13 45 87 50
3652 14 22 46 63
3653 21 55
3654 44 92 50 96 34
3655 39 95
3656 23 12 57
3657 13 48 35 4
3658 22 24 13 15
3659 33 52 34 66 74 44
3660 21 16 70 50 1
3661 48 85
3662 40 65 87 95 79 68
3663 18 36 58 21 42 77
3664 35 92 41 40
3665 6 75 50 11
3666 36 52 14 92
3667 5 36 88 5 87
3668 42 63 5 26 12 88
3669 5 57 56 45 92 83
3670 44 97
3671 37 26 87
3672 22 29 25 53 3
3673 44 80
3674 9 66 41 32 70
3675 7 96 60 72
3676 47 53
3677 42 99 4 40
3678 45 81 60
3679 44 17 86 8 65
3680 37 75 51
3681 47 98 36 90
3682 50 61
3683 9 36
3684 46 21 93 43 83
3685 39 46 60
3686 20 4
3687 39 5 40
3688 41 4 46
3689 4 93 79
3690 23 94 11 54
3691 49 23 82 84 96
3692 27 73 18 36 67 92
3693 10 55 64 60
3694 30 32 87 28 45 65
3695 41 66 84 31
3696 6 68 44 100 83
3697 19 73 42 20 19
3698 46 41 33 99 64
3699 15 98 90
3700 6 89 76 59
3701 34 92 48 28 78 82
3702 9 86
3703 13 58 71 63
3704 44 29 65 6 82 91
3705 10 59
3706 44 80 58 87 94
3707 19 94 81 16 78 96
3708 6 56
3709 5 78 12 56
3710 26 40 79 38
3711 50 75 1 20
3712 13 82 98
3713 44 5
3714 11 24 17 29 40
3715 10 95
3716 3 18 76 74 23
3717 42 77
3718 43 20 56 91 28
3719 32 64 76 98 92 11
3720 2 1 41 96
3721 50 11 21
3722 32 85 75
3723 9 97 41
3724 30 60 61 39 33
3725 42 78 39 69
3726 37 49 36 10 80 63
3727 40 2 10 60
3728 32 63 62 55 5 70
3729 43 48 59 18 95 64
3730 45 101
3731 30 17 28
3732 35 42 12
3733 10 14 21 61 87
3734 21 101 50 15 77 44
3735 42 36 53 39
3736 5 51 53 23 72
3737 36 41 53
3738 15 8 56 92 55 2
3739 25 3 46
3740 30 86 73 96
3741 20 96
3742 16 81 86 80 90 70
3743 35 12 92
3744 25 95 82 29
3745 40 98
3746 33 83
3747 47 68
3748 33 75 100
3749 6 74 17
3750 39 34 50 53 31 92
3751 41 49
3752 19 69
3753 23 35 78 24 62
3754 39 49 10 38 30
3755 12 69 85 23 41
3756 9 84 96 78
3757 15 41 91 59 34 52
3758 12 23 10
3759 25 83 51 43
3760 2 51 55 27 100
3761 37 87 20 39 77
3762 26 14 9
3763 4 91 42 16
3764 26 91 73 70
3765 18 1 94 5 28 24
3766 20 81 25 67
3767 37 79 66 95 32
3768 27 49
3769 38 45
3770 22 63
3771 12 56 90 41 18 93
3772 36 101 93 92
3773 20 99 97 34 98 57
3774 6 8 66
3775 38 22 65 1 79
3776 49 65
3777 38 76 80 91
3778 18 82 5 6
3779 1 57
3780 17 36 41 82 61
3781 45 2
3782 18 20 15 56 40
3783 32 29 17 2 90
3784 24 26 57 78 45
3785 5 26 49
3786 17 72
3787 2 29 21 67 56
3788 3 48 12 52 35 8
3789 16 78 79 37 8
3790 30 58 60 71 11 24
3791 46 32 12 15
3792 49 13
3793 49 40 93 76
3794 48 65 82 54
3795 5 68 65
3796 47 59 76 55
3797 47 1 67 22
3798 34 59 58
3799 7 87 84 101
3800 16 24
3801 46 70
3802 31 54 52 97
3803 19 2 20 14 47
3804 17 57
3805 17 84 69 65 98
3806 14 94 36 37 6
3807 24 56
3808 10 9 11 44 39 100
3809 15 41 100
3810 10 88 35
3811 24 55 82
3812 47 16 44 23 78 52
3813 17 50 58 35 41
3814 9 81 72
3815 35 52 65 16 10 34
3816 33 30
3817 20 56 53 9 11 77
3818 2 74 59
3819 25 72 61
3820 36 11 64
3821 49 48 68
3822 48 80 93 23 20
3823 28 94 17 71
3824 33 14 17 8 80 48
3825 17 62 29 72 74 88
3826 18 92 67 22
3827 12 86 91 42 43 96
3828 30 100 20 23 77
3829 11 57 38 40 22
3830 28 23 50 10
3831 6 76 27 67 98 28
3832 9 52 47 42
3833 29 8 14 24
3834 37 36 51 81
3835 7 17 79 75
3836 22 7 32 12 38 83
3837 16 36
3838 25 38 60 68 5 45
3839 2 41 21
3840 30 99
3841 40 19 56 85 46
3842 46 87 26 32
3843 32 46 89 68 8 39
3844 24 92 24 79 60
3845 21 50
3846 46 3 62
3847 12 9 91 17
3848 28 76
3849 28 41 18
3850 32 71
3851 27 9 100 1
3852 3 101 88
3853 19 59 67
3854 15 87 49
3855 19 51 29 22
3856 19 19 45 40
3857 25 87 23 30
3858 26 5
3859 33 60 86 97 38 20
3860 2 53 12 29 27 9
3861 19 70 23 37
3862 30 62 83 85
3863 26 32 70 75
3864 39 61 94 43 64 69
3865 9 84 48 59
3866 35 100 6 67
3867 13 48 61 55 77
3868 48 8 48
3869 8 84
3870 8 67 34
3871 6 44 47 15 5
3872 25 23 44 46 42 86
3873 21 51 82
3874 1 53 54 89 62
3875 10 50 34 56 7 76
3876 24 77 14 27
3877 25 61 43 17
3878 11 77
3879 11 47 44 12 55 57
3880 11 16 31 8
3881 3 48 93 69 39 19
3882 16 18 81 26 74 6
3883 27 45 68
3884 8 24 78 31 15
3885 13 19
3886 28 68 52
3887 14 65 84 70
3888 21 33 58 50 36 88
3889 2 50 101 75 81 42
3890 13 33 64
3891 44 89
3892 35 28 19
3893 15 79 41
3894 18 99
3895 13 14 73 74 66
3896 25 68 9 55 69 48
3897 50 79 51 12 38 87
3898 10 77 5 98
3899 6 13
3900 33 59 26 98
3901 20 69 39 46
3902 43 32 60 4 9
3903 18 59 65 49
3904 41 89 13 98
3905 49 84 33 17
3906 17 97
3907 37 31 44 96
3908 38 13 94 42
3909 26 76 46 12
3910 22 39 83
3911 12 83 2 43
3912 40 34 72 86 55
3913 8 43
3914 17 99 43 92 21 27
3915 24 38 44 78
3916 20 41
3917 1 60 37
3918 5 75 49 64
3919 40 31
3920 10 69 24 43 91 72
3921 12 20 64 58 53
3922 12 80 99
3923 37 1 43 21 32 74
3924 20 40 51
3925 34 55 2 57
3926 8 45 94 98
3927 47 37
3928 49 31 41 20 38
3929 36 25 48
3930 46 56 67 62 93 21
3931 4 44 77 82 93
3932 46 83 19
3933 39 14
3934 19 9 101
3935 25 86 92 12
3936 34 98 2 86 11 66
3937 48 49 28 47 70
3938 35 80 73
3939 25 9 30 38
3940 4 99 28 84 29 51
3941 30 38
3942 32 100 22 95 23 56
3943 2 85 60 17
3944 42 71 47 51
3945 18 71 52 23
3946 33 94 25 8
3947 48 96
3948 41 28 62 7
3949 4 92
3950 9 59 1 23 25
3951 24 14 50 6 47 83
3952 28 75 39
3953 17 70 99 56 57 15
3954 41 53 85 72 19
3955 31 41 97 9 21 94
3956 5 9 76 18
3957 41 47 84 10
3958 18 55 90 25 78
3959 21 26 71
3960 13 26
3961 25 5 99 45 22
3962 28 7 93 1
3963 8 33 56
3964 26 1 54 37 64
3965 4 89 95 61 44
3966 14 31 1 30
3967 25 13
3968 40 78
3969 19 82
3970 45 83 37 99
3971 39 42 73 17
3972 34 18 4
3973 9 71 33
3974 13 88 20
3975 6 92 45 53
3976 29 38 62 45
3977 38 54 16 46 62 86
3978 26 9 50 2 3 18
3979 48 70
3980 10 63 21
3981 6 89 27 26
3982 12 81
3983 28 30 73 3 85
3984 44 88 13
3985 3 5 41
3986 40 67 99 97
3987 49 58 37 21 82
3988 21 42 60
3989 32 66 42 96
3990 29 95 42 15 7 100
3991 33 44 85
3992 23 18 95 17 21 35
3993 28 25 17 63 53 87
3994 8 34 45 66
3995 2 21 75 71 99
3996 37 23 95
3997 6 57 14
3998 16 14 27 97
3999 4 54 23 78 39
4000 45 9 58 38 19
4001 36 11 83
4002 23 50 27
4003 24 16 4 58 81 88
4004 16 37 62 63
4005 12 31 34 12 13 44
4006 49 101 80 98
4007 5 40 4 88 36 27
4008 34 65 92 32 45
4009 21 46 2 65 14
4010 14 14 9 76 78
4011 11 14
4012 30 30 58
4013 21 85 26 30 46 23
4014 7 68 45 72
4015 34 33 61 78 88
4016 35 59 7
4017 45 37 88 25 13
4018 33 57 2 70 16 39
4019 19 9 62
4020 16 35 63
4021 10 61 85 88 38 29
4022 19 53 80 4
4023 44 6 17
4024 11 38 17 82
4025 8 24 59 46 11
4026 6 32 59
4027 15 72 2 25 20 33
4028 41 40 46 37 75
4029 45 33 36 57 63 4
4030 11 46 62 27 37 88
4031 48 64 97
4032 37 23 21
4033 2 23 57 41
4034 44 50 45 42
4035 28 33 39
4036 34 24 92
4037 27 59 37
4038 43 41
4039 5 72
4040 8 44
4041 42 89 50
4042 30 38 32 65
4043 3 20
4044 18 1 89 30
4045 8 19 41 25
4046 17 95 25
4047 10 2 17
4048 25 64 86
4049 44 3 57 71
4050 35 23
4051 47 23
4052 40 12 73
4053 32 20 61 101 49 94
4054 36 45 77 34
4055 2 8
4056 43 96 52 29 13 15
4057 29 97 69 66
4058 43 78 23
4059 36 92 89 36
4060 29 92
4061 12 18 63 64 43
4062 38 11 99 34 22
4063 11 22 14
4064 17 74
4065 5 37
4066 24 48 86 53 59
4067 42 40 81
4068 30 41 32 79 85
4069 27 21 15
4070 23 56 55 67 43 8
4071 11 93
4072 24 29 24 19
4073 26 70 27 32 25
4074 5 16 46 76
4075 33 90
4076 19 60 76
4077 43 79
4078 6 86
4079 36 37 86 19
4080 13 53 10 41 95 8
4081 2 89 65 55
4082 23 26
4083 42 37 14 99 1
4084 24 51 48
4085 33 19 40 100 55 30
4086 27 21 91 43 45 52
4087 37 1 67 65 37
4088 37 1 79 17
4089 24 59
4090 29 101
4091 48 21 16
4092 18 48 16
4093 10 50 49 84
4094 14 65 40 28 96
4095 12 43 67 46 37
4096 30 95 84 89 61
4097 12 25 71
4098 19 4 3 38
4099 34 9 97 92 45
4100 42 17 69 18 15
4101 9 31
4102 22 60 36 8 35 96
4103 46 32 67 71
4104 15 30 82 52 84
4105 37 95 93
4106 8 12 4 95 81
4107 39 33 27 98
4108 32 58 35 21 43 7
4109 50 7 99
4110 34 95 51
4111 30 55 65
4112 29 51 38
4113 27 19 12
4114 8 7 43 54 8 13
4115 47 6 39 27 67 43
4116 40 91
4117 18 37 24 22 77
4118 39 48
4119 5 44 93 74 34
4120 13 28 55 96 58 57
4121 9 63 50 85
4122 1 30 20 45
4123 16 48 68
4124 29 32
4125 25 48 30
4126 45 42 9 94 85
4127 46 34 64
4128 49 63 8 84
4129 8 39 14 61
4130 49 95 45 40 29 5
4131 24 60 100 94 35
4132 10 89 66 25
4133 33 74 77 40
4134 8 40 61 21 12 39
4135 42 3 77 19 21 90
4136 8 31
4137 27 15 18
4138 44 55 22 74 42
4139 22 15 30 73
4140 32 30 24 37 88
4141 50 95 59 5
4142 23 17
4143 25 17 101 16 96 4
4144 19 16
4145 17 36 97
4146 48 62
4147 2 27 37 81 47 36
4148 6 68
4149 15 1 90 85 22
4150 40 47 50
4151 14 55 32
4152 18 26 16 25 98 81
4153 11 85 100 92 25
4154 14 56 75 52
4155 35 17
4156 40 50
4157 47 21 51 50 24
4158 2 62 26 63 49 7
4159 23 38
4160 37 43 24 40 58
4161 17 95 42
4162 50 68 27 22 15 92
4163 27 52 32 72 40
4164 4 63
4165 9 90 61 17
4166 17 55 97 3
4167 3 60 37 89
4168 2 64 50 77 95
4169 30 95 40 70
4170 27 87 69 68 67 51
4171 42 61 87 64
4172 40 52 56 10
4173 2 23 33 36 10 5
4174 43 76
4175 41 97 101 61 33 59
4176 47 34 24 27 47 76
4177 22 59
4178 41 13 24
4179 10 25 3
4180 31 30 2
4181 23 52
4182 11 32 29
4183 12 4 48 39
4184 41 98 46 36
4185 9 92 19 32 14
4186 43 32
4187 46 33 13
4188 31 46 76
4189 44 29 78
4190 32 3 12 61
4191 50 46 54 69 32 53
4192 18 88 41 6
4193 15 70 64
4194 2 62 22 69 101 83
4195 3 33 30
4196 27 89 21
4197 45 64
4198 41 70 18 58 92 38
4199 3 71 75 85 35
4200 50 27 65
4201 42 8 1
4202 23 68 39 57 59
4203 43 52 30 67
4204 37 90 29 19
4205 44 81 32 50
4206 48 38 43 9
4207 7 70 76
4208 41 8
4209 8 86 49 11
4210 31 61 20
4211 19 90 3 94 87 2
4212 44 22 62 93 32 46
4213 30 48
4214 48 2 22 58
4215 44 72 38 51 27 97
4216 8 53 89 75 37 101
4217 3 12 41 57 29
4218 13 74 73 79
4219 45 97 10 95
4220 50 61 85
4221 5 96 76 26 91 17
4222 28 69 19 34 94 72
4223 11 10 37 97
4224 21 10 93
4225 44 19 36
4226 2 82 26
4227 11 35 20 74
4228 35 67 40
4229 25 37 15
4230 24 22
4231 22 62 88 58 32 9
4232 44 66
4233 31 40 35 93 7
4234 1 99 26 83 49 23
4235 12 60 98 94
4236 3 23 19
4237 6 9 19
4238 45 31 34 51
4239 34 5 25 93 20 35
4240 2 43 40 94 9
4241 24 72 83 39
4242 9 74 83 88 89 23
4243 37 70 57
4244 22 85 70 48 99 35
4245 20 96 47 73
4246 16 84 31 29 74 39
4247 40 65
4248 36 35 56 1 27
4249 42 23 93 20 3
4250 26 12 61
4251 48 37 6 56
4252 35 32 12 77 86 80
4253 24 43 96
4254 27 85 51 44 11
4255 31 40 12 4 58
4256 11 79 32 10
4257 24 2 26
4258 34 21 19 18 85
4259 41 71 6
4260 21 57 27 41
4261 33 46 67 59 25 66
4262 31 82 58 11 48
4263 4 68 61
4264 28 29 101 55 78 98
4265 38 15 96 24 50 2
4266 30 20 58 83 7
4267 39 44 20 74
4268 44 68
4269 49 76 67 54 65 49
4270 47 58 48 1 9 34
4271 32 29 49 58 76 78
4272 21 99 15 1 7
4273 29 42
4274 45 51 15
4275 44 3 57 17 1 29
4276 29 58 94 67
4277 44 21 61 59 80 51
4278 7 1 21 51 59 87
4279 31 12
4280 39 77
4281 35 26 13
4282 42 81 83 87 49
4283 6 19 29 64
4284 36 79 91 96 6 63
4285 36 54 96 98 12
4286 3 15 56 53
4287 6 14 2 92 63
4288 32 31 44 88 60
4289 4 99 65 18
4290 5 70 10 75
4291 49 50 94
4292 40 16 34 18
4293 43 3 29 34
4294 33 21 68 13 77 40
4295 39 71 78 101 52 30
4296 2 19 85 2 96 4
4297 22 62 40
4298 39 72 94 36
4299 31 70 30 31
4300 14 28 48 9
4301 11 95 26
4302 42 60 53 45 19 27
4303 13 89 74 8 41
4304 1 99 26 9 3
4305 42 28 9 95
4306 33 42
4307 8 20 72
4308 34 10 22
4309 24 96
4310 43 79
4311 15 56 53 28 6 65
4312 29 92 24 36
4313 15 59 39 16
4314 48 42
4315 14 88 46 82 69 97
4316 35 58 64 44 43
4317 48 69 75 78 70
4318 43 6 37 31
4319 46 16 97 27 48 13
4320 31 33 90 82
4321 25 52 6
4322 10 64 22 1
4323 23 36 4 65
4324 25 89
4325 49 55 8 95 60 35
4326 28 22 83 60 20
4327 21 49 6 101 82 97
4328 38 61 34 24
4329 33 75 84 88 28 53
4330 18 44 72 13 21 79
4331 50 92 55
4332 48 15 93 99 70
4333 42 24 101 34 68 92
4334 17 63 69
4335 13 68
4336 20 53 77 14 11 86
4337 46 79 20 99
4338 48 98 75 18 57
4339 32 66 18
4340 3 42
4341 50 13 95 28 64 8
4342 49 29 90 69 24 101
4343 37 96 67 50 42 36
4344 33 9 55 27 42
4345 24 26
4346 12 33 17 73 8
4347 45 40 19 93 87 9
4348 8 65 92 19 30
4349 41 12
4350 16 75 17
4351 31 82 66 32 90
4352 38 75
4353 20 24 4
4354 20 12 87 14 33 3
4355 1 37 10 53
4356 4 49 33 96
4357 18 42
4358 41 89
4359 34 87 81 11 18
4360 27 2
4361 24 18 75 91 69 24
4362 21 93 36 97 39 6
4363 35 79 27
4364 9 88 40
4365 27 100 8
4366 35 71 7
4367 45 18 91
4368 33 2 53 51 35
4369 18 20 75 63 13 64
4370 17 62
4371 28 87 48 52 59 68
4372 44 87 74 58 43 96
4373 10 51 71 77 41 15
4374 5 11 3 79 84 88
4375 50 29
4376 28 99 70 76
4377 42 39 8
4378 45 53
4379 27 34
4380 14 51
4381 37 91 75 72 24
4382 7 14 25 68
4383 19 35
4384 6 84
4385 47 51 60 50 85 8
4386 7 33
4387 5 92 96 95 56 37
4388 43 69 11
4389 31 82
4390 37 47 91 96 39 56
4391 35 60 86 24 22
4392 42 92 24 11
4393 35 88 92 93 34
4394 10 63 3 49
4395 27 55 88 32 12
4396 31 83 97 74 76 32
4397 38 29 55 13 66 83
4398 45 90 100
4399 7 73
4400 13 98 87 32 93 99
4401 45 89 44 29
4402 21 20
4403 13 87 95 75 11 43
4404 32 20 95 86
4405 41 82 57 90 85 96
4406 23 16 70 40 45
4407 48 18 8 50 84
4408 1 25 20 22 78 8
4409 3 30 69 23 22
4410 3 8 21 37 52
4411 33 48 50 1 5
4412 20 100 62 26 82 79
4413 13 42 64 41 101 83
4414 11 101 47
4415 50 51
4416 47 91 10 36
4417 15 41 24 94 100
4418 20 90 67 100 63 14
4419 38 28 26
4420 18 62 51 28 82 66
4421 36 6 82
4422 41 84 50 74 34
4423 14 7 68 11 66
4424 5 3 94 46
4425 6 47
4426 11 12
4427 19 80 82 8 28 58
4428 17 96
4429 43 47 66 39 63 72
4430 35 82 17
4431 27 78 39 35 96 14
4432 47 72
4433 37 76 18 100 23 42
4434 5 23
4435 46 64 29 25 61
4436 48 44 89 79
4437 2 46 49 25
4438 28 83 46 100 67 1
4439 2 73
4440 15 92 58 57
4441 19 36
4442 24 62 43 35 54 83
4443 22 32 28 36 29 98
4444 29 71 11 1
4445 40 62 42
4446 22 2 59
4447 46 25 6 79
4448 46 33 65
4449 43 38 92 93 33
4450 48 76 43 19
4451 8 69
4452 33 50 4 41
4453 32 41 38
4454 16 87
4455 9 3
4456 15 69
4457 10 99 71 72 61
4458 11 44
4459 47 10 76
4460 25 101 51 96
4461 49 15 1
4462 7 86 32 45 89
4463 24 11 66 36
4464 14 56 21
4465 31 54 1 21
4466 11 47 60
4467 1 48 65 47 4
4468 41 71 24 77 64
4469 35 58 5 47 32 63
4470 34 54
4471 46 20 27 80 50 63
4472 14 41 14 81
4473 44 31
4474 21 13 77 99 47
4475 13 63 98 51
4476 38 38
4477 9 75 6
4478 31 86
4479 19 74 54 68 64
4480 33 21 57 33 55
4481 12 39 95 5 96 16
4482 35 35 91 29 28
4483 12 28 13
4484 11 49 97 68 76
4485 11 35 25 2 62 84
4486 29 82 46
4487 33 52
4488 24 14
4489 45 33 79
4490 33 28 42 19
4491 15 87 66
4492 35 33
4493 9 38
4494 18 37 7
4495 39 28 4 1 15 86
4496 16 27 13 20
4497 25 27 26
4498 25 8 19 20 50
4499 48 99
4500 35 94 31
4501 49 3
4502 37 7 64 46
4503 14 77 74 31 44
4504 39 28 27 84 44
4505 22 3 81 57 22 26
4506 31 28 35 5 34 6
4507 44 32 3 94 48
4508 28 82
4509 38 55 79 16
4510 32 91 57 54 62 86
4511 49 86 75 2 12 79
4512 39 79 36 47 60
4513 15 6 46 90
4514 30 36
4515 28 15
4516 31 75 45 58 49 83
4517 3 2 94 39
4518 1 41 37
4519 44 82 76 58 43 71
4520 30 39 3 78 30 11
4521 23 9 53 14
4522 48 41 22 100
4523 28 60 64 74 2 16
4524 19 39 43 89
4525 30 2 6
4526 28 44 65 63 49 68
4527 11 66 89
4528 32 23 38 97 40 41
4529 44 69 77 95 70 65
4530 17 39
4531 10 77 46
4532 42 45
4533 23 19 13 46 27
4534 9 52 72
4535 46 11 88 7
4536 11 76
4537 40 17 57 41 44
4538 22 66 58
4539 21 54
4540 20 12 63 72
4541 15 99 36 46 67 35
4542 5 11 40
4543 25 6 100 29 61 20
4544 32 1 17 25 58
4545 44 19 1
4546 2 85 40
4547 32 54 27 53 40
4548 25 80 56
4549 42 11
4550 11 96 32 28 34 5
4551 12 54 66 5 17 60
4552 20 7
4553 50 88
4554 37 97 48 98
4555 38 29 69 19
4556 27 70 36 42 62
4557 3 88 15 23
4558 42 48
4559 24 45 81 83 76 20
4560 36 7 46 27 80
4561 32 38 42 97 71
4562 20 62 35
4563 27 46 77 15 79 72
4564 14 16 17 84 77
4565 27 75 44 95 29 30
4566 26 48 70 4
4567 31 38 16 64 35
4568 23 64 36 13 43 54
4569 35 10 34 71 33 37
4570 19 53 16 33 79 62
4571 13 32 50
4572 15 90 58 24 23 68
4573 19 6 22 69 79
4574 33 81
4575 1 53
4576 37 63 42 5
4577 14 43 54 90 93
4578 29 49
4579 8 88 52 13 38 55
4580 32 91 52 27
4581 7 62 49 23 61 8
4582 6 66
4583 17 56 8 70
4584 21 39
4585 1 69 23 19 81
4586 6 79
4587 32 59 55 62 53 20
4588 40 26 60
4589 15 25
4590 50 92 40
4591 23 3 40 51 28
4592 5 53 12 24
4593 23 30 23 101 16
4594 17 41 10
4595 2 36 67
4596 6 39 91 37 12 62
4597 40 42
4598 40 36 98 39
4599 50 42 6 2 35 40
4600 9 100 58
4601 45 34
4602 50 13 59
4603 8 27 31 70 32
4604 41 37 9
4605 16 62 76 2
4606 26 36
4607 6 99 56 86 42 52
4608 24 11
4609 15 12 40 76
4610 34 52 33 16 25
4611 11 48 14
4612 34 59 93
4613 15 84 59 35 56
4614 19 73
4615 47 37
4616 21 92 60 44 12
4617 29 41 33 6 65 55
4618 38 87 77 79 12
4619 2 8 34
4620 16 11 68
4621 38 48 69
4622 44 57 95 91 72
4623 30 41 52 74 42
4624 17 27
4625 36 7 75 2 55 49
4626 37 101 68 80 44
4627 48 59
4628 17 81 2 48 18
4629 41 20 76
4630 45 20 42
4631 35 18 76
4632 24 81 49
4633 38 17 80
4634 34 74 85 81 58
4635 6 42 81 95 67 73
4636 27 98 2
4637 15 43 49 18
4638 8 97
4639 38 20 90 1 32
4640 27 96 39 5
4641 1 24
4642 29 98
4643 35 7 18 93 71 13
4644 25 61 5 47 42
4645 48 38
4646 39 97 8 62
4647 16 84 82 83
4648 24 34 43 20 85 18
4649 2 72 93 52 23 94
4650 11 96 73 40
4651 10 54 48 26 21
4652 42 49 78 80 86
4653 36 66 59 54 60 3
4654 14 35
4655 38 101 27 92 80 13
4656 47 93
4657 43 37 25 26 72 30
4658 5 100 27 73
4659 45 48 94 54
4660 6 36 79 74 84 32
4661 45 98 77 79 95
4662 14 80 60 24 57
4663 38 49 91 36 23
4664 12 17 25
4665 43 34 74
4666 45 64 23 84 80
4667 46 67 86
4668 6 48 40
4669 36 84
4670 47 85 31 71
4671 7 3 83 97 44
4672 16 88 27 2
4673 19 86 95 66
4674 45 98 65
4675 7 88 56 37 39 21
4676 49 14
4677 30 20
4678 40 21 53 40 81
4679 23 65 35 34 83
4680 22 5 99 73
4681 10 65 71 98 32
4682 43 15 22
4683 4 58
4684 5 101 84 13 33 9
4685 38 48 33 97 36 64
4686 9 33 57
4687 1 62 53
4688 32 70 95
4689 32 43 55 90
4690 37 18
4691 50 17 50
4692 15 9 93
4693 35 12 56
4694 49 3 95 6 49
4695 25 72 80 78 27 26
4696 29 95
4697 41 81
4698 36 43 14
4699 14 62 9
4700 30 71
4701 1 82 55 36 73
4702 24 30 82 23
4703 21 67 72
4704 21 25 61 54 66 47
4705 3 57 27
4706 45 28 10
4707 34 45 55 94 85
4708 25 82 46 29 54 85
4709 43 59 9 58 31 89
4710 45 18
4711 31 51 20
4712 9 31 25
4713 14 31 96 85 20
4714 35 57 89 16 23 85
4715 27 25
4716 23 63 98 44 61
4717 37 46 70
4718 31 11 69
4719 50 81 16 84 25 36
4720 2 45 41
4721 33 96 53 42
4722 39 58 51 93 18
4723 14 66
4724 4 53
4725 25 47 43
4726 2 33 85
4727 45 6 44
4728 46 63 29 75
4729 5 76 78 4 31 1
4730 2 63
4731 3 30 81 17 38
4732 40 53 63 65
4733 33 95
4734 11 79 36 24 21 58
4735 48 77 87
4736 37 13 58 71 27 76
4737 22 16 57
4738 39 15
4739 30 42 45 29
4740 30 8 89 56 68 65
4741 25 35 27
4742 16 23 90 42 26
4743 30 57 59 72
4744 2 44 40 80 78
4745 24 91 24 97 63 40
4746 14 57 50
4747 17 65 5 78
4748 38 82 41 100 54
4749 25 79 82 43 35 17
4750 22 71 24 98 1 15
4751 43 21 54
4752 50 48 95 38
4753 36 27 33 36 10 2
4754 7 33 37 17 93
4755 12 100 53 68
4756 16 83 19 3 62 77
4757 10 83
4758 36 18 40 9
4759 48 13
4760 49 84
4761 40 35 48 34 89
4762 7 16 4 85 1
4763 24 48 63
4764 44 44 61 66
4765 44 35 5 98 51 44
4766 21 52 94 57 34
4767 30 78 25
4768 15 55 9
4769 37 28 7 14
4770 13 54
4771 28 5 98
4772 20 77 91 33
4773 18 85 45 75 41
4774 21 40
4775 2 45 1 76 43
4776 18 3 9 1 5
4777 35 60
4778 50 11 36 27
4779 6 45
4780 40 35
4781 36 60
4782 7 55 95 35 50
4783 15 22
4784 22 36 72 25 94
4785 22 94 70 101
4786 30 8 89 30 69 64
4787 44 87 64
4788 23 99 76 91 73
4789 38 43 95 38 13
4790 7 76
4791 47 53 29
4792 5 34
4793 50 7 89 38 54 41
4794 44 14
4795 8 85 49
4796 27 64 48 17 68 100
4797 39 16 11
4798 17 8 34 66 27
4799 28 3 68 97 67
4800 38 76 48
4801 41 101 22 87
4802 9 59 82 20 42
4803 32 2 84 97 45
4804 17 70 84
4805 19 15 91 64
4806 47 33 67 89 88 29
4807 43 47
4808 37 89
4809 22 25 6 55 76
4810 8 66
4811 36 18 27
4812 8 77 70
4813 42 70 46
4814 44 14 65 72 29
4815 30 88 31 101 51
4816 21 8 33 21 73 39
4817 7 5
4818 14 91 93 68
4819 16 32 52
4820 10 87 54 57 76 43
4821 42 65 29 60 57
4822 5 12 101
4823 36 9 27
4824 41 8 31 36
4825 17 85 39 8 21
4826 9 2 31
4827 24 24 1
4828 29 29 19 52
4829 35 97 87 64 93 15
4830 42 23 91 85
4831 44 80 17 27
4832 15 89 13 76 67 81
4833 12 16
4834 21 39 78
4835 25 6 88 23 26
4836 20 61
4837 15 29 67
4838 29 94 67 54
4839 45 14 39 89
4840 8 80 70 15 93 63
4841 12 4 66 59 84
4842 20 11 45 38 22 64
4843 12 87 5 77
4844 48 26 71
4845 18 5 28 44 4 22
4846 37 86 71 84
4847 25 43
4848 16 27 44 67 91 80
4849 31 26 52
4850 6 26 100
4851 8 24
4852 49 3 83
4853 46 49 69
4854 5 47 23 64
4855 4 21 79
4856 29 56 9 10 75 39
4857 36 67 35 58
4858 43 94 15 32
4859 43 20 37
4860 12 85 12 58 72 77
4861 9 83 64 12 69
4862 7 58 74
4863 10 44
4864 23 84 89 40 98
4865 49 77 53 43 50
4866 37 21 27 85
4867 36 35 46 14 39 65
4868 40 58 60 100 46
4869 13 89 73
4870 43 12 83 87
4871 47 34 43 35 51 39
4872 24 78 62 63 56 32
4873 22 39 98 83
4874 41 10 70 59 85
4875 27 7 30
4876 15 86
4877 47 78 32 94 64
4878 18 47
4879 29 10 38 61
4880 50 8 85 17 3
4881 20 82
4882 50 8 51 53
4883 29 25 44 69 98
4884 16 16 22 20 41 83
4885 9 42 53
4886 29 1 95 48 12 70
4887 6 73 22
4888 18 1 70 4
4889 18 7 18 23
4890 34 60
4891 20 82 51 55
4892 39 59 62
4893 34 85 88
4894 15 89 93 101 76 34
4895 24 27 83 61 33
4896 25 7 72 59
4897 41 45 74
4898 15 77 44 86 96
4899 27 99 94
4900 30 24 58
4901 44 99 30 61
4902 37 54 90
4903 40 83 54 47
4904 35 79
4905 31 27 66
4906 50 38
4907 42 78 9
4908 36 25
4909 3 23 59 65
4910 10 84
4911 23 43
4912 35 61 84 28 80 21
4913 42 15 1 10 82 61
4914 8 10
4915 48 24
4916 13 75
4917 46 81 15 27 40 22
4918 21 62 63
4919 14 12 67 43
4920 35 69 77 88 19
4921 26 92
4922 44 16 46 25 7
4923 22 99 8 28 39
4924 41 57 6
4925 35 76 49 73 82 99
4926 26 32
4927 27 48
4928 36 55 57 88 95 41
4929 16 21 14 33 96 2
4930 17 20 71 26
4931 38 32 40 87 45
4932 15 64 60 33 74
4933 29 94 30
4934 27 48
4935 48 66 4 20
4936 13 73
4937 32 57 15 55
4938 41 30 6 55
4939 42 54 91
4940 40 4 89 6 61
4941 5 56 18 63
4942 6 78 70 35 67 15
4943 48 18 22 27 92
4944 49 95 66 43 77 93
4945 37 84 2 9
4946 19 39 72 18 33
4947 48 13 50 61 18 2
4948 12 11 51
4949 15 89 37 28
4950 45 68 13 59 22 100
4951 32 69 56 100 62 8
4952 38 11 29
4953 39 94 99 35
4954 5 90 7
4955 33 3 87 23
4956 30 3 6 29
4957 44 30
4958 22 72 42 83 54 13
4959 8 56 13 79 37
4960 42 91 73
4961 10 8
4962 20 48 90 42 84
4963 42 64 99 25 57 30
4964 48 28 25 80 68 49
4965 23 23 42 78 87
4966 50 82 90
4967 21 40 21 68
4968 1 58 9 19 88
4969 15 97 45 5
4970 39 86 99
4971 26 85 78 38 72 68
4972 41 36
4973 16 10 78 26 23
4974 35 80
4975 27 62 45 2 61
4976 21 70 19 40 34 68
4977 3 62 64
4978 37 11 83
4979 10 76 3 61 82 37
4980 36 97 96 44
4981 32 91
4982 27 21 94 42 91 34
4983 8 3 67 56 21 86
4984 19 87 83 84
4985 36 97 32 6 62
4986 2 1 76
4987 35 18 34
4988 4 44
4989 10 13 5
4990 48 47 17 15 22
4991 43 90 57 59
4992 42 86 70 10 78 35
4993 11 94 38 25 58
4994 42 97 52 100 14 6
4995 30 74 76 86
4996 41 79 5
4997 22 72 10
4998 5 69
4999 45 84 86 50
5000 1 11 47 61 101 98
