2000 100
1 18 354
2 7 507
3 83 496
4 95 305
5 2 830
6 53 522
7 99 756
8 89 885
9 36 70
10 22 97
11 86 582
12 47 295
13 43 63
14 34 469
15 14 871
16 7 465
17 61 192
18 34 457
19 36 699
20 69 987
21 26 444
22 11 349
23 69 252
24 83 938
25 10 901
26 20 477
27 45 778
28 18 468
29 58 55
30 81 457
31 35 736
32 21 904
33 82 940
34 28 835
35 15 850
36 81 195
37 70 534
38 92 537
39 21 331
40 53 559
41 65 649
42 29 589
43 98 479
44 95 318
45 40 744
46 96 302
47 74 178
48 85 896
49 86 565
50 86 811
51 24 817
52 46 218
53 82 752
54 29 953
55 22 194
56 85 243
57 74 12
58 78 682
59 30 342
60 5 758
61 48 438
62 64 673
63 2 406
64 57 527
65 29 352
66 62 783
67 27 599
68 52 23
69 80 798
70 54 919
71 65 687
72 26 480
73 23 883
74 92 267
75 87 213
76 97 238
77 96 36
78 85 397
79 43 898
80 6 71
81 25 645
82 16 669
83 84 904
84 8 329
85 22 876
86 2 733
87 31 307
88 88 973
89 77 656
90 38 507
91 72 644
92 84 324
93 79 289
94 8 134
95 49 682
96 54 592
97 71 487
98 15 763
99 44 781
100 58 510
101 76 573
102 85 477
103 86 364
104 92 402
105 64 94
106 83 872
107 32 226
108 59 629
109 1 713
110 47 807
111 61 807
112 20 886
113 70 253
114 85 532
115 53 930
116 93 185
117 33 887
118 52 652
119 49 426
120 54 458
121 16 13
122 9 409
123 95 745
124 53 432
125 48 39
126 67 985
127 5 854
128 55 953
129 79 645
130 7 254
131 18 735
132 53 218
133 53 783
134 43 629
135 93 80
136 59 430
137 66 888
138 1 25
139 36 181
140 25 103
141 57 804
142 95 69
143 89 122
144 18 481
145 37 928
146 34 564
147 69 190
148 11 846
149 91 648
150 68 123
151 50 53
152 17 443
153 14 558
154 55 913
155 88 85
156 36 680
157 53 415
158 49 179
159 38 81
160 11 343
161 66 321
162 27 569
163 46 707
164 44 751
165 93 63
166 8 140
167 84 526
168 27 816
169 41 581
170 91 422
171 58 134
172 91 471
173 80 334
174 97 292
175 78 399
176 38 343
177 40 987
178 62 361
179 28 411
180 8 139
181 50 75
182 78 583
183 78 54
184 46 157
185 59 588
186 79 552
187 18 243
188 44 602
189 59 156
190 41 111
191 13 761
192 17 516
193 67 56
194 38 381
195 37 347
196 96 575
197 10 89
198 14 775
199 88 957
200 25 778
201 66 215
202 19 697
203 53 434
204 30 949
205 7 374
206 3 362
207 12 352
208 74 37
209 72 221
210 80 476
211 44 539
212 68 483
213 88 245
214 18 145
215 61 414
216 38 65
217 28 232
218 70 849
219 22 580
220 92 130
221 82 927
222 5 240
223 57 53
224 67 324
225 57 691
226 83 875
227 39 427
228 81 606
229 67 649
230 55 570
231 56 474
232 55 311
233 37 254
234 20 244
235 10 150
236 64 689
237 14 497
238 69 870
239 29 314
240 94 871
241 89 264
242 58 825
243 13 648
244 97 858
245 66 343
246 37 720
247 91 175
248 38 580
249 66 800
250 32 416
251 68 354
252 27 528
253 81 157
254 92 208
255 14 126
256 22 527
257 16 646
258 28 946
259 30 205
260 20 398
261 94 370
262 62 91
263 10 36
264 34 868
265 3 444
266 9 979
267 57 385
268 4 758
269 18 380
270 88 674
271 22 326
272 79 933
273 61 499
274 80 554
275 50 439
276 3 210
277 71 355
278 80 84
279 92 155
280 84 459
281 70 189
282 8 409
283 90 140
284 28 404
285 14 734
286 15 52
287 93 787
288 62 645
289 23 822
290 26 857
291 99 997
292 46 217
293 2 813
294 31 752
295 47 266
296 43 783
297 72 976
298 61 948
299 90 699
300 60 549
301 63 939
302 61 392
303 18 460
304 53 703
305 14 464
306 91 156
307 28 174
308 90 884
309 78 456
310 14 611
311 47 60
312 32 185
313 12 50
314 81 924
315 37 111
316 99 763
317 45 22
318 11 679
319 1 600
320 5 570
321 5 240
322 96 977
323 56 759
324 6 541
325 84 95
326 15 372
327 81 652
328 70 226
329 48 991
330 16 235
331 57 503
332 79 877
333 95 159
334 93 77
335 63 788
336 61 340
337 19 595
338 66 98
339 24 351
340 85 980
341 80 164
342 29 232
343 78 784
344 33 49
345 57 251
346 63 849
347 26 104
348 93 308
349 69 123
350 88 249
351 93 594
352 34 431
353 13 347
354 2 250
355 54 650
356 83 425
357 76 24
358 58 260
359 77 1000
360 48 445
361 20 504
362 6 915
363 46 471
364 44 272
365 17 873
366 94 676
367 47 795
368 92 899
369 90 580
370 82 624
371 85 195
372 64 833
373 60 987
374 90 106
375 30 903
376 51 764
377 41 366
378 65 363
379 74 357
380 23 561
381 78 818
382 23 498
383 31 853
384 98 95
385 41 560
386 42 203
387 17 378
388 87 433
389 15 70
390 81 793
391 3 583
392 79 842
393 49 850
394 13 444
395 2 882
396 85 264
397 45 74
398 55 309
399 15 218
400 30 556
401 40 961
402 48 648
403 25 572
404 23 364
405 50 207
406 49 355
407 56 593
408 17 161
409 33 502
410 45 532
411 56 981
412 16 858
413 36 406
414 93 27
415 48 637
416 39 927
417 77 640
418 71 552
419 58 799
420 69 440
421 64 647
422 68 139
423 64 767
424 21 328
425 29 106
426 71 966
427 70 796
428 83 464
429 45 725
430 63 55
431 3 850
432 86 978
433 40 535
434 87 466
435 27 545
436 15 865
437 56 858
438 14 780
439 40 798
440 21 397
441 44 922
442 79 624
443 24 624
444 22 941
445 2 141
446 44 687
447 69 117
448 74 264
449 7 182
450 92 301
451 21 57
452 75 321
453 55 987
454 81 794
455 58 458
456 71 636
457 65 928
458 34 817
459 26 365
460 74 540
461 25 981
462 50 700
463 42 860
464 49 139
465 97 910
466 15 907
467 59 666
468 38 492
469 86 441
470 97 817
471 57 905
472 27 235
473 44 996
474 59 931
475 18 720
476 33 283
477 85 348
478 92 751
479 9 481
480 32 73
481 60 251
482 53 577
483 56 677
484 17 228
485 38 514
486 57 741
487 60 166
488 80 414
489 9 51
490 100 159
491 8 595
492 23 573
493 48 722
494 69 54
495 49 924
496 53 689
497 45 184
498 48 761
499 74 698
500 31 681
501 55 557
502 61 162
503 9 228
504 23 464
505 87 474
506 94 197
507 6 89
508 94 490
509 89 517
510 73 143
511 15 714
512 13 814
513 81 199
514 35 850
515 89 835
516 72 548
517 91 164
518 94 642
519 63 143
520 80 221
521 66 515
522 79 289
523 63 960
524 27 373
525 15 634
526 68 576
527 75 31
528 30 513
529 54 38
530 75 924
531 82 94
532 100 525
533 99 122
534 56 538
535 2 511
536 63 181
537 26 691
538 100 197
539 54 51
540 77 631
541 38 884
542 43 272
543 31 390
544 11 642
545 60 223
546 70 523
547 3 638
548 84 273
549 86 614
550 3 715
551 26 238
552 94 65
553 38 327
554 89 366
555 14 639
556 8 676
557 37 401
558 16 133
559 93 342
560 69 318
561 35 808
562 96 710
563 73 135
564 69 439
565 30 213
566 59 786
567 34 629
568 61 901
569 57 765
570 76 525
571 95 203
572 42 872
573 30 600
574 91 709
575 10 371
576 34 150
577 20 236
578 77 846
579 1 527
580 96 294
581 53 400
582 81 124
583 8 146
584 88 81
585 34 42
586 67 110
587 45 509
588 7 543
589 83 138
590 81 702
591 100 630
592 78 959
593 30 603
594 53 646
595 86 342
596 52 564
597 43 712
598 7 139
599 63 149
600 13 530
601 43 672
602 14 698
603 53 159
604 69 135
605 84 475
606 61 371
607 46 221
608 14 431
609 16 647
610 29 214
611 21 289
612 36 746
613 87 358
614 3 84
615 80 562
616 18 927
617 1 311
618 13 678
619 80 800
620 22 832
621 72 62
622 79 756
623 92 928
624 1 702
625 55 807
626 86 674
627 21 363
628 62 583
629 82 143
630 13 829
631 61 888
632 67 862
633 34 789
634 66 451
635 69 548
636 51 168
637 49 544
638 25 580
639 82 496
640 43 182
641 14 996
642 12 951
643 41 158
644 3 448
645 60 438
646 28 57
647 51 643
648 28 213
649 16 216
650 72 29
651 13 947
652 66 705
653 42 924
654 70 881
655 11 723
656 12 823
657 9 617
658 1 617
659 29 174
660 95 617
661 32 923
662 83 953
663 67 801
664 57 181
665 42 264
666 3 97
667 65 780
668 42 826
669 62 357
670 50 772
671 26 949
672 66 29
673 73 281
674 51 742
675 4 683
676 50 881
677 69 402
678 59 832
679 57 296
680 44 753
681 12 69
682 16 238
683 9 617
684 28 363
685 31 846
686 83 216
687 40 822
688 16 27
689 67 761
690 65 318
691 60 560
692 94 901
693 28 233
694 5 616
695 28 802
696 52 619
697 13 432
698 40 215
699 48 909
700 39 702
701 31 268
702 11 457
703 13 967
704 32 250
705 56 983
706 90 633
707 86 113
708 49 420
709 100 66
710 88 915
711 26 516
712 63 796
713 4 218
714 15 642
715 79 287
716 94 676
717 12 100
718 65 660
719 28 70
720 56 626
721 95 815
722 69 858
723 66 984
724 75 234
725 32 415
726 55 992
727 28 154
728 16 934
729 98 577
730 97 591
731 25 219
732 53 46
733 35 882
734 23 533
735 52 523
736 47 266
737 7 695
738 69 705
739 88 286
740 5 91
741 87 36
742 42 802
743 63 818
744 26 810
745 2 830
746 36 901
747 12 938
748 45 275
749 81 385
750 15 718
751 78 210
752 70 125
753 58 999
754 36 778
755 28 313
756 21 59
757 97 695
758 52 634
759 25 408
760 45 567
761 88 825
762 75 482
763 46 944
764 44 191
765 51 409
766 80 892
767 20 161
768 6 822
769 78 341
770 96 522
771 3 400
772 28 478
773 78 599
774 82 696
775 18 509
776 36 835
777 34 988
778 57 796
779 91 957
780 53 952
781 53 437
782 57 308
783 60 97
784 55 112
785 17 35
786 11 594
787 73 688
788 89 861
789 62 285
790 24 746
791 81 601
792 63 717
793 36 758
794 67 997
795 16 953
796 97 793
797 54 114
798 97 676
799 96 495
800 95 562
801 7 273
802 89 641
803 6 826
804 32 934
805 24 846
806 12 564
807 5 917
808 27 965
809 68 534
810 100 701
811 69 113
812 41 607
813 48 633
814 90 259
815 30 667
816 68 808
817 94 462
818 14 279
819 2 326
820 63 602
821 98 955
822 63 84
823 46 414
824 65 664
825 61 933
826 34 788
827 20 871
828 46 576
829 60 89
830 23 98
831 94 57
832 65 300
833 26 169
834 54 660
835 34 433
836 45 483
837 25 667
838 37 864
839 24 501
840 51 959
841 52 111
842 92 832
843 2 752
844 4 82
845 34 194
846 99 50
847 27 660
848 53 757
849 11 51
850 39 294
851 8 270
852 55 664
853 99 740
854 79 728
855 76 831
856 85 693
857 40 871
858 50 29
859 60 856
860 25 635
861 99 304
862 16 692
863 75 335
864 70 591
865 69 908
866 85 323
867 57 900
868 90 720
869 18 661
870 49 668
871 49 18
872 69 666
873 63 915
874 75 415
875 11 962
876 70 925
877 9 465
878 64 661
879 35 301
880 32 537
881 14 159
882 97 784
883 19 974
884 23 989
885 97 355
886 49 189
887 6 393
888 32 552
889 33 299
890 19 984
891 40 637
892 79 767
893 37 693
894 32 956
895 56 61
896 81 659
897 77 899
898 9 342
899 22 297
900 97 266
901 20 727
902 17 140
903 3 644
904 12 246
905 90 353
906 8 174
907 32 150
908 98 143
909 11 865
910 92 826
911 39 449
912 6 451
913 39 149
914 48 460
915 13 507
916 41 820
917 32 37
918 56 63
919 50 903
920 73 350
921 46 645
922 39 655
923 7 115
924 73 221
925 21 159
926 80 154
927 88 394
928 78 428
929 34 438
930 60 829
931 7 681
932 12 121
933 87 588
934 22 204
935 62 529
936 43 871
937 18 527
938 59 647
939 5 345
940 1 805
941 87 33
942 51 745
943 79 335
944 44 56
945 79 985
946 15 483
947 55 735
948 17 606
949 98 35
950 7 254
951 98 908
952 48 558
953 13 909
954 58 174
955 10 846
956 12 854
957 14 147
958 88 661
959 85 745
960 31 296
961 23 440
962 11 477
963 42 183
964 41 762
965 15 232
966 89 323
967 53 477
968 51 103
969 29 353
970 92 894
971 74 531
972 11 13
973 55 15
974 95 345
975 49 588
976 32 964
977 60 708
978 34 814
979 74 846
980 78 272
981 2 948
982 64 833
983 11 355
984 58 60
985 99 185
986 60 749
987 20 444
988 65 923
989 7 194
990 19 646
991 25 409
992 23 805
993 88 903
994 5 248
995 52 608
996 95 517
997 45 572
998 96 747
999 14 80
1000 67 160
1001 96 616
1002 54 433
1003 33 32
1004 74 377
1005 72 35
1006 69 357
1007 79 704
1008 54 125
1009 36 891
1010 25 765
1011 9 37
1012 35 615
1013 13 983
1014 39 464
1015 82 596
1016 35 480
1017 70 992
1018 23 542
1019 28 293
1020 87 943
1021 91 100
1022 53 505
1023 74 97
1024 10 237
1025 65 700
1026 72 554
1027 28 936
1028 7 304
1029 63 778
1030 83 850
1031 62 569
1032 53 497
1033 24 490
1034 8 682
1035 94 575
1036 84 214
1037 50 462
1038 40 666
1039 12 213
1040 23 298
1041 24 801
1042 91 640
1043 77 744
1044 38 821
1045 80 742
1046 90 259
1047 1 560
1048 75 381
1049 50 23
1050 51 935
1051 49 914
1052 45 786
1053 7 15
1054 14 912
1055 84 704
1056 92 309
1057 83 391
1058 84 116
1059 28 458
1060 25 150
1061 62 718
1062 81 102
1063 96 864
1064 71 807
1065 60 104
1066 97 596
1067 66 777
1068 83 449
1069 6 55
1070 31 129
1071 20 399
1072 95 755
1073 43 185
1074 67 730
1075 68 882
1076 2 667
1077 30 570
1078 78 206
1079 99 253
1080 7 755
1081 33 657
1082 54 681
1083 92 91
1084 75 744
1085 70 889
1086 21 891
1087 24 283
1088 77 828
1089 41 593
1090 11 997
1091 43 207
1092 79 573
1093 22 661
1094 74 477
1095 7 968
1096 24 255
1097 41 370
1098 64 14
1099 35 857
1100 68 556
1101 51 870
1102 76 258
1103 99 593
1104 53 556
1105 7 618
1106 36 224
1107 68 588
1108 78 235
1109 1 592
1110 39 322
1111 64 291
1112 25 624
1113 62 108
1114 22 911
1115 43 916
1116 24 353
1117 91 659
1118 79 600
1119 10 876
1120 23 383
1121 16 144
1122 20 823
1123 5 914
1124 70 492
1125 23 909
1126 46 365
1127 37 802
1128 52 585
1129 17 444
1130 87 341
1131 83 556
1132 34 480
1133 92 134
1134 49 516
1135 6 812
1136 12 965
1137 49 851
1138 65 976
1139 99 341
1140 59 91
1141 20 323
1142 66 971
1143 84 50
1144 68 740
1145 80 304
1146 78 358
1147 74 109
1148 9 265
1149 25 179
1150 94 28
1151 19 739
1152 62 878
1153 37 456
1154 26 606
1155 41 971
1156 59 151
1157 99 884
1158 57 639
1159 98 625
1160 17 563
1161 51 263
1162 38 642
1163 30 601
1164 35 270
1165 49 665
1166 26 112
1167 46 607
1168 69 309
1169 18 780
1170 98 399
1171 86 469
1172 59 382
1173 98 916
1174 77 404
1175 91 605
1176 85 906
1177 80 199
1178 85 57
1179 82 730
1180 40 263
1181 18 644
1182 32 580
1183 98 207
1184 45 123
1185 54 841
1186 42 53
1187 43 488
1188 36 774
1189 38 185
1190 91 664
1191 59 347
1192 99 571
1193 54 746
1194 54 728
1195 95 579
1196 24 511
1197 79 48
1198 36 267
1199 60 730
1200 56 907
1201 30 627
1202 47 995
1203 72 973
1204 89 67
1205 4 431
1206 24 579
1207 69 24
1208 49 393
1209 5 477
1210 19 711
1211 57 24
1212 54 235
1213 11 646
1214 32 244
1215 32 757
1216 22 620
1217 98 296
1218 53 280
1219 96 417
1220 47 145
1221 40 910
1222 53 496
1223 99 255
1224 35 168
1225 73 863
1226 30 671
1227 91 233
1228 49 220
1229 52 740
1230 71 625
1231 87 694
1232 82 703
1233 37 25
1234 59 321
1235 48 529
1236 36 398
1237 42 883
1238 60 492
1239 90 299
1240 16 895
1241 87 438
1242 30 633
1243 57 46
1244 28 744
1245 80 422
1246 21 432
1247 56 294
1248 85 507
1249 97 853
1250 80 845
1251 37 288
1252 81 379
1253 26 335
1254 67 909
1255 11 231
1256 44 567
1257 49 536
1258 71 186
1259 78 780
1260 36 465
1261 79 440
1262 87 338
1263 78 968
1264 20 968
1265 88 194
1266 3 656
1267 26 932
1268 67 76
1269 91 932
1270 67 136
1271 18 937
1272 11 371
1273 78 726
1274 80 720
1275 89 506
1276 13 264
1277 47 566
1278 44 212
1279 38 168
1280 39 583
1281 93 79
1282 90 883
1283 2 484
1284 67 661
1285 68 400
1286 95 801
1287 67 614
1288 58 398
1289 75 155
1290 58 751
1291 24 776
1292 98 238
1293 4 441
1294 29 914
1295 22 626
1296 24 79
1297 47 503
1298 69 136
1299 88 268
1300 3 570
1301 90 348
1302 60 35
1303 17 483
1304 24 722
1305 68 892
1306 9 648
1307 70 492
1308 72 987
1309 70 241
1310 13 330
1311 81 708
1312 42 505
1313 99 455
1314 31 520
1315 46 912
1316 29 204
1317 13 326
1318 37 758
1319 62 340
1320 21 510
1321 91 34
1322 61 18
1323 44 923
1324 20 648
1325 35 623
1326 17 915
1327 95 968
1328 94 658
1329 59 185
1330 63 241
1331 26 840
1332 25 350
1333 56 556
1334 11 69
1335 65 682
1336 76 684
1337 7 145
1338 94 577
1339 70 812
1340 7 680
1341 95 145
1342 95 756
1343 15 431
1344 47 942
1345 90 974
1346 36 993
1347 87 828
1348 63 756
1349 73 753
1350 54 368
1351 42 636
1352 92 223
1353 56 34
1354 31 118
1355 48 309
1356 32 926
1357 66 764
1358 22 393
1359 64 554
1360 77 41
1361 9 654
1362 49 143
1363 47 906
1364 74 80
1365 33 52
1366 59 935
1367 92 264
1368 25 738
1369 37 848
1370 38 401
1371 100 98
1372 56 911
1373 85 320
1374 42 891
1375 68 718
1376 74 248
1377 80 900
1378 47 191
1379 10 354
1380 13 466
1381 79 254
1382 40 612
1383 15 167
1384 77 507
1385 74 177
1386 62 83
1387 52 81
1388 3 227
1389 97 314
1390 8 486
1391 47 114
1392 39 810
1393 22 269
1394 73 144
1395 1 130
1396 69 263
1397 87 617
1398 18 789
1399 13 912
1400 7 903
1401 1 584
1402 78 511
1403 12 223
1404 49 755
1405 27 205
1406 50 342
1407 53 460
1408 98 661
1409 18 660
1410 91 558
1411 58 400
1412 12 759
1413 32 642
1414 20 155
1415 82 275
1416 50 539
1417 33 992
1418 17 676
1419 31 405
1420 13 859
1421 93 673
1422 20 538
1423 82 545
1424 92 775
1425 11 201
1426 90 198
1427 10 833
1428 20 799
1429 34 624
1430 27 330
1431 11 671
1432 43 251
1433 51 908
1434 87 183
1435 49 499
1436 26 526
1437 49 852
1438 88 335
1439 19 175
1440 44 996
1441 92 45
1442 86 254
1443 75 588
1444 46 620
1445 28 879
1446 7 294
1447 35 157
1448 60 864
1449 10 24
1450 43 665
1451 79 708
1452 59 491
1453 15 332
1454 18 636
1455 84 946
1456 100 979
1457 85 642
1458 10 559
1459 88 741
1460 51 42
1461 76 347
1462 61 686
1463 62 406
1464 44 966
1465 55 423
1466 83 785
1467 17 387
1468 100 392
1469 1 903
1470 18 689
1471 4 115
1472 74 871
1473 33 239
1474 61 610
1475 6 261
1476 15 495
1477 65 49
1478 62 101
1479 86 677
1480 82 112
1481 39 687
1482 69 386
1483 43 126
1484 46 783
1485 4 284
1486 91 537
1487 93 849
1488 96 958
1489 34 493
1490 20 637
1491 21 193
1492 66 338
1493 81 695
1494 52 348
1495 80 452
1496 56 198
1497 61 754
1498 59 438
1499 25 466
1500 4 568
1501 83 271
1502 44 640
1503 100 678
1504 92 857
1505 29 16
1506 79 185
1507 78 975
1508 14 774
1509 38 692
1510 43 864
1511 45 429
1512 94 228
1513 91 684
1514 68 518
1515 30 534
1516 6 784
1517 83 309
1518 99 817
1519 16 285
1520 75 625
1521 53 887
1522 98 820
1523 66 572
1524 21 343
1525 36 152
1526 26 579
1527 74 728
1528 33 574
1529 77 693
1530 67 914
1531 82 219
1532 74 342
1533 78 603
1534 31 421
1535 51 969
1536 72 934
1537 94 61
1538 4 543
1539 98 767
1540 12 209
1541 93 676
1542 68 232
1543 74 640
1544 51 464
1545 89 772
1546 15 118
1547 79 431
1548 98 109
1549 15 57
1550 55 798
1551 55 47
1552 85 690
1553 60 746
1554 85 30
1555 91 978
1556 43 81
1557 80 173
1558 100 286
1559 45 402
1560 81 90
1561 83 625
1562 16 26
1563 7 885
1564 53 578
1565 79 548
1566 7 247
1567 93 56
1568 18 430
1569 12 234
1570 94 422
1571 87 551
1572 45 539
1573 86 556
1574 32 141
1575 57 439
1576 30 818
1577 21 690
1578 30 754
1579 37 860
1580 18 603
1581 49 257
1582 13 603
1583 33 533
1584 20 890
1585 83 412
1586 14 718
1587 90 927
1588 54 724
1589 2 869
1590 97 769
1591 73 335
1592 93 719
1593 99 399
1594 2 853
1595 35 598
1596 90 447
1597 55 133
1598 10 615
1599 74 430
1600 91 180
1601 75 81
1602 33 579
1603 78 460
1604 32 362
1605 88 876
1606 100 584
1607 32 934
1608 29 571
1609 56 170
1610 36 119
1611 9 272
1612 63 360
1613 34 920
1614 53 54
1615 75 840
1616 72 664
1617 31 752
1618 22 794
1619 91 847
1620 100 760
1621 20 464
1622 71 55
1623 97 525
1624 19 243
1625 11 935
1626 4 372
1627 23 827
1628 77 551
1629 27 115
1630 14 653
1631 30 944
1632 42 379
1633 53 62
1634 60 226
1635 48 877
1636 64 521
1637 49 14
1638 35 477
1639 44 662
1640 76 357
1641 92 193
1642 53 913
1643 18 824
1644 69 704
1645 13 766
1646 85 738
1647 46 159
1648 29 203
1649 26 573
1650 31 602
1651 40 300
1652 37 116
1653 55 754
1654 49 754
1655 62 151
1656 31 566
1657 90 96
1658 51 766
1659 98 33
1660 30 719
1661 9 472
1662 24 419
1663 62 193
1664 27 721
1665 15 701
1666 41 973
1667 12 847
1668 23 996
1669 94 667
1670 47 768
1671 81 902
1672 58 850
1673 55 678
1674 23 311
1675 12 547
1676 53 214
1677 59 991
1678 19 720
1679 15 462
1680 89 196
1681 59 613
1682 80 530
1683 26 184
1684 75 545
1685 17 84
1686 60 785
1687 76 774
1688 60 311
1689 71 977
1690 45 248
1691 38 546
1692 59 629
1693 75 88
1694 6 747
1695 4 782
1696 88 668
1697 72 881
1698 53 598
1699 41 105
1700 48 145
1701 37 630
1702 50 931
1703 12 457
1704 24 32
1705 19 826
1706 100 60
1707 50 933
1708 29 126
1709 86 621
1710 27 306
1711 57 21
1712 2 86
1713 99 385
1714 37 465
1715 7 808
1716 43 792
1717 85 934
1718 63 322
1719 92 636
1720 17 484
1721 100 624
1722 22 108
1723 82 506
1724 62 404
1725 7 847
1726 30 632
1727 99 653
1728 39 85
1729 70 395
1730 26 795
1731 45 491
1732 52 113
1733 91 144
1734 30 110
1735 28 305
1736 38 114
1737 52 535
1738 44 514
1739 77 993
1740 96 474
1741 57 588
1742 8 986
1743 99 174
1744 5 987
1745 57 467
1746 96 903
1747 33 952
1748 81 430
1749 62 844
1750 48 233
1751 18 566
1752 98 640
1753 20 841
1754 4 983
1755 15 367
1756 48 880
1757 31 974
1758 69 255
1759 72 295
1760 10 264
1761 96 892
1762 38 480
1763 21 891
1764 58 691
1765 16 147
1766 4 557
1767 100 895
1768 8 955
1769 50 626
1770 100 655
1771 37 493
1772 84 925
1773 21 833
1774 43 422
1775 55 558
1776 68 887
1777 69 563
1778 99 938
1779 95 41
1780 16 845
1781 69 124
1782 41 389
1783 20 501
1784 6 668
1785 61 994
1786 27 891
1787 63 752
1788 34 638
1789 21 139
1790 62 936
1791 26 770
1792 47 663
1793 67 663
1794 63 849
1795 61 874
1796 12 863
1797 16 836
1798 82 905
1799 95 485
1800 58 809
1801 13 234
1802 12 320
1803 68 303
1804 92 89
1805 56 823
1806 32 375
1807 46 271
1808 3 881
1809 93 902
1810 88 923
1811 98 320
1812 6 649
1813 42 862
1814 25 486
1815 92 557
1816 76 843
1817 44 243
1818 40 153
1819 4 473
1820 23 839
1821 5 631
1822 41 418
1823 43 598
1824 75 570
1825 100 677
1826 64 878
1827 73 620
1828 88 675
1829 77 869
1830 18 348
1831 74 819
1832 63 341
1833 71 358
1834 52 282
1835 33 133
1836 30 554
1837 50 889
1838 75 315
1839 4 584
1840 12 599
1841 38 532
1842 80 420
1843 29 201
1844 70 993
1845 19 33
1846 39 104
1847 18 120
1848 47 666
1849 6 366
1850 47 868
1851 32 592
1852 88 478
1853 12 993
1854 80 99
1855 39 638
1856 81 808
1857 10 782
1858 84 492
1859 39 51
1860 82 24
1861 2 741
1862 26 777
1863 39 842
1864 100 502
1865 32 597
1866 35 346
1867 29 248
1868 64 105
1869 25 480
1870 94 10
1871 51 714
1872 50 876
1873 76 790
1874 4 528
1875 79 403
1876 87 773
1877 1 523
1878 91 17
1879 16 746
1880 19 495
1881 95 893
1882 18 355
1883 61 884
1884 6 949
1885 12 959
1886 63 118
1887 64 70
1888 93 54
1889 30 351
1890 59 708
1891 57 250
1892 5 121
1893 67 647
1894 26 330
1895 18 328
1896 18 16
1897 98 717
1898 26 228
1899 24 886
1900 38 420
1901 34 414
1902 10 199
1903 71 889
1904 33 637
1905 94 721
1906 23 765
1907 97 378
1908 10 890
1909 8 294
1910 53 684
1911 46 850
1912 16 371
1913 93 564
1914 80 693
1915 32 11
1916 53 703
1917 47 779
1918 7 198
1919 26 656
1920 59 607
1921 54 807
1922 46 603
1923 40 497
1924 22 97
1925 50 305
1926 8 897
1927 7 881
1928 80 617
1929 31 898
1930 8 162
1931 95 83
1932 43 205
1933 29 808
1934 99 754
1935 91 487
1936 17 788
1937 54 547
1938 28 990
1939 42 710
1940 82 325
1941 99 448
1942 61 124
1943 24 902
1944 84 51
1945 5 35
1946 100 107
1947 57 461
1948 90 463
1949 68 432
1950 14 268
1951 56 709
1952 100 416
1953 87 185
1954 53 612
1955 38 686
1956 50 941
1957 60 135
1958 13 721
1959 6 25
1960 53 270
1961 82 62
1962 43 351
1963 84 789
1964 55 209
1965 38 498
1966 12 269
1967 44 704
1968 35 624
1969 25 745
1970 82 891
1971 22 300
1972 37 783
1973 21 423
1974 78 717
1975 90 18
1976 85 139
1977 81 746
1978 22 994
1979 52 530
1980 65 675
1981 91 575
1982 16 581
1983 22 961
1984 26 482
1985 76 552
1986 46 688
1987 66 353
1988 75 428
1989 6 863
1990 64 44
1991 34 875
1992 12 738
1993 36 401
1994 9 868
1995 28 295
1996 20 259
1997 74 643
1998 19 505
1999 15 604
2000 84 533
1 276 72
2 329 61
3 209 93
4 424 57
5 437 27
6 113 30
7 439 41
8 178 92
9 418 75
10 223 72
11 386 25
12 479 12
13 460 47
14 382 35
15 251 64
16 170 74
17 408 46
18 359 34
19 231 70
20 155 63
21 178 97
22 426 95
23 469 95
24 277 33
25 174 52
26 500 67
27 133 21
28 427 14
29 404 81
30 209 30
31 175 52
32 468 11
33 497 25
34 325 19
35 298 34
36 249 27
37 113 23
38 418 74
39 108 54
40 146 96
41 345 28
42 102 60
43 242 48
44 357 71
45 370 58
46 216 27
47 193 40
48 131 20
49 272 79
50 237 79
51 244 73
52 390 35
53 448 29
54 391 78
55 496 71
56 481 52
57 359 10
58 240 66
59 295 84
60 420 10
61 314 25
62 456 90
63 457 39
64 309 47
65 414 48
66 474 98
67 329 44
68 228 25
69 493 58
70 400 70
71 347 76
72 417 14
73 134 83
74 128 60
75 132 78
76 303 74
77 212 69
78 221 35
79 279 91
80 483 80
81 446 31
82 468 97
83 217 55
84 223 90
85 460 46
86 106 80
87 444 10
88 314 33
89 423 15
90 362 32
91 485 14
92 400 85
93 224 65
94 321 49
95 302 80
96 141 72
97 152 19
98 487 51
99 214 35
100 439 28
1 89 598 911 1111 755
2 27 1019 929
3 19 1499 1991 1276 224
4 30 131
5 64 938 393 1234 766
6 39 1018 1266 1285 1019 1053
7 70 334 1902 1130 457 1942
8 15 1991 1402 566
9 51 474 1699
10 24 946 1069 471
11 17 828
12 9 1154 1223
13 66 433 338 1509
14 16 1169
15 17 366 1701 180
16 59 796 588 363
17 4 1602 927
18 24 227 171
19 11 1103 1135
20 21 1228 745 233 228
21 77 13 1300 1145 1404
22 36 797 259 1505
23 18 1803 561 1255 1065 1716
24 9 45 1998 1921
25 77 533
26 38 122 1861
27 34 724 760 1271 132 1159
28 49 977 835 307
29 30 1922
30 18 615 789 559 912 60
31 80 361 1323 101
32 40 816
33 90 28 1084
34 20 1885 1682 579 137
35 67 795 1952 1021 1123
36 40 909 1590 802
37 76 828 484
38 35 556 807 641
39 95 1526 392
40 17 43 1964 863
41 82 1776 297 933 114
42 1 1008 749
43 95 1623 1497 1486
44 62 1043
45 88 554 1742 1267 813 1932
46 97 547 1152 598
47 63 1764 1664 1355 1231
48 58 1325 1537 71 818
49 76 1326 512 420
50 27 152 93 614 1665
51 15 749 212 995
52 27 437 991
53 28 721 1020 1203
54 90 707
55 73 889 405 723 1218 978
56 43 1526 1054 1970
57 57 1284 1540 1816 834 802
58 34 1111 1281 1869 1437
59 27 1157 1489
60 49 298 880
61 26 284 1438
62 28 1411 124
63 92 1355 1022 1740 653
64 16 1988 1572 141 1891 1337
65 9 1370 1984
66 20 116 1930
67 47 563 1958 1743
68 18 1323 406 1810 466
69 43 1113 1764 15
70 26 206 720 1508 887 1462
71 86 1182 1267 679 872 1473
72 25 870 314 721
73 32 1303 1850 298 1320
74 85 278
75 29 1307 47 577 1548
76 90 255 592 361 1010
77 15 701 1483 791 1328
78 36 310
79 77 336 399 1351 1795 1312
80 71 201 1761
81 84 212
82 39 671 219
83 74 767 306 844 362 1417
84 49 1164
85 84 1950
86 100 988 785 75 738
87 75 1422 1668 1620
88 80 1237 1202 666 733
89 50 1778 1725 1275 826 1897
90 91 1339 1583 955 80 842
91 21 1481
92 73 1904
93 96 1701 329 702 556
94 45 1593
95 2 480
96 61 1813 852
97 97 1463
98 79 780 292 582
99 1 1588 364
100 77 413 813 1092 1244
101 33 1308 766 427
102 27 1281
103 1 1253 1591 1530
104 54 1064
105 83 133 1608 1836
106 60 1236 906
107 20 1654 1481 1061 1055 1605
108 92 1453 1881 460
109 77 152
110 55 546 1034 876 567
111 1 1023 590 1235 1041
112 77 1548
113 66 1861 1519 1884 1328 485
114 72 1799 767 349 223 1092
115 60 1389 483 1625
116 58 1594 1855 995 105
117 67 958 1503 542 1274 295
118 66 1981 1615
119 19 765
120 98 104 1234
121 89 420 549 1973 1329 154
122 74 321 1379
123 13 850
124 10 743 1583 581
125 19 623 1544 1160 1655 1594
126 79 1178 1094 1452
127 42 1039 1499 243
128 8 1680 142 1428 794 1207
129 95 475 110 438
130 20 1774 1365 1859 1560 193
131 54 1702 900 626 1327 1203
132 36 502
133 24 619 1298 1734 1491
134 3 1881 1934 991 1058
135 68 1164
136 53 116 537 856 1833 575
137 77 1977 812 1625 1534 326
138 24 1454 1755
139 3 70 1527 1801
140 55 1674 1717 932
141 65 1401 1408 751
142 22 36
143 57 335 1888 1171 329 320
144 94 250 94 326 1565
145 58 1795
146 37 1560 269 416 934
147 40 1913 1239
148 34 1408 1412 872 804 1672
149 43 420 351 790
150 90 872 1951 34 645 874
151 14 547
152 59 934 941 1820 1445 1730
153 7 1908 816 1850 1811
154 28 1010 1843 1793 1273
155 70 1473 1930
156 52 1009 1648 999
157 31 1729
158 88 192 611
159 81 1478 1382 719 1960
160 83 712 686 763 40 1530
161 46 1832 286 1207
162 91 1278 664
163 21 895 1393 1664 1384
164 1 1836 1763 1642
165 81 871 1660 1866 1334 686
166 83 2000 626 568 660 1051
167 59 1821
168 32 1985 502 451 1060
169 13 1441
170 92 386 334 1935 1818 1538
171 55 1002 1518 1467 1957
172 96 228
173 97 919
174 54 11 97
175 39 537 1976 368 199 1680
176 66 428 1485 1539 1532 518
177 24 762
178 35 586 855
179 11 162 1267 1682 568
180 41 576 595 1389 1329
181 64 250
182 15 1121 640 548 801
183 40 1759 139 572 1279 1918
184 63 1320
185 92 216 1192 314
186 7 1075 1358 670 65 781
187 25 1628 749
188 95 1158
189 83 1828 1135 824 1177
190 38 1088 1702
191 86 1780 512 1651 864
192 89 501 787 1615
193 39 578 1305
194 24 686 538 153 1646
195 16 1219 1568 1114
196 70 857
197 63 790 1500 573 43 167
198 65 1799 346
199 4 1454
200 83 1491 1310 779
201 78 703 1533 385
202 14 1911 794 269
203 66 1909 878
204 65 289
205 48 989 1528 976 677
206 54 1459 1971 419
207 70 1352 47 540
208 64 1337 1570 544 396
209 81 1050 571 1559 413
210 74 102 392
211 54 341 497 537 380 1157
212 68 96 277 1040
213 91 1056 1562 1677 1946 1685
214 33 1212
215 97 336 297 1896 1374 1044
216 5 1615 1522
217 6 299 1839
218 2 1023 804 1464 857 1902
219 75 1649
220 20 560
221 54 262 1806
222 44 164
223 5 953 1881
224 74 1165
225 30 604 130 968 311
226 5 1427 794 1196 1120 850
227 88 406 1003 1496
228 96 1387 1173 1294
229 88 795 475 1550
230 7 1811 1518 1862 1334 674
231 66 618 1705 222 1821 590
232 63 1464 671 918 1842
233 79 1002 1643
234 7 906 1457 1549
235 38 1787 491 1416
236 34 548
237 61 891 162 74 485
238 58 538 1120 549 1361 404
239 96 880 423 1156 647 317
240 83 304 1331 616 750 385
241 36 524
242 56 889 1876
243 99 22 1661 1080 946 1978
244 30 725
245 32 1819 1936 1457
246 88 1364 355 1174 727
247 89 779 1181 1989 1641 771
248 1 1615 870
249 92 54 1481
250 50 490
251 93 371 1703 150
252 77 1809 872 1946
253 88 895
254 76 1752 1840
255 13 1602
256 19 1033 351 231 853
257 89 1726 1950 1384 1392
258 3 1294 1146 1574
259 89 1669 819 327 426 451
260 22 1231
261 62 381 1589 1026
262 96 211 1254 1436 1501
263 82 1643 1427 407
264 10 1409 1850 1062
265 67 1116 1252 37 1184
266 33 1872 1934 332 1333 1320
267 13 1146 1088
268 45 594 484
269 38 1454 1287 314
270 56 290 14 394 1974 1719
271 28 864 1366
272 48 23 155 1366 521 69
273 73 1891 439 1826 1058
274 51 54 709 1103 957
275 1 896 1022 890 1318 219
276 91 1177 784 1142
277 55 158 220 1461
278 17 1838 1339 597 582 1459
279 44 36
280 7 471 947 1749 413 703
281 9 975 1760 1810 51 810
282 35 1626 1752 1841
283 24 501 1169 809 764 259
284 3 1068 851 775 853 308
285 3 1387
286 35 602 810 1908 1968 948
287 82 371
288 83 1129 922
289 4 661 1148 529 917
290 22 1101 1577
291 26 816 1387 1532
292 2 143 1257
293 96 541
294 67 871 592 1765
295 58 1754 76 1192
296 60 729 1397 459
297 60 1507 324 122 506
298 29 1031 188
299 27 224 1000 1845
300 35 604
301 92 1054 645 1451
302 77 1706 434 843 819
303 61 600 357 1560 1417 1083
304 1 1601 1582
305 80 1209 900 236
306 100 1140 1709 927 199
307 68 638
308 26 1715 952
309 22 196 141
310 47 924 262 736 1624 80
311 76 966 369
312 95 1721 763 1184 1706 1517
313 8 1550 1863
314 51 1548
315 12 154 1100 938 416 345
316 92 908
317 53 1322 1603 1327 975 605
318 10 505 34 117 1530
319 44 932 964 1781 760 738
320 63 1527 1988 305 541 1952
321 20 1644 344
322 85 759 1420
323 45 174 42 1631
324 1 1566 746 1017 1320
325 81 1361 856 46 1533 357
326 56 590 1094 1105 1514 1572
327 20 398 1584
328 70 1631
329 79 1078 1596 1701 1257
330 75 1228 347
331 12 423 1296 958
332 75 285 691 1360 1585
333 45 459
334 27 1797 1579
335 85 316 407 773 934
336 52 1239 272
337 11 1630 766 1442 486 1089
338 91 1876 1556 1852
339 7 1585 1697
340 93 1173 1121 1022 270
341 5 1010 547 748
342 7 1087 63 1683 905
343 60 865
344 48 1399 1914 504 924 712
345 99 1928 859
346 62 1693 339
347 30 465
348 95 1511
349 42 819 899 1332 502
350 10 121 1103 393
351 61 1359 202 1469
352 7 1022 513
353 18 346 1470
354 64 555 1238
355 16 1616 634
356 57 145 1940 1005
357 36 496 1730
358 10 1155
359 23 280 1286 1681 1837 1909
360 63 727 1557 808 1445
361 62 1940 182 948 247 1255
362 53 1990
363 55 1170
364 24 1324 1071 1073 304 30
365 18 1752 1063
366 25 1757 1334 1605 108 1716
367 3 1023 396 773 1726
368 85 152
369 98 1173 1619
370 86 1184 794 1708 1630 1390
371 35 1844
372 57 130 643
373 32 896 910 228 539 1879
374 35 183 1929 712
375 11 1920
376 96 476 1239 919
377 18 602
378 29 1258 854
379 72 1227
380 100 97 859 905 1707
381 45 1926 962 1636
382 60 14
383 67 18 1548 369 1996 933
384 65 1475 1943 737
385 31 1720
386 88 1470 319 523 1615 1691
387 95 444 289 782
388 96 1372 868 718
389 78 923 382
390 46 1217 100 1 1822
391 95 1683
392 59 1654 501 1362
393 31 1751 259 137 1182
394 57 201
395 65 71 57
396 45 1958
397 86 1650 1397 900
398 74 1828
399 81 1717 1628 1225 1929 1961
400 6 912 199
401 58 325 1678 812 1404 1071
402 69 116 419 1041 977 1943
403 24 322 87 1320 148
404 39 1149 609 1219 1234 1106
405 53 1126 1094
406 54 1129 444 899 1223 793
407 25 1069 638 1265 460
408 79 306 262 1888
409 42 1508
410 90 1879 1972 582
411 74 157 1534 8 411 1777
412 15 1272 917 1846
413 97 231 1445
414 79 91
415 33 963 1313 1421 736 1745
416 10 333 718
417 63 6 928
418 1 376
419 21 342 1510 1378 1068 538
420 10 872
421 89 1508
422 98 1181 301 1293
423 57 513 1770 1309 544
424 60 1656 1372 501 1124
425 85 1680 203 1492 1292
426 75 1249 1007 359 1094 1586
427 98 203 1509 830 1551 625
428 15 216 1886 312 1751 1816
429 93 895 1044 890
430 66 240 1879 1318 1381
431 81 1722 670
432 70 1102
433 52 1037 1477 108
434 72 108 250
435 60 914 920 401 1990
436 51 1398 955 876
437 83 852
438 50 1181 821 96
439 69 1773 612
440 65 671
441 46 405
442 30 797 975 622
443 83 749
444 66 1310 1708 263
445 36 907 1601 966
446 2 455 981 1714
447 27 1797 1270
448 62 1246
449 28 1458 893 1302 1119 599
450 56 1434 1601 974 378
451 96 1863 1849 500 1023 964
452 36 833
453 16 778 1525
454 18 1981 1567 524 301
455 23 1936 1552 445
456 68 797 1538 1727
457 53 477 594
458 80 965 1510 560 1665 1815
459 38 783
460 38 208 1221
461 94 443 12
462 8 489
463 99 265 1687 1408 731
464 49 168 507 1039 621 719
465 48 270 1749 463
466 42 968
467 19 399 1377 805 1520 130
468 50 1553 1681 938 1046
469 87 66 1160 1227 1183 1404
470 9 241 1842 156
471 23 1559 1623 177 582
472 6 716 603 644
473 38 538 736 97 617 6
474 62 1760
475 32 1071 987 930 1665 1408
476 13 750 719 985
477 68 1511 755 781 1465
478 32 1129 491 330 294 250
479 10 544 1895 1363
480 98 1160 559 1070 993
481 68 1927 1675 1567
482 15 703 1445 237 465 180
483 65 1821 172 345 1042
484 8 1504 903 1871 79
485 35 1760 1191 87 392 1226
486 39 1060
487 59 1896 1926 392
488 74 1738
489 27 240 44 11
490 47 921
491 13 1633 796 1756 728
492 64 1500 233 674
493 60 337 1272 736 1138
494 25 1044 1584 818 262 1713
495 52 1495 1229 1109 1441
496 81 675 174
497 19 1094 1403
498 51 183 1630 114
499 72 1806 1677 826
500 83 763 1606 1839 249
501 68 182 194 1985 141
502 86 1522 1458 466
503 84 517 326 296 1683
504 44 895
505 1 1339
506 1 1515 1737
507 18 592 360 89
508 77 620 1230 462 556
509 46 1398 746
510 51 1331 847
511 67 126
512 59 289 1395 665
513 68 1353 91 640 1243
514 41 1417 1440 1325 525
515 45 163 946
516 30 692 377
517 1 1331 601 786 1581
518 93 820
519 58 1897 1970 251 788
520 40 1302 13 1992
521 5 1470
522 1 310 661
523 75 1755 698 12 142
524 96 1081 1933 458
525 60 1117 801 502 1628
526 12 1189 343 87 1655 915
527 24 1603 180 1927
528 90 1411 1208 1462 1603 1053
529 55 1493 1697 346 1240 126
530 17 258 1907 1921
531 39 1911 1494 462 1839 1845
532 62 22
533 38 1591 429 147
534 57 1601 1904 1775 1269
535 100 1658 350 309
536 48 359 1220 247 40
537 80 219 1519
538 56 1795 512 152 798
539 18 364 1239 820 372 91
540 6 1659
541 31 558 1817 418 1885 310
542 71 936 72 1322
543 94 1541 1844
544 27 244 147
545 64 892 1966
546 74 1296 1350 1300 989
547 44 904 235 1717 453
548 97 1372 938 1265
549 25 1080 1006 74 1438
550 84 338 755 1907 1331 997
551 95 465 1945 673 1824 157
552 8 1419 979 1468
553 15 1304 1217
554 63 669 491 218
555 82 679 130 722 47
556 85 582 525 1777 1985 666
557 57 224
558 7 481 1679 1039 1380 1130
559 50 1418
560 56 1778
561 52 143
562 30 1215 1843 629 999 1741
563 43 424 1708
564 64 699 875
565 68 1927 714 1941
566 34 99 731 177 10 586
567 83 263 125 757
568 42 1229 8 599 932 302
569 95 603 1438 1897 195
570 74 1065 884 327 665
571 46 1423 472 904
572 51 1542 961 1033
573 58 1715 1238 790
574 25 448 1064 999 446 509
575 39 1214
576 12 1798 1132
577 74 1288 1396
578 80 1195
579 51 770 709 380 1718
580 42 1295 18 372
581 24 1756 784 1016
582 11 562 150 1828
583 62 1565 1715 1641 411
584 1 1854 1668
585 73 1859 1691
586 54 379 1128 822 825
587 46 769 730 1213 1845
588 44 603 872 1390
589 69 388
590 74 1606 1003
591 1 1590
592 15 1254 1193 401
593 82 1267 250 1087 1387
594 9 674
595 58 976 748 1783
596 94 818 1508 1954
597 76 651 1110 1183 1141 571
598 97 211 384 442 1445
599 2 390 1453 1882 923 1105
600 3 1342 1370 860 1743
601 63 1188
602 43 701 1199
603 81 937
604 38 1398
605 28 953 1961 100
606 73 1381 1562
607 74 1081
608 5 10 1848 1285 208 1816
609 87 78 1224 42
610 98 1131 477 468
611 21 1488
612 40 1116 1662 1989 608
613 32 338 701 1767 149
614 30 1957 457 459 1565
615 3 1091 71 327 1505 1948
616 99 149 1163 538
617 73 1752 1253 916 485
618 99 178 835 1786
619 99 1435 994 726 793
620 91 1575 996 174 709
621 41 1170
622 29 923
623 78 227
624 12 289 1555 393
625 55 1346 953 909 941
626 35 981 551 1334
627 39 1735 874 743
628 74 146 1056 540 745 1508
629 26 958 300 777
630 48 171 1843 308
631 51 928 197 1061
632 50 488 1271
633 22 1176 1024 1128
634 42 186 341 715 1628 1742
635 60 1038 1998
636 7 1377 1996 1675 1127 1823
637 71 62 295 160 363
638 95 991 1290
639 90 723 656 1765
640 22 461 94 528 1542
641 86 1508 528 205 867
642 19 1595
643 88 1524 1852 1132 546 447
644 62 1665 1930 1918 1633 910
645 48 1752 746
646 61 1139 1818
647 69 138 119 1034 1988 1493
648 28 1906 163 1718 1069
649 93 1996 796 936
650 23 24 390 891 1626 1790
651 53 827 557 1729 652 236
652 43 1068 1215 1708
653 96 1543 704
654 19 616 1560 972 1644 717
655 37 1422
656 25 1501
657 96 1139
658 100 990 1839
659 86 1583 1031 1431 440 840
660 9 901 733 1429 1379 1304
661 11 451 870 1315 557 979
662 33 867 445
663 19 1359
664 96 1934 1655 618 1527
665 5 1993 744
666 83 747 728 414 200
667 29 671 384 1077
668 14 165 54
669 7 1247 170 374 965
670 97 1588 1336 1517
671 2 1485 297 255 924
672 45 122 478 243 1712 1524
673 64 1300 202
674 4 1385 786 1741 1669
675 49 1747
676 3 638 247
677 76 1400
678 38 1840
679 82 283 688 1999
680 77 812 1074 1382 526
681 36 840 194 50 764
682 22 216 401 711 616 1953
683 44 659 1409 1083
684 79 919 549 1819 665
685 7 1556 1553 1943 1316 1486
686 58 654
687 16 404 455
688 7 353 20
689 47 82 337
690 13 990 1296 996
691 88 1879
692 90 1385
693 23 686 768 338 1185
694 49 160 1183 897 1172
695 12 1665 1429 775
696 100 32 1686 330
697 46 558 1813
698 76 1229 1059 1939
699 46 927 44 1208 594
700 15 1212 414
701 13 1356 138 567
702 89 1503 736 1439
703 19 626 1129 1263 1176
704 56 1259
705 66 1361
706 8 835 472
707 54 848 353
708 73 442 1105
709 55 1235 1631 1504
710 98 1122 603 365 1408
711 76 1721 885 211 687
712 80 1311 1496 221 958
713 91 655 1511 644
714 60 28 1551
715 44 970 667 117 1871 1439
716 13 871 1947 1504 669 401
717 76 304 665 1576 1510 1626
718 84 1131
719 55 149 1199 1330 700
720 56 1224 1802
721 19 272 1030 1092 919
722 95 346 766 32 1001 999
723 9 1748 241 913 103 1457
724 66 1877 1936
725 63 1852
726 81 1900 1755 444
727 79 609 593 1656 787 704
728 34 1063 1220 552
729 75 1454 456
730 63 1966 563 1661 478 1637
731 100 1452 555 1111 1333 628
732 30 1608 1088 819 1576
733 98 1472
734 77 253 248 1464 1346 1327
735 34 1916 1708 1413 28
736 23 1091 138 1197 1883 665
737 67 1406 1163 651 1490 1769
738 99 252 1432 20
739 47 1934 1662 59
740 23 852 209 248 1845
741 65 915 7
742 48 438 1439 96 1740 788
743 65 1392
744 98 834
745 12 31 959
746 67 1702 1309 1216 619 559
747 24 1854 799
748 34 133 1833 1430
749 1 1648 915 1214 856 392
750 19 336 904 858 1791 683
751 2 328
752 14 1528 1561 1344 828 898
753 96 605
754 51 505 1751 894
755 38 1542 1757
756 93 1240 1426 1803 424
757 71 1991 50 1584 1384 1202
758 88 1684 555 715 1979
759 96 1672 768 207 493
760 99 1693
761 18 308 36 129 1356 1826
762 78 501 506 1179
763 6 1734 1430 1823 358 1677
764 57 1560 1975 693 1759 249
765 58 1404 884
766 94 574
767 36 259 1058 1362 489 1994
768 51 1426 52 1287
769 72 969 821 1452
770 39 1958 164 360 804
771 76 1519 551
772 46 1847 1249
773 37 870 1177 1465
774 79 293
775 29 705 1393 1014 1400
776 52 355 89 359 214 296
777 85 1610 1387 1212 922
778 88 1947 292
779 99 559 1797
780 10 1050 904 148
781 41 513 1251 248 1352 1830
782 51 1464 96 1043 920
783 27 886 457 730 485 650
784 7 698 230
785 75 1730 534 616 1346
786 16 555
787 100 1947 1836 1294
788 42 1319 1012
789 9 744 1420 674 1947
790 73 1845 1274 875
791 4 198 1414 1316 21 1559
792 9 1833
793 38 1219
794 62 116
795 36 338
796 38 572 1846 112 156 1378
797 91 950 689 1800 1898 464
798 83 164 1588 1981 888
799 22 407 1170 1772 1959
800 96 628 521 1630 1758 82
801 16 940 1641 1724 1248 442
802 42 485 1710 715 854 1077
803 91 1497 162 1595 1037
804 10 1955 568 1019
805 22 934 1467
806 93 372 926 839 733
807 86 1812
808 97 1502
809 48 759 345 95
810 1 924 1817
811 78 1970 1072
812 80 1109 869 913 248
813 56 824 52 878 500 675
814 67 344 1250 912 951 1755
815 81 1128
816 30 1136 1697
817 82 1811 879
818 91 463 1352
819 8 417
820 89 1516
821 8 1455 1308 806
822 49 482 1524 998 1503 1452
823 2 597
824 54 240 817 201
825 11 1724
826 92 1209 1329 80 1587
827 60 773 1170 1547 898 149
828 43 638 746 1366 1506
829 17 37 939 500 1054 1877
830 15 1565 558
831 13 165 1504
832 81 1318 1149 367 864
833 42 1176 1634 756
834 34 1361 256
835 75 487 1657 1113
836 86 268 615 1477 1052 146
837 36 1867 1919 1775 816 1873
838 37 1412 1386 917
839 64 670 1361
840 15 252 1772 986
841 69 1447 496 643 1596 120
842 100 1916 1666 806 623 892
843 93 1991
844 22 1270 831 1929
845 92 1275
846 85 1052 719
847 37 1766 1827 917 1867
848 84 432 100 878 686 697
849 38 844 292 1500 1091
850 89 805 446 683
851 60 930 1761 511 1834 1873
852 57 1798 73 262 1641 1902
853 29 530 1502 114
854 96 1044 1509 1396
855 69 1784 1039
856 51 1890 200 261
857 63 1269 1737
858 70 97
859 93 1211 136 1725 1813
860 38 878 1821 745 739 1590
861 52 1635
862 22 1538 317
863 85 1067 1979 608 1464
864 70 603
865 89 1435 1895 865 1806
866 60 1720 760 1147 1464 533
867 11 670 1042 857 811
868 9 1992 1864 1558
869 14 1107 1381
870 29 534 526 1839
871 6 273 553 1119
872 45 318 956 578 192
873 37 12
874 45 1223 685 477 1291
875 90 1220
876 91 1314 220
877 19 748 1541 1926 1140 606
878 58 426
879 62 759 918
880 49 654 855 473
881 18 1643 1493 1102
882 80 393
883 98 215 1230 1121 707 1060
884 81 1466 1020 1807 1475 1904
885 3 1725 1174 208
886 68 1688 1464
887 17 446 1561 594 1654 1551
888 66 1626 1274
889 81 1044 1805
890 77 1830 995 850 1325
891 7 1013
892 57 368 1340 1142 1855
893 44 1094
894 100 500
895 82 754
896 36 528 1027
897 41 1948 1671
898 40 154 145 172 37 713
899 93 1551 159 156 1981
900 93 1711 617
901 79 1437 1318
902 86 915 1132 612 975 1273
903 71 316 105 1145 425 1638
904 72 1225 1483 1179 278 91
905 69 502 1202 1475
906 78 1590 641
907 50 1468 369
908 73 705 683 1803
909 98 1788
910 62 204 435 762
911 52 319 590 137
912 4 1511 129
913 74 1334 396 1940 1212 987
914 87 1539
915 57 577 1321 256
916 26 37 765 1984
917 6 1140 906 1168 734
918 1 1511
919 69 1815
920 90 1388 1040 94 1503 818
921 44 952 795
922 34 1393 178 119 1039 559
923 3 1563
924 16 1300 1788 1906 1336 547
925 25 270 855 360
926 58 1338
927 29 538 1216
928 19 1395 314 1167 1688 610
929 39 1503 336
930 26 1489 1567 787 1035 793
931 38 1934 367
932 37 469 1560
933 56 465
934 63 810 71 1018 1990
935 73 1605 777 808 131
936 25 1161 1196 1850 1732 529
937 45 1425 1794
938 70 146 200 1300
939 64 827 1216 1494
940 60 552
941 51 103 122 5 1218
942 34 713 776
943 1 691
944 42 1737 1596 1236
945 2 255
946 37 1686 145
947 7 693
948 78 1754 1542 204 1795
949 52 532
950 72 1739 687 1259 955 793
951 56 66
952 22 528 1497 1930 89
953 52 340 1601 1379
954 85 441 235 852
955 37 345
956 61 718 1940 701 1215 1707
957 42 1804 1530 1122
958 39 406 1997 858 1914
959 92 1364 380 843 938 787
960 5 1708 795
961 17 861 741 1743 1589
962 35 545 450 1691
963 17 1021 608 1529
964 76 1294 1622 1436 870 1428
965 71 919 1951 852 535
966 14 1457 264 179
967 40 263 1459 670
968 78 456 1518 884
969 32 797 1630 501 1733
970 43 556
971 18 754 160 1441 373 411
972 85 492 476 644 41
973 93 1154 171 957
974 70 1896 1869 511
975 98 1433 82 300 891
976 43 1816
977 16 1858 803
978 64 1136 1752
979 73 1742 1539 1462 546 1047
980 48 1649 898 1135 1643
981 43 108 10 1160
982 42 512 1088 1228
983 60 1610 516
984 63 536
985 95 542 1522 1826
986 63 1521 321 234
987 53 1280 1875 753
988 8 1033 1668 1927 1654
989 99 398 1681
990 31 895 1035 156
991 39 1192 501 931 714 1679
992 26 1520 1023 1374 305
993 89 110
994 28 1517
995 54 1774 1293 1414 981 1563
996 81 1764
997 61 791 1699 239 415
998 63 1730 1218
999 68 1885
1000 18 1382 621
