500 50
1 17 995
2 18 397
3 10 662
4 23 130
5 17 96
6 6 565
7 20 585
8 18 709
9 47 266
10 33 630
11 27 838
12 13 883
13 28 37
14 26 871
15 11 47
16 4 240
17 31 846
18 41 530
19 1 554
20 36 517
21 24 497
22 16 210
23 41 343
24 22 859
25 7 221
26 23 979
27 50 71
28 48 252
29 4 230
30 31 892
31 18 333
32 3 239
33 2 580
34 49 281
35 46 574
36 1 84
37 18 787
38 26 149
39 45 586
40 7 910
41 35 44
42 27 632
43 25 647
44 20 465
45 8 602
46 11 191
47 48 468
48 21 913
49 27 347
50 4 173
51 13 366
52 42 86
53 20 785
54 27 63
55 43 708
56 49 639
57 1 312
58 29 204
59 34 731
60 42 308
61 5 172
62 8 910
63 18 737
64 36 129
65 2 255
66 20 470
67 24 492
68 23 716
69 46 954
70 42 304
71 1 398
72 6 255
73 6 742
74 2 298
75 34 239
76 1 378
77 4 532
78 43 709
79 17 157
80 50 196
81 38 906
82 27 360
83 20 742
84 5 786
85 40 429
86 23 22
87 37 374
88 27 950
89 3 714
90 49 417
91 31 330
92 46 400
93 12 401
94 6 146
95 47 309
96 32 558
97 28 527
98 44 149
99 18 24
100 49 584
101 22 28
102 48 258
103 45 384
104 50 872
105 15 574
106 25 462
107 15 189
108 1 797
109 6 157
110 18 94
111 24 953
112 11 371
113 47 839
114 14 88
115 1 923
116 3 161
117 5 729
118 7 957
119 36 83
120 38 75
121 34 281
122 12 636
123 49 38
124 46 855
125 44 103
126 3 623
127 43 271
128 44 191
129 34 980
130 2 691
131 19 669
132 40 658
133 38 419
134 30 402
135 15 578
136 48 362
137 28 318
138 50 63
139 42 24
140 20 917
141 30 145
142 23 624
143 6 926
144 31 158
145 7 984
146 28 598
147 2 842
148 41 902
149 21 331
150 2 489
151 13 288
152 19 672
153 6 931
154 40 652
155 36 207
156 10 884
157 27 596
158 44 323
159 17 916
160 42 501
161 10 89
162 18 152
163 11 768
164 40 436
165 17 625
166 45 506
167 26 255
168 4 644
169 49 342
170 28 38
171 6 989
172 41 80
173 36 802
174 47 243
175 6 573
176 2 440
177 5 240
178 38 985
179 13 25
180 12 247
181 19 176
182 36 665
183 19 924
184 31 687
185 24 23
186 47 689
187 39 962
188 33 88
189 50 345
190 16 468
191 33 325
192 38 302
193 22 21
194 48 310
195 13 701
196 31 210
197 22 567
198 39 287
199 9 407
200 47 691
201 9 730
202 32 608
203 40 891
204 23 41
205 18 649
206 41 260
207 14 259
208 41 661
209 10 542
210 40 500
211 36 932
212 50 82
213 4 364
214 38 959
215 47 729
216 44 835
217 18 681
218 7 623
219 25 232
220 12 861
221 28 731
222 12 927
223 48 875
224 12 92
225 16 497
226 15 304
227 37 925
228 42 806
229 40 814
230 23 158
231 35 114
232 40 323
233 50 442
234 22 180
235 38 773
236 43 937
237 33 120
238 41 480
239 32 979
240 23 433
241 50 643
242 42 289
243 41 979
244 41 377
245 40 717
246 44 882
247 11 887
248 39 194
249 3 624
250 4 450
251 35 328
252 25 597
253 47 759
254 47 239
255 20 905
256 13 912
257 44 218
258 6 154
259 21 968
260 19 234
261 46 902
262 32 653
263 7 813
264 30 17
265 36 443
266 14 417
267 23 868
268 45 399
269 5 465
270 35 337
271 26 553
272 8 693
273 8 728
274 40 40
275 46 835
276 22 307
277 49 30
278 43 361
279 12 269
280 29 513
281 47 665
282 38 790
283 18 857
284 28 909
285 48 67
286 5 985
287 8 588
288 24 146
289 45 356
290 22 202
291 33 987
292 13 609
293 2 391
294 2 289
295 35 853
296 13 623
297 1 145
298 41 38
299 20 957
300 50 771
301 46 910
302 17 412
303 38 307
304 39 603
305 14 356
306 20 183
307 25 981
308 50 806
309 47 660
310 29 710
311 5 834
312 15 374
313 37 333
314 43 951
315 36 808
316 40 632
317 25 807
318 49 317
319 25 982
320 9 255
321 21 704
322 50 341
323 1 575
324 30 893
325 10 260
326 38 988
327 11 535
328 8 602
329 25 808
330 43 869
331 12 666
332 25 371
333 10 66
334 13 559
335 44 154
336 15 135
337 6 46
338 28 575
339 24 973
340 26 630
341 1 365
342 28 940
343 17 50
344 30 349
345 6 290
346 41 939
347 17 982
348 47 666
349 4 728
350 36 441
351 14 391
352 7 389
353 12 187
354 46 684
355 34 817
356 46 896
357 41 868
358 23 296
359 3 965
360 45 959
361 26 625
362 15 911
363 48 933
364 8 237
365 10 329
366 27 228
367 42 680
368 46 616
369 26 82
370 19 746
371 23 299
372 39 506
373 28 993
374 17 533
375 50 330
376 21 702
377 18 925
378 43 949
379 44 558
380 44 471
381 1 344
382 10 630
383 22 700
384 5 582
385 3 667
386 35 387
387 19 702
388 24 533
389 42 956
390 45 727
391 34 613
392 30 710
393 9 467
394 45 130
395 32 966
396 45 255
397 22 649
398 17 711
399 22 258
400 41 14
401 15 577
402 39 345
403 17 469
404 29 450
405 26 393
406 19 629
407 49 520
408 19 247
409 15 426
410 5 45
411 33 743
412 32 678
413 31 736
414 20 337
415 24 548
416 12 422
417 22 600
418 42 387
419 50 416
420 29 729
421 46 172
422 36 894
423 27 816
424 32 441
425 8 20
426 50 159
427 43 236
428 26 699
429 27 872
430 11 256
431 46 460
432 1 585
433 5 57
434 32 533
435 32 772
436 19 304
437 37 142
438 1 398
439 2 690
440 1 494
441 32 985
442 20 648
443 10 16
444 30 104
445 5 278
446 19 762
447 13 719
448 49 705
449 47 392
450 1 405
451 32 90
452 19 774
453 3 483
454 49 816
455 33 485
456 4 828
457 31 644
458 1 390
459 20 193
460 43 657
461 17 591
462 1 746
463 32 887
464 4 666
465 5 817
466 12 674
467 9 628
468 49 844
469 47 122
470 8 695
471 38 120
472 27 145
473 14 179
474 24 683
475 11 860
476 26 642
477 5 765
478 7 49
479 32 745
480 49 593
481 1 259
482 40 174
483 4 431
484 26 237
485 48 449
486 35 93
487 29 96
488 25 849
489 19 43
490 6 619
491 3 135
492 41 387
493 47 244
494 3 648
495 16 137
496 28 58
497 2 154
498 3 301
499 40 265
500 36 511
1 217 28
2 122 68
3 491 82
4 137 39
5 430 54
6 185 51
7 260 53
8 368 78
9 143 69
10 224 94
11 342 73
12 376 92
13 391 33
14 433 95
15 251 37
16 235 44
17 112 30
18 467 70
19 365 81
20 488 49
21 495 80
22 250 95
23 403 75
24 471 89
25 269 24
26 192 39
27 177 78
28 311 51
29 498 24
30 370 50
31 325 27
32 335 97
33 268 60
34 192 25
35 424 48
36 285 38
37 148 96
38 215 92
39 238 53
40 384 75
41 212 58
42 484 30
43 216 13
44 309 52
45 434 79
46 486 88
47 402 23
48 221 72
49 458 54
50 253 66
1 5 9 219 200 259 247
2 15 247 161
3 48 80
4 25 410 117
5 44 74 195 155 44
6 42 68 444
7 28 228
8 48 465 40 495 414
9 6 248 500
10 47 437 183 167
11 15 453 412 151
12 15 205 301 182 206 407
13 27 257 353
14 5 447 450
15 13 11 54
16 45 156 367 400 159
17 41 473 459 109 474
18 8 61 200 127
19 28 50 33 428 126
20 15 215 367 301
21 15 21 274 408 475
22 18 17 93 194 131 129
23 5 494 444
24 34 319
25 19 14 239
26 41 194
27 35 130
28 6 420
29 9 479 16 360 200
30 32 174 441 67
31 25 157 331 119
32 28 74 492 497
33 12 36
34 16 190 358
35 1 325 483 90 424
36 33 218 147 227 145
37 32 287
38 43 208 3 290 422
39 38 26 227 243
40 2 312
41 18 19 483 485 451
42 15 182
43 34 201 242 85 217
44 44 144 31 122 374 433
45 25 283 271 135 474
46 31 155 266 402
47 45 31 344 443 270
48 5 255 424 82
49 19 19 148 490 171
50 33 170 428 253 111
51 45 201 292 449
52 27 281 45 184 12
53 45 477 365 83 109
54 12 413
55 1 19 351 33
56 39 382 366 164 196
57 24 133
58 27 381 448
59 38 142
60 28 172 232 207
61 47 191
62 18 80 284 274 275 169
63 30 308 338 490 439 452
64 13 190
65 37 291 436 208
66 6 332 219 474
67 13 252 165 161 57
68 1 431
69 44 411 248 330 487 452
70 17 310 227
71 48 429
72 4 431 418 122 146 73
73 34 434
74 6 149 406 456
75 34 381 349 231 125 356
76 17 375 228 241 325
77 10 89 8 67 264
78 2 171 117 164 23 295
79 15 265 193 309 289
80 48 483 200 78
81 38 326 305 467
82 45 448 62 474
83 44 114 261 326
84 32 75
85 19 164 222
86 24 450
87 16 159 112 171 246
88 17 306 296 161 22
89 45 273 329 264 36 448
90 50 161 33 246 443 330
91 14 256 251
92 3 238 284 129
93 34 131 352
94 11 416 49
95 41 271 479 422
96 21 408 111
97 43 409 416 23 457
98 5 137
99 19 446 478 248 193
100 6 335
101 22 275 202
102 1 11
103 13 388 215 439 377 375
104 39 423 331
105 29 122 130
106 35 1 239 444
107 37 316 190
108 43 37 170 214 319 31
109 17 490 485
110 18 438 20 249 166
111 48 264
112 1 487 429 447
113 26 430
114 16 188 75 38 90 373
115 41 383 222 200
116 50 24 284
117 31 39
118 5 386
119 15 208 311 93
120 6 217
121 7 421 86 477
122 6 160
123 25 153 175 157 476 232
124 12 488 494 156 322 109
125 22 221 165 189
126 20 402 192 359
127 25 110 193 185 255
128 42 276
129 19 65 380
130 3 497 450
131 32 165 443 233 293
132 37 65
133 22 412 475 145
134 3 151
135 9 304 4 106 225
136 40 327 382 188
137 28 114 423 265
138 24 264 102 327 164 42
139 9 89 434 371 235 115
140 21 234 236 276
141 24 226 457 202
142 38 313 4 430 468 197
143 9 459 108 13 359
144 45 32 81 295 381
145 7 372 477 352 159 25
146 40 341 165
147 43 349 476 448 269
148 26 19 243 153 192 47
149 12 163 421 497
150 31 435 169 323 185
151 25 176 122 412 468
152 49 367 418 31 111 5
153 15 146 5
154 46 477 65 424 327
155 42 88 38 427
156 43 499 418 438 254 279
157 44 388 148 228
158 10 399 27 297 278
159 33 190
160 26 410
161 2 262 378 86 435
162 19 65 145 477 277 288
163 6 307
164 31 415
165 8 351 216 425
166 31 202 313 118 117 213
167 22 112 202 359 346 73
168 28 224 364 393 472
169 49 471 429 316 258
170 31 227
171 22 342
172 33 222
173 46 291 477 332 184 190
174 48 22 169
175 12 182 372 412
176 1 30 413 261 478 273
177 21 59 102 389 109
178 41 203 403
179 42 327 275 51
180 12 49
181 46 32
182 9 217
183 9 286 181 292
184 33 454 303 384
185 11 403 452 363 428 293
186 42 419 238
187 11 475 16
188 2 457 419
189 35 231
190 36 151 403 230 130
191 19 119 128 360 449 312
192 2 145 265
193 21 435
194 18 229 125
195 14 369 474 273
196 39 63 59 174 466
197 49 63 252 381
198 12 141 98 225 266 228
199 32 412 420 470
200 16 120 240 160
