101 100
1 85 141
2 47 590
3 99 766
4 31 802
5 35 818
6 41 270
7 55 89
8 3 210
9 90 801
10 22 42
11 74 802
12 19 286
13 76 619
14 71 350
15 72 105
16 72 324
17 79 358
18 72 407
19 37 170
20 85 958
21 43 660
22 42 542
23 31 393
24 73 182
25 99 905
26 24 350
27 54 626
28 88 306
29 58 120
30 50 602
31 75 787
32 21 849
33 60 534
34 59 639
35 84 688
36 19 571
37 42 760
38 42 257
39 81 95
40 55 380
41 7 956
42 98 877
43 29 887
44 23 405
45 56 375
46 92 466
47 54 685
48 9 451
49 9 372
50 71 175
51 16 694
52 16 495
53 89 597
54 68 786
55 40 942
56 85 863
57 73 753
58 37 374
59 2 166
60 16 566
61 34 265
62 75 82
63 7 114
64 66 840
65 39 183
66 64 961
67 47 853
68 65 149
69 89 462
70 14 860
71 85 264
72 66 783
73 34 219
74 22 322
75 85 722
76 30 955
77 65 633
78 12 69
79 45 821
80 34 481
81 1 233
82 6 140
83 88 459
84 81 282
85 38 756
86 75 806
87 46 471
88 70 650
89 44 153
90 58 216
91 51 281
92 84 920
93 72 612
94 47 306
95 6 823
96 2 787
97 94 329
98 4 576
99 88 86
100 28 253
101 32 343
1 279 18
2 298 47
3 434 11
4 153 56
5 177 100
6 386 24
7 467 57
8 101 69
9 333 88
10 289 92
11 116 53
12 201 78
13 413 58
14 371 90
15 324 33
16 229 42
17 407 74
18 180 13
19 362 78
20 443 21
21 386 82
22 105 95
23 408 42
24 487 19
25 259 69
26 316 28
27 477 68
28 155 89
29 366 23
30 181 25
31 422 46
32 112 34
33 316 27
34 140 61
35 256 87
36 101 81
37 343 12
38 124 61
39 391 71
40 418 35
41 428 61
42 494 26
43 390 63
44 149 31
45 303 75
46 282 54
47 357 62
48 440 43
49 473 16
50 215 42
51 200 21
52 333 62
53 343 47
54 482 44
55 130 25
56 284 63
57 457 10
58 360 100
59 302 42
60 332 69
61 276 60
62 315 11
63 291 48
64 467 95
65 207 98
66 343 89
67 262 93
68 198 68
69 122 82
70 172 91
71 353 32
72 168 89
73 351 88
74 374 48
75 396 80
76 180 81
77 468 35
78 222 85
79 166 47
80 240 96
81 410 14
82 292 18
83 345 71
84 422 20
85 240 58
86 155 97
87 182 84
88 463 43
89 370 20
90 288 83
91 495 64
92 237 37
93 471 40
94 300 78
95 302 96
96 285 59
97 126 30
98 192 31
99 277 48
100 468 84
1 36 92
2 97 9 35 61 21
3 67 34 96
4 33 13 65 42 98
5 38 6 4 15 36 17
6 41 7 57
7 87 34
8 79 9 93
9 50 53 58 67 64
10 27 45 47 55 79
11 79 35 25 44 41
12 32 59 61 14 38
13 1 18 73 3 24 45
14 90 39 85 76 38 33
15 63 82 25 68 80 38
16 97 9 4 100 5 25
17 61 9
18 53 84 3 72 96
19 31 7 27 12 37
20 78 53 56 11
21 34 20
22 24 26 47 16 2 59
23 60 62
24 44 59 94
25 11 94 62 61 34
26 63 97 96
27 36 10
28 92 81 93 50
29 66 70 13 14 88
30 66 93 44
31 4 91 99 50 97 60
32 63 27 60 98
33 3 4 60 77 37
34 51 101 10 97
35 75 28
36 23 12 79 81 91 30
37 59 99
38 46 14 12 7 60 64
39 58 29 31 71
40 48 3 45
41 26 27 55 5 88
42 22 78 52 26 23
43 91 24 50 97
44 45 67 29 30 84
45 72 4 28
46 22 39 33 54 73 79
47 15 77 45 49 83 34
48 75 29 63 58 13
49 14 38
50 30 43 89 15 22 47
51 52 42 25 90 77
52 26 35 77
53 76 29 54 10
54 22 72 38 10 62
55 49 90 8 41 85
56 55 22 81 7 53
57 44 63 12 30 28 54
58 36 100 65 68
59 89 34 101 87 19 37
60 72 96 95 70 80 60
61 57 18 68 17 32 2
62 74 84
63 83 40 21 71
64 89 39 37
65 60 75 54 48 87 46
66 10 74 54
67 14 92
68 57 88
69 17 48 65 11 12
70 11 53 27 43 11 66
71 85 50 69
72 65 36 86 93 27 54
73 100 49 33 9
74 94 91 88 95 44 65
75 4 63 48
76 21 36
77 15 67 41 72
78 66 99 8 3
79 35 11
80 69 43 35 28 12
81 69 69 56 18 41
82 74 53 33 24 50
83 11 98 41 89 43 16
84 59 73
85 5 2 65 55
86 22 2
87 53 5 17 64 12
88 5 57 75 72 59 45
89 15 84 11 66 43 40
90 71 70 94
91 92 12 18
92 83 18 19 2 65
93 34 93 31 78 3
94 91 38 37 27 43 25
95 12 57 24
96 91 38 78
97 89 69 74 67 44
98 80 55 58
99 93 69 53 83 96 68
100 3 62 53 19 86
101 94 18
102 75 34
103 7 11 70 71 85 80
104 32 64 36 56
105 41 80 77
106 28 64 37 77 14
107 30 101 40
108 45 4 13 82
109 29 90 70 73 42 10
110 42 68 78 65 11
111 22 35 54 90 13
112 82 28 76 67 84 88
113 48 14
114 77 75 17 26
115 4 95 82 9 94 59
116 30 97 55 13 53
117 3 61
118 59 47 49
119 45 82 63
120 85 52 53
121 94 40 19 15 7
122 36 64 86
123 49 51 70 5 26 35
124 88 40 87
125 61 57 13 79 17 54
126 71 96 77
127 89 66 20 29 93 78
128 10 45 63 25 91 33
129 42 85 60 22
130 76 43
131 55 68 29 62 89 38
132 25 3 4
133 15 80 48 44 100 25
134 65 96 47
135 34 25 51 74
136 93 6
137 5 77 8 28
138 71 101 53
139 56 99 50 96 15 85
140 32 63 17 32 5
141 65 53 98 24
142 28 61 74
143 83 76 85 2
144 69 21 91 58 44 31
145 36 18 63 3 88 34
146 41 52 92 50
147 48 32 96 67 54
148 45 38 45 77 5 54
149 12 37 3 22
150 81 4 55 72
151 55 54 99
152 77 54 55
153 82 68 75
154 87 27 78 18 20
155 64 44 82 78
156 30 43 52 48 89 86
157 95 63 79 82
158 14 79 14 42 3 53
159 75 35 95
160 76 43 23
161 3 44 70
162 23 57 71 38
163 96 25
164 94 60 57 88
165 81 32 72 39
166 7 76 4 79 47 1
167 18 66
168 61 6
169 22 96 36
170 71 77
171 3 38 81 55 6
172 2 53 72
173 14 53 93
174 97 62 78
175 90 41 26 14
176 31 91 19 27 28 83
177 72 10
178 97 35 5 65
179 33 64 81 38 25 24
180 85 82 69 98
181 46 26 31 60 10
182 71 24
183 11 4 91 93 8 92
184 32 12 78 95
185 66 6 99 70 7
186 69 34 19 8 56
187 98 33 47 77 55 68
188 64 61 27
189 82 57 85 58
190 46 12 90
191 39 57 2 10 83
192 16 93 16 101
193 49 28 79 4
194 35 63 4 76 100 56
195 17 98 74 49 27 6
196 20 29 47 26 100 37
197 21 20
198 17 59 50
199 21 32
200 75 81 6 85
