2000 2
1 2 860
2 2 174
3 2 781
4 2 381
5 2 590
6 2 291
7 1 852
8 1 53
9 1 433
10 2 826
11 2 495
12 1 776
13 1 192
14 2 594
15 1 471
16 2 513
17 2 271
18 2 110
19 2 40
20 2 557
21 2 456
22 1 905
23 1 706
24 2 791
25 1 263
26 2 143
27 2 822
28 2 667
29 1 669
30 1 233
31 2 201
32 1 889
33 1 914
34 2 788
35 2 242
36 2 149
37 2 124
38 1 260
39 2 576
40 2 695
41 1 811
42 2 664
43 1 236
44 2 545
45 2 350
46 1 372
47 2 464
48 1 124
49 1 833
50 1 799
51 2 471
52 1 261
53 2 787
54 1 175
55 1 228
56 1 45
57 1 850
58 2 431
59 2 516
60 1 268
61 2 846
62 1 330
63 1 957
64 1 343
65 2 483
66 1 428
67 2 372
68 2 444
69 2 109
70 1 167
71 2 126
72 1 276
73 1 909
74 2 154
75 1 859
76 2 818
77 1 929
78 2 349
79 1 773
80 1 344
81 2 696
82 1 933
83 1 535
84 1 592
85 2 416
86 1 138
87 2 434
88 2 403
89 1 609
90 2 65
91 2 291
92 1 731
93 1 316
94 1 329
95 1 356
96 1 467
97 2 828
98 2 977
99 1 28
100 2 902
101 1 563
102 2 163
103 2 599
104 1 123
105 2 47
106 1 155
107 2 89
108 2 10
109 1 735
110 1 600
111 2 384
112 2 838
113 1 95
114 1 453
115 2 341
116 1 77
117 2 814
118 1 485
119 2 181
120 2 779
121 2 897
122 1 519
123 1 622
124 1 648
125 1 532
126 2 78
127 1 141
128 1 938
129 2 304
130 1 303
131 1 796
132 2 943
133 2 104
134 2 529
135 2 547
136 1 900
137 1 661
138 1 850
139 1 964
140 2 581
141 1 79
142 2 119
143 2 24
144 2 910
145 2 176
146 2 348
147 2 903
148 2 316
149 1 572
150 1 688
151 1 846
152 1 558
153 1 621
154 1 547
155 1 280
156 2 158
157 2 684
158 1 189
159 1 686
160 1 662
161 1 900
162 2 237
163 1 61
164 2 820
165 2 900
166 2 681
167 1 193
168 2 587
169 1 774
170 2 928
171 2 258
172 2 919
173 2 992
174 1 829
175 1 379
176 1 971
177 2 524
178 1 237
179 1 246
180 2 806
181 2 309
182 2 806
183 1 108
184 2 38
185 1 970
186 2 72
187 2 816
188 2 882
189 2 740
190 1 390
191 1 409
192 1 370
193 1 491
194 2 403
195 2 537
196 1 109
197 1 659
198 1 11
199 2 211
200 1 544
201 2 82
202 2 860
203 1 571
204 1 862
205 1 578
206 1 183
207 1 805
208 1 230
209 2 867
210 2 86
211 2 378
212 2 983
213 1 734
214 2 186
215 1 783
216 2 227
217 1 440
218 2 201
219 1 443
220 1 479
221 1 634
222 2 700
223 2 169
224 1 141
225 1 202
226 1 844
227 1 164
228 2 202
229 2 525
230 1 882
231 1 665
232 1 288
233 2 432
234 2 58
235 2 123
236 2 111
237 2 156
238 1 541
239 1 69
240 2 987
241 2 183
242 1 735
243 1 608
244 1 586
245 2 719
246 2 597
247 2 388
248 2 700
249 1 931
250 2 553
251 2 465
252 2 50
253 1 310
254 2 477
255 1 192
256 2 828
257 2 107
258 2 297
259 2 298
260 1 490
261 1 272
262 1 960
263 2 128
264 1 281
265 2 831
266 1 750
267 1 315
268 2 190
269 2 127
270 2 322
271 1 940
272 2 40
273 2 407
274 2 414
275 1 949
276 2 96
277 2 535
278 1 859
279 2 910
280 2 950
281 1 353
282 1 338
283 1 180
284 2 607
285 2 500
286 1 685
287 1 314
288 1 594
289 1 970
290 2 793
291 2 150
292 1 916
293 2 847
294 2 35
295 1 421
296 1 748
297 1 190
298 2 477
299 2 608
300 1 539
301 1 698
302 2 442
303 2 399
304 2 117
305 2 314
306 1 356
307 1 595
308 2 93
309 2 66
310 2 492
311 1 165
312 1 948
313 2 964
314 2 65
315 2 388
316 1 691
317 2 608
318 1 662
319 1 147
320 1 313
321 2 392
322 1 486
323 1 333
324 1 914
325 1 720
326 2 60
327 2 289
328 2 314
329 1 695
330 1 812
331 2 296
332 1 796
333 2 612
334 1 81
335 2 169
336 1 886
337 1 46
338 2 923
339 1 246
340 1 468
341 1 313
342 1 292
343 2 275
344 2 673
345 2 583
346 2 214
347 2 320
348 2 528
349 2 107
350 2 837
351 1 820
352 2 771
353 1 187
354 1 797
355 2 106
356 1 745
357 1 196
358 2 856
359 2 39
360 2 857
361 1 51
362 2 700
363 2 559
364 1 97
365 2 470
366 2 785
367 2 649
368 1 783
369 1 828
370 2 79
371 1 580
372 1 702
373 1 816
374 1 420
375 1 661
376 1 939
377 2 861
378 1 877
379 1 553
380 2 863
381 1 420
382 1 928
383 2 600
384 1 727
385 1 823
386 2 721
387 2 901
388 2 69
389 2 231
390 2 654
391 2 207
392 2 901
393 1 905
394 1 198
395 1 668
396 1 528
397 1 660
398 2 935
399 1 741
400 1 826
401 1 578
402 2 301
403 2 641
404 2 501
405 1 368
406 1 424
407 1 405
408 1 300
409 1 984
410 1 215
411 1 151
412 2 53
413 2 424
414 1 149
415 2 13
416 2 233
417 1 716
418 2 540
419 2 845
420 1 786
421 2 579
422 2 402
423 2 361
424 2 303
425 1 552
426 1 205
427 2 222
428 2 693
429 1 303
430 1 381
431 2 414
432 2 213
433 2 186
434 1 904
435 1 364
436 2 144
437 1 709
438 1 331
439 2 992
440 2 372
441 1 487
442 2 939
443 1 831
444 2 396
445 1 702
446 2 982
447 2 390
448 1 527
449 2 940
450 2 324
451 1 800
452 1 1000
453 1 312
454 1 307
455 2 838
456 2 684
457 2 394
458 1 540
459 2 829
460 1 13
461 2 159
462 1 235
463 2 145
464 1 344
465 2 883
466 1 47
467 1 314
468 1 88
469 1 897
470 1 153
471 2 193
472 2 751
473 1 465
474 1 221
475 1 350
476 2 250
477 1 240
478 1 637
479 1 613
480 2 309
481 1 503
482 2 606
483 2 153
484 2 354
485 2 483
486 1 266
487 2 714
488 2 633
489 2 246
490 2 277
491 2 194
492 2 654
493 1 983
494 1 826
495 1 941
496 2 832
497 1 840
498 1 742
499 1 635
500 2 207
501 2 524
502 1 30
503 2 257
504 1 776
505 2 175
506 2 794
507 1 838
508 2 565
509 1 336
510 1 436
511 1 820
512 1 111
513 2 978
514 1 556
515 2 804
516 2 783
517 1 599
518 2 32
519 2 451
520 1 935
521 2 77
522 2 326
523 1 31
524 2 347
525 2 608
526 2 69
527 2 874
528 2 767
529 2 351
530 1 757
531 1 933
532 1 682
533 2 520
534 2 489
535 2 287
536 1 352
537 2 254
538 1 577
539 1 56
540 2 699
541 2 671
542 1 161
543 2 690
544 2 282
545 1 696
546 1 609
547 2 502
548 2 248
549 2 528
550 1 348
551 1 367
552 1 512
553 1 929
554 1 488
555 2 16
556 2 562
557 1 744
558 2 362
559 2 878
560 1 602
561 1 692
562 1 144
563 2 255
564 2 798
565 2 700
566 2 328
567 2 962
568 2 729
569 1 438
570 1 447
571 2 198
572 1 20
573 2 841
574 2 81
575 2 382
576 1 701
577 2 148
578 1 443
579 2 320
580 2 916
581 2 245
582 2 835
583 2 405
584 2 943
585 1 412
586 2 206
587 1 508
588 1 583
589 1 427
590 2 674
591 1 270
592 2 61
593 1 784
594 2 682
595 2 380
596 2 930
597 1 878
598 2 211
599 1 394
600 2 446
601 1 606
602 1 816
603 2 579
604 2 848
605 1 944
606 1 521
607 2 996
608 2 896
609 1 89
610 1 661
611 1 802
612 1 462
613 2 24
614 1 274
615 2 816
616 1 697
617 1 337
618 1 608
619 2 873
620 1 543
621 2 424
622 1 404
623 2 422
624 2 191
625 2 959
626 1 245
627 1 862
628 1 929
629 2 154
630 2 770
631 1 843
632 2 576
633 1 99
634 2 60
635 1 741
636 1 164
637 2 417
638 1 687
639 2 192
640 2 710
641 2 969
642 2 594
643 2 107
644 1 801
645 1 486
646 1 350
647 1 332
648 2 914
649 1 335
650 2 462
651 1 510
652 2 680
653 1 114
654 1 550
655 1 96
656 1 656
657 1 141
658 2 621
659 2 583
660 1 637
661 2 222
662 2 785
663 2 564
664 1 507
665 1 661
666 1 75
667 2 911
668 1 743
669 2 332
670 1 564
671 1 922
672 1 252
673 2 72
674 2 874
675 1 770
676 2 460
677 2 316
678 2 748
679 2 814
680 1 407
681 1 65
682 1 366
683 2 748
684 2 66
685 2 213
686 2 357
687 1 347
688 2 401
689 1 691
690 1 118
691 2 738
692 1 358
693 2 647
694 1 592
695 1 696
696 1 457
697 1 445
698 1 345
699 2 515
700 1 701
701 1 233
702 1 399
703 1 42
704 2 503
705 1 978
706 1 494
707 2 577
708 1 696
709 1 599
710 2 504
711 2 534
712 2 944
713 1 848
714 2 798
715 1 449
716 2 711
717 1 912
718 1 114
719 2 344
720 1 379
721 2 420
722 1 518
723 1 491
724 2 466
725 1 744
726 2 602
727 1 858
728 2 466
729 2 861
730 2 504
731 2 160
732 1 237
733 2 35
734 1 113
735 1 411
736 1 581
737 2 502
738 2 918
739 1 604
740 2 154
741 1 368
742 1 378
743 1 647
744 2 281
745 2 851
746 1 384
747 2 731
748 2 191
749 2 42
750 2 987
751 2 828
752 1 90
753 2 411
754 1 86
755 1 273
756 1 1000
757 2 948
758 1 801
759 1 394
760 1 640
761 1 546
762 1 951
763 2 882
764 2 651
765 2 307
766 2 78
767 2 570
768 1 468
769 2 495
770 1 574
771 2 347
772 2 822
773 1 90
774 1 18
775 2 807
776 1 364
777 1 742
778 1 51
779 2 900
780 2 551
781 2 798
782 1 885
783 2 911
784 2 749
785 1 517
786 1 421
787 1 527
788 2 497
789 1 125
790 2 477
791 1 119
792 2 143
793 1 864
794 2 449
795 1 905
796 2 618
797 1 494
798 1 191
799 2 113
800 1 23
801 2 713
802 1 707
803 1 717
804 2 704
805 2 87
806 2 912
807 2 621
808 2 79
809 1 284
810 2 40
811 1 512
812 1 839
813 2 438
814 2 888
815 2 350
816 2 256
817 2 892
818 2 104
819 2 570
820 2 722
821 2 937
822 2 351
823 1 974
824 2 649
825 1 539
826 2 471
827 2 482
828 2 636
829 2 608
830 1 516
831 1 688
832 2 806
833 1 649
834 1 831
835 2 346
836 1 51
837 2 663
838 1 405
839 2 343
840 1 105
841 1 714
842 2 518
843 2 525
844 2 386
845 1 737
846 2 782
847 1 45
848 1 231
849 2 624
850 2 21
851 1 359
852 2 19
853 2 635
854 2 508
855 1 148
856 1 248
857 1 627
858 1 990
859 2 584
860 1 357
861 2 352
862 1 436
863 1 439
864 2 513
865 1 956
866 1 704
867 1 133
868 1 53
869 1 985
870 2 929
871 2 957
872 2 703
873 1 907
874 2 545
875 2 747
876 2 432
877 1 538
878 1 566
879 1 668
880 2 684
881 2 178
882 2 787
883 2 836
884 2 707
885 2 169
886 1 484
887 2 93
888 2 252
889 1 720
890 1 15
891 1 82
892 1 538
893 1 579
894 2 538
895 2 348
896 1 240
897 2 752
898 1 838
899 1 129
900 1 59
901 2 259
902 2 430
903 1 298
904 2 63
905 1 948
906 1 371
907 1 883
908 1 684
909 2 225
910 2 482
911 1 231
912 1 902
913 2 840
914 1 308
915 2 916
916 2 373
917 2 742
918 2 129
919 1 835
920 2 289
921 1 80
922 2 91
923 2 172
924 2 715
925 1 987
926 1 285
927 1 779
928 2 857
929 1 887
930 2 188
931 1 154
932 2 941
933 1 86
934 1 627
935 2 642
936 2 624
937 2 69
938 2 943
939 2 796
940 1 204
941 2 529
942 2 779
943 1 977
944 1 328
945 1 884
946 2 453
947 1 87
948 2 672
949 2 932
950 2 758
951 1 904
952 2 299
953 2 236
954 1 202
955 2 637
956 1 319
957 1 847
958 1 848
959 2 387
960 1 263
961 2 594
962 2 831
963 2 464
964 1 220
965 1 768
966 1 303
967 1 397
968 1 218
969 2 484
970 1 728
971 1 862
972 1 132
973 1 644
974 2 25
975 1 87
976 1 843
977 2 614
978 2 594
979 1 436
980 1 753
981 2 891
982 2 749
983 2 586
984 2 541
985 2 506
986 2 901
987 1 293
988 1 533
989 2 484
990 1 482
991 1 873
992 2 178
993 1 729
994 2 135
995 2 497
996 1 515
997 1 349
998 1 743
999 2 839
1000 2 275
1001 2 160
1002 2 41
1003 2 144
1004 2 10
1005 2 138
1006 1 528
1007 1 358
1008 2 19
1009 2 251
1010 1 94
1011 1 554
1012 1 192
1013 1 367
1014 2 973
1015 1 53
1016 1 436
1017 2 454
1018 2 717
1019 1 276
1020 2 971
1021 1 200
1022 2 663
1023 2 439
1024 2 54
1025 1 689
1026 2 267
1027 2 396
1028 2 571
1029 2 525
1030 1 373
1031 1 924
1032 2 638
1033 1 588
1034 1 1000
1035 1 198
1036 2 553
1037 2 414
1038 1 555
1039 1 437
1040 1 484
1041 1 751
1042 2 574
1043 2 477
1044 2 821
1045 2 216
1046 2 237
1047 2 595
1048 1 476
1049 2 54
1050 1 998
1051 1 396
1052 1 290
1053 1 585
1054 1 928
1055 2 353
1056 2 196
1057 2 743
1058 1 451
1059 2 232
1060 1 126
1061 2 519
1062 1 766
1063 2 136
1064 2 610
1065 1 396
1066 2 104
1067 2 887
1068 2 635
1069 1 691
1070 1 916
1071 1 768
1072 2 416
1073 2 523
1074 2 96
1075 2 789
1076 2 590
1077 1 436
1078 1 268
1079 1 557
1080 2 487
1081 1 540
1082 1 26
1083 2 429
1084 2 794
1085 1 608
1086 1 614
1087 1 620
1088 1 616
1089 1 100
1090 2 252
1091 2 839
1092 2 120
1093 2 768
1094 2 553
1095 2 168
1096 2 181
1097 2 711
1098 1 156
1099 1 314
1100 2 976
1101 1 695
1102 2 10
1103 2 514
1104 2 645
1105 2 675
1106 1 610
1107 1 871
1108 1 209
1109 2 728
1110 1 421
1111 2 799
1112 1 700
1113 2 486
1114 1 583
1115 2 543
1116 2 476
1117 1 706
1118 2 636
1119 1 786
1120 1 600
1121 2 554
1122 1 877
1123 2 585
1124 2 930
1125 2 390
1126 1 568
1127 1 41
1128 1 895
1129 1 97
1130 2 844
1131 1 56
1132 2 642
1133 2 112
1134 2 968
1135 1 230
1136 1 988
1137 1 635
1138 1 667
1139 1 171
1140 1 672
1141 1 568
1142 1 249
1143 1 870
1144 2 561
1145 2 777
1146 1 700
1147 2 91
1148 1 158
1149 1 229
1150 2 316
1151 2 205
1152 2 178
1153 2 435
1154 2 967
1155 1 254
1156 1 976
1157 2 983
1158 2 805
1159 1 312
1160 1 70
1161 2 183
1162 1 949
1163 1 110
1164 1 268
1165 1 32
1166 1 584
1167 1 258
1168 1 785
1169 1 253
1170 1 651
1171 1 163
1172 1 645
1173 1 728
1174 1 904
1175 2 763
1176 2 469
1177 2 345
1178 1 336
1179 2 619
1180 1 193
1181 2 569
1182 2 218
1183 2 37
1184 2 673
1185 1 117
1186 2 456
1187 2 952
1188 2 707
1189 1 383
1190 1 457
1191 1 438
1192 2 225
1193 1 173
1194 2 121
1195 2 323
1196 1 84
1197 1 583
1198 2 607
1199 1 715
1200 2 819
1201 1 411
1202 1 132
1203 1 559
1204 2 626
1205 2 640
1206 2 848
1207 2 848
1208 2 773
1209 1 189
1210 1 447
1211 1 980
1212 1 947
1213 2 504
1214 2 980
1215 2 734
1216 2 193
1217 1 501
1218 2 796
1219 2 853
1220 1 411
1221 2 192
1222 1 248
1223 1 807
1224 2 907
1225 1 163
1226 2 341
1227 2 720
1228 1 287
1229 2 269
1230 2 21
1231 1 301
1232 1 260
1233 1 732
1234 2 826
1235 2 120
1236 1 161
1237 2 11
1238 1 844
1239 1 217
1240 1 394
1241 2 310
1242 2 992
1243 2 656
1244 1 262
1245 2 153
1246 1 999
1247 2 44
1248 2 829
1249 1 25
1250 2 635
1251 1 103
1252 1 375
1253 1 764
1254 1 989
1255 1 476
1256 1 729
1257 1 29
1258 2 490
1259 1 90
1260 1 957
1261 1 61
1262 1 25
1263 2 950
1264 1 13
1265 1 660
1266 2 16
1267 2 509
1268 1 714
1269 2 660
1270 2 683
1271 1 484
1272 1 107
1273 2 215
1274 1 427
1275 1 297
1276 2 301
1277 2 719
1278 2 23
1279 2 192
1280 2 567
1281 2 50
1282 1 333
1283 2 169
1284 2 240
1285 1 62
1286 1 624
1287 2 517
1288 1 905
1289 2 720
1290 1 357
1291 2 368
1292 1 122
1293 2 583
1294 1 474
1295 1 608
1296 1 163
1297 1 865
1298 1 79
1299 2 247
1300 1 368
1301 2 333
1302 1 402
1303 1 501
1304 2 799
1305 1 101
1306 1 844
1307 1 396
1308 2 697
1309 1 100
1310 1 543
1311 1 633
1312 2 357
1313 1 327
1314 2 481
1315 2 880
1316 2 846
1317 1 320
1318 1 732
1319 1 341
1320 1 537
1321 2 819
1322 1 481
1323 2 738
1324 1 956
1325 2 421
1326 2 919
1327 1 36
1328 2 56
1329 1 720
1330 1 821
1331 1 777
1332 1 883
1333 2 838
1334 2 203
1335 2 133
1336 2 677
1337 2 945
1338 2 775
1339 1 651
1340 2 839
1341 1 983
1342 2 442
1343 2 905
1344 1 42
1345 1 244
1346 2 837
1347 1 644
1348 1 277
1349 2 93
1350 1 811
1351 1 677
1352 2 59
1353 2 181
1354 2 399
1355 2 169
1356 2 354
1357 2 808
1358 1 307
1359 1 563
1360 1 195
1361 1 365
1362 1 78
1363 2 872
1364 2 371
1365 1 598
1366 2 28
1367 1 910
1368 1 657
1369 1 552
1370 1 960
1371 2 543
1372 1 897
1373 2 163
1374 2 475
1375 2 542
1376 2 671
1377 1 417
1378 2 683
1379 2 647
1380 1 180
1381 2 529
1382 1 598
1383 1 666
1384 2 617
1385 1 292
1386 2 468
1387 2 648
1388 1 806
1389 1 707
1390 2 86
1391 1 653
1392 1 781
1393 1 922
1394 1 435
1395 1 657
1396 2 683
1397 1 330
1398 1 95
1399 2 737
1400 1 894
1401 1 156
1402 1 215
1403 2 796
1404 2 446
1405 1 321
1406 1 11
1407 1 687
1408 1 689
1409 2 650
1410 1 770
1411 1 20
1412 2 611
1413 2 961
1414 1 970
1415 1 491
1416 1 115
1417 2 488
1418 1 170
1419 2 337
1420 2 248
1421 2 948
1422 1 514
1423 2 989
1424 1 129
1425 1 351
1426 1 269
1427 1 605
1428 1 728
1429 2 531
1430 2 943
1431 2 953
1432 2 337
1433 2 201
1434 1 707
1435 1 305
1436 1 808
1437 1 975
1438 1 581
1439 2 529
1440 1 584
1441 1 918
1442 1 225
1443 2 425
1444 2 822
1445 1 757
1446 2 254
1447 1 108
1448 1 938
1449 1 425
1450 2 37
1451 2 640
1452 2 655
1453 2 725
1454 1 285
1455 1 76
1456 1 266
1457 1 353
1458 2 938
1459 1 831
1460 1 425
1461 1 36
1462 2 94
1463 2 438
1464 1 978
1465 2 399
1466 1 39
1467 1 274
1468 2 261
1469 2 953
1470 1 221
1471 1 302
1472 2 220
1473 1 646
1474 1 182
1475 1 952
1476 2 152
1477 2 557
1478 2 136
1479 2 352
1480 2 680
1481 2 85
1482 2 894
1483 2 718
1484 1 480
1485 1 209
1486 1 56
1487 1 242
1488 1 154
1489 2 992
1490 2 953
1491 2 644
1492 2 82
1493 1 563
1494 2 418
1495 1 955
1496 2 993
1497 1 63
1498 2 218
1499 2 668
1500 2 443
1501 2 39
1502 2 339
1503 2 507
1504 2 757
1505 1 942
1506 2 629
1507 2 60
1508 2 153
1509 2 925
1510 2 722
1511 1 919
1512 1 354
1513 2 206
1514 1 773
1515 2 753
1516 2 321
1517 2 60
1518 1 531
1519 1 875
1520 1 880
1521 1 738
1522 1 453
1523 1 783
1524 1 332
1525 1 752
1526 1 870
1527 1 30
1528 2 107
1529 2 161
1530 1 213
1531 1 493
1532 2 518
1533 2 705
1534 1 115
1535 1 823
1536 2 79
1537 1 945
1538 2 725
1539 2 944
1540 2 574
1541 2 446
1542 1 972
1543 1 178
1544 1 648
1545 2 422
1546 2 566
1547 2 396
1548 2 53
1549 2 153
1550 2 835
1551 2 288
1552 2 207
1553 1 684
1554 2 135
1555 2 920
1556 1 912
1557 1 488
1558 1 590
1559 2 123
1560 1 414
1561 1 480
1562 2 154
1563 2 236
1564 1 916
1565 1 489
1566 2 216
1567 2 692
1568 2 698
1569 2 230
1570 2 135
1571 2 839
1572 2 406
1573 1 889
1574 1 730
1575 2 552
1576 2 671
1577 1 417
1578 1 870
1579 2 883
1580 2 828
1581 2 476
1582 2 885
1583 2 901
1584 2 731
1585 2 806
1586 1 745
1587 1 727
1588 2 473
1589 2 711
1590 2 972
1591 1 537
1592 1 806
1593 1 623
1594 1 267
1595 1 304
1596 1 602
1597 1 400
1598 1 471
1599 2 673
1600 1 446
1601 1 858
1602 1 37
1603 1 476
1604 1 741
1605 2 990
1606 1 588
1607 1 753
1608 1 252
1609 2 771
1610 1 518
1611 1 245
1612 2 899
1613 2 651
1614 2 305
1615 1 723
1616 2 73
1617 1 907
1618 1 598
1619 1 962
1620 1 458
1621 2 707
1622 2 154
1623 1 856
1624 1 312
1625 1 53
1626 2 259
1627 2 799
1628 1 639
1629 2 639
1630 2 611
1631 1 155
1632 1 970
1633 2 348
1634 2 194
1635 1 99
1636 1 525
1637 1 528
1638 1 35
1639 2 140
1640 2 613
1641 1 886
1642 1 289
1643 2 59
1644 2 955
1645 1 298
1646 1 470
1647 1 38
1648 2 803
1649 1 678
1650 2 389
1651 1 814
1652 1 790
1653 2 432
1654 2 853
1655 1 969
1656 2 579
1657 1 867
1658 1 18
1659 1 948
1660 2 342
1661 2 372
1662 1 431
1663 1 724
1664 2 480
1665 2 645
1666 2 155
1667 1 792
1668 1 365
1669 2 350
1670 2 379
1671 2 998
1672 1 676
1673 2 615
1674 2 983
1675 1 664
1676 1 659
1677 1 155
1678 2 227
1679 2 56
1680 1 586
1681 2 685
1682 1 317
1683 2 704
1684 2 440
1685 2 31
1686 2 339
1687 2 336
1688 2 514
1689 2 220
1690 2 179
1691 1 583
1692 2 303
1693 2 603
1694 2 251
1695 2 80
1696 1 207
1697 1 261
1698 1 19
1699 2 200
1700 1 812
1701 1 606
1702 2 999
1703 1 923
1704 1 262
1705 1 859
1706 2 197
1707 1 978
1708 1 632
1709 1 919
1710 1 821
1711 1 548
1712 2 732
1713 2 321
1714 1 803
1715 2 798
1716 2 544
1717 1 800
1718 2 782
1719 2 647
1720 1 165
1721 1 495
1722 1 692
1723 1 324
1724 2 328
1725 1 243
1726 1 709
1727 1 44
1728 1 90
1729 2 311
1730 1 225
1731 2 763
1732 1 770
1733 1 978
1734 1 687
1735 2 253
1736 1 358
1737 2 911
1738 2 302
1739 2 668
1740 2 820
1741 2 203
1742 2 95
1743 1 168
1744 2 449
1745 2 399
1746 1 520
1747 2 657
1748 2 300
1749 2 468
1750 1 148
1751 1 733
1752 1 418
1753 2 511
1754 2 726
1755 2 291
1756 2 236
1757 2 910
1758 2 289
1759 1 13
1760 1 884
1761 2 788
1762 2 994
1763 2 988
1764 1 884
1765 1 218
1766 1 675
1767 1 219
1768 1 901
1769 2 532
1770 2 837
1771 2 310
1772 1 862
1773 1 367
1774 1 120
1775 1 77
1776 1 777
1777 2 548
1778 1 262
1779 2 490
1780 2 817
1781 1 578
1782 1 885
1783 2 697
1784 1 254
1785 2 330
1786 2 11
1787 2 115
1788 1 620
1789 2 987
1790 1 981
1791 2 900
1792 2 436
1793 1 176
1794 1 290
1795 1 275
1796 2 489
1797 2 682
1798 2 536
1799 1 933
1800 1 779
1801 1 606
1802 2 567
1803 2 81
1804 1 817
1805 1 39
1806 1 119
1807 2 230
1808 2 581
1809 1 418
1810 1 599
1811 1 778
1812 1 320
1813 1 377
1814 2 845
1815 2 601
1816 1 301
1817 2 75
1818 2 928
1819 1 614
1820 2 985
1821 2 18
1822 1 318
1823 1 823
1824 1 355
1825 2 134
1826 2 584
1827 1 772
1828 2 504
1829 1 747
1830 1 292
1831 1 803
1832 2 687
1833 1 453
1834 1 261
1835 1 881
1836 1 827
1837 1 205
1838 2 703
1839 2 262
1840 2 356
1841 1 898
1842 2 1000
1843 1 391
1844 1 711
1845 2 671
1846 1 832
1847 1 418
1848 2 679
1849 1 221
1850 1 812
1851 1 318
1852 2 76
1853 1 345
1854 2 931
1855 1 824
1856 1 429
1857 2 390
1858 1 754
1859 2 457
1860 1 593
1861 1 483
1862 2 259
1863 1 530
1864 2 137
1865 1 458
1866 1 61
1867 2 201
1868 1 181
1869 1 100
1870 2 494
1871 1 60
1872 2 933
1873 1 220
1874 1 750
1875 1 765
1876 1 733
1877 2 767
1878 1 483
1879 2 383
1880 1 740
1881 1 153
1882 2 102
1883 1 627
1884 1 504
1885 2 407
1886 1 92
1887 1 202
1888 2 96
1889 1 810
1890 2 341
1891 1 157
1892 1 856
1893 2 171
1894 1 206
1895 1 265
1896 2 483
1897 1 359
1898 2 390
1899 2 523
1900 1 505
1901 1 425
1902 2 259
1903 2 736
1904 2 211
1905 1 170
1906 1 746
1907 2 349
1908 1 553
1909 1 125
1910 1 719
1911 2 240
1912 1 11
1913 2 712
1914 2 344
1915 2 33
1916 1 759
1917 1 476
1918 1 537
1919 2 845
1920 1 481
1921 2 68
1922 2 232
1923 1 896
1924 1 887
1925 2 303
1926 2 436
1927 1 321
1928 2 368
1929 1 169
1930 1 248
1931 1 370
1932 1 232
1933 2 928
1934 2 120
1935 2 138
1936 2 142
1937 2 807
1938 1 13
1939 1 442
1940 1 178
1941 2 532
1942 2 292
1943 2 809
1944 1 221
1945 1 346
1946 2 680
1947 2 692
1948 1 311
1949 2 613
1950 1 589
1951 2 381
1952 2 568
1953 1 531
1954 2 871
1955 1 471
1956 2 381
1957 2 306
1958 1 634
1959 2 319
1960 1 410
1961 1 813
1962 2 141
1963 1 892
1964 1 91
1965 2 109
1966 1 135
1967 2 254
1968 1 262
1969 2 487
1970 1 179
1971 2 855
1972 2 851
1973 2 60
1974 1 279
1975 2 314
1976 2 624
1977 1 531
1978 2 155
1979 2 769
1980 2 608
1981 1 597
1982 1 383
1983 2 484
1984 2 101
1985 2 314
1986 2 444
1987 2 537
1988 2 69
1989 2 385
1990 2 507
1991 2 317
1992 1 660
1993 1 480
1994 1 34
1995 2 696
1996 2 826
1997 2 42
1998 1 462
1999 2 838
2000 1 683
1 283 27
2 382 97
1 2 1647 989 1755
2 2 901 1593 1830 975
3 1 392 1414 920 1070 425
4 1 1133 1578 1366
5 2 778
6 2 1519 1182
7 1 536
8 1 203
9 2 733 453 1838 158 858
10 1 829 558 1077 668 1893
11 1 533 1904
12 1 87 1179 822 997
13 1 846
14 1 552 1426 1270
15 1 1562
16 2 1057 1205
17 1 547 89
18 2 1956 1900 974
19 2 1309 754 1843 285 1991
20 1 1549 316 407 1785
21 2 415 660 554 651
22 2 455
23 2 755
24 1 616 1168 1718
25 2 1433 1449 1710 238 1011
26 2 1309 1951
27 2 383 539 77 1804 1574
28 1 955
29 2 935 693
30 1 1718 198
31 1 208 1580
32 1 1441 1305
33 1 1756 1679 61 1425
34 2 508 747
35 1 553 186 413 330
36 1 1130
37 2 1959 1768
38 1 150
39 1 1417 1746 1187 1513
40 2 1793 1602 1615 1900
41 1 1708
42 1 767
43 1 1407 1394 1480
44 2 431 1965 1625 1839 207
45 2 232 364 192 1797 1301
46 2 1570 526
47 2 638
48 1 1646 1211 307 1642 456
49 2 886 469 78 1269
50 2 1775 840 1061 1499 346
51 1 560 1019 281 433 618
52 2 1387
53 1 680 414
54 1 894 176
55 2 831 1517 803 1458 1002
56 2 261 1034 1862
57 1 1780 154 442
58 1 1137 228 740 1498 1602
59 1 1645
60 2 1956 1098 286 122 448
61 2 1307 171
62 1 768 1212 1737 1992 1534
63 2 1422 347
64 1 178 1345 106
65 1 1030 1083 567 1426
66 2 596 1304
67 1 1807 473
68 2 213 1714 941 229 1455
69 1 818 1991 740
70 1 425 188
71 2 1112
72 1 749 1040
73 2 1601 1131 1181
74 1 143 880 1230
75 2 352 1095 736
76 1 110 495
77 2 1649 1245 1382 417
78 2 138
79 1 1205 1054 1755 970 1271
80 2 534 1412 1665
81 1 1330 149 1912 1440 1258
82 1 400 195 808 237 668
83 2 1530 1793 1021 488 734
84 2 1988 882 1500
85 2 1251 1062 1871
86 2 348 1584 962 445
87 1 1239 1331 216 866
88 1 478 240 176 1070 1481
89 2 471 182
90 2 106 1437 1573
91 2 264
92 2 1362
93 1 632 575 1210
94 2 1048 452
95 1 552 1465 1505
96 1 738 1487 225 1991 3
97 2 488
98 2 1331 1311 204
99 1 1980 255 754 7 411
100 1 1317 1446 484 653
101 2 565 207 744 1450 951
102 1 590 99
103 2 909 1423 96 1203 1703
104 1 356
105 1 1094 658
106 1 1732 852
107 2 670
108 2 450
109 2 1035 1409 1534
110 2 1601 1908
111 1 244 496
112 1 320 1529 719 1763
113 2 309 1134 392
114 1 1873 1742 869 1152 744
115 2 1371 241 1597
116 1 1323 590 832 183 544
117 1 733 404 521
118 2 815 1167 60 1732
119 2 1243
120 2 335 1197 548
121 2 1521 757
122 1 1341
123 1 774 1838 1816
124 2 1687 701
125 2 1274 1064 1091 489 90
126 1 375 980 308 1132
127 2 360 629 1833
128 1 1797 82 1438
129 2 177
130 2 666 230
131 2 351 719 432 964 1306
132 1 1949 306 1362 91
133 1 945
134 1 399 861 26
135 2 1436 1773 136 1976
136 1 1621 1753 1837 1403
137 1 187 640 1490 228 1839
138 2 1426 117 1699
139 2 1633
140 1 1333 152 873 561
141 1 234 1211
142 2 1993 1896 568
143 2 648 36
144 2 889 1409 144
145 1 1587 1327 61 609
146 1 881 1086 1676
147 1 1878 657 927
148 2 1403
149 1 1414 392 570 1498 456
150 2 1108 126 800 1154 767
151 1 1811 1769 453 1247
152 1 1972 66 1105 1667
153 2 1733 957 558 112 1700
154 1 1220 1252 1729 1980
155 1 1666 1143 1489
156 2 1817 491 467 898 704
157 1 1163
158 1 375
159 2 1849
160 1 1397 1613 1782 275 1913
161 1 400
162 1 1572
163 2 1727 520
164 1 446
165 2 1315 762 299 606 582
166 1 1776 641
167 1 1886 649 1991 818
168 1 528 1376
169 2 257 778 239 1511 676
170 2 1699 1035 980 736
171 2 1684
172 1 456 931 1402 1366
173 2 1210 643 641
174 1 1462 1567 1177 428 704
175 2 618 1739 447 630
176 2 1997 1184 1072 498
177 2 475 1387 1659 736 1960
178 2 722
179 2 1277 994 43 546
180 2 1638 205 1596 1969
181 1 1660 485
182 1 48
183 2 721 164 28
184 2 1499 1663 915 1664 1802
185 1 1977 1538 843
186 1 1188 648 1775 1099 1699
187 1 1905 1782 1439
188 2 372 739 1596 142 1198
189 2 506 967 1222 1567
190 2 1140 1264 391 953 913
191 2 887 920 1013
192 2 375 1482 1286
193 2 122 620 1998 1846
194 2 1052 1404 336 1523
195 2 106 452 413 862
196 1 212 1771 101 411 582
197 1 1173 1392
198 1 1644
199 2 21 485 480 1051
200 2 596 1421 118
201 1 904
202 1 158 1080
203 2 1067 1805 1742
204 2 1422 1335 236 251
205 1 1524 849 1505 17
206 1 1036 1952 1010
207 2 1392 1278 414 1
208 1 1247 754 342 471
209 2 1597 1307
210 2 640 356 1699
211 1 891 1887 776 767 1905
212 1 672 138 349
213 2 686 925 946
214 1 1169
215 2 1482 778 1530 648 882
216 1 581 1641 139 861
217 2 474 351 35 1459
218 1 1301
219 1 970
220 1 1454 1377 1852 342
221 2 1209 608 918 1505 1918
222 2 1482 706 1281 651
223 1 214 1839 1054 837
224 2 339 456
225 2 115 1474 567
226 2 604 287
227 1 708 985 1073 867
228 2 475 819
229 1 440
230 1 1933 1817 67
231 2 53 1923 1303 1290
232 2 95 492 317 563 1528
233 2 1563 1316 1049
234 1 1290 1015 1953 1020
235 1 674 493 1808 151 989
236 2 995
237 2 701 1841 1113 1941
238 1 206 1077 1659 1927
239 1 227 317 150
240 1 1798 1089 614
241 1 1923
242 1 1627 360 1088 1962
243 2 165 1765
244 2 1499
245 1 594 388 170 529
246 2 1204 1007 470 450
247 1 741 1426 1899
248 2 1928
249 1 1494 742 1872
250 1 1911 1937 1096
251 1 1642 223 832
252 1 396
253 1 4 1796 1135 452
254 1 1785
255 1 1645 1538 1157 276 1550
256 2 490 1169 472
257 2 1933 1133 1110
258 2 735 544 953 100
259 2 937 877 1119 1904
260 1 1514 824 1669
261 1 723 1319 1266
262 1 260 85
263 2 6
264 2 1772 1676 519
265 1 553 1422 1867 597 1259
266 1 1757 836 1230
267 2 894 1880 1227 424
268 2 1620 1655 1828 1175 243
269 2 938 723 1269
270 2 1509 1876 1674 355 683
271 1 1772
272 1 1865 1314 1965
273 1 864 1400 521 1832
274 1 630
275 2 721
276 1 439 1128 1100 466 832
277 1 789 143 341
278 2 1497 599 1338 1404
279 1 563
280 1 1385 1521 615
281 1 353 1370
282 2 28 1377 731 804
283 1 976 1177
284 1 1689 1330 1421 125 132
285 1 1771 1035 1058 981 1087
286 2 347 1183 522
287 2 1851 65 22 474
288 2 1012 1037 90 35 127
289 2 716 1911
290 2 1987
291 1 1772
292 1 327 1573 385 419
293 1 1296
294 2 1827 1405 625 1707
295 2 157 384 106
296 2 965 459 1846 150
297 1 1054 253 68
298 2 248
299 2 1227 179 110
300 2 532 1540
301 2 21 352 1763
302 1 1352 481 1470 1247 1356
303 1 1148 939 1897 1090 568
304 2 1734 1800
305 1 103 888 1656
306 1 1970 1913 802 1253 1142
307 2 1033 727 1335 282 1093
308 2 821 1454 129 1364
309 1 1663 1338 1061 857
310 2 811 1883 1194 1778
311 1 1016 1268 879 697
312 2 1112 169 584
313 1 1985 1127
314 1 573 1417 1934 1791 1001
315 1 1300 156 1699
316 2 1529 195 455 1356 672
317 1 1911 1317
318 2 709 773 158 538 1272
319 1 1878 754 966 576 158
320 1 687
321 2 1728 120
322 2 1814 700 514 568 659
323 1 443 1339 639 1014
324 1 374 1789 310 41
325 2 1216
326 2 584
327 1 349 1310 1237
328 1 1680 1710
329 1 452 1588 61 576 924
330 1 1485 1115
331 2 1266 377
332 2 1609 1303 489 942
333 2 1679 445 398 789 20
334 2 1372 1523 132 219 165
335 2 491 980
336 2 1103 824 424 979
337 2 516
338 2 94 1941
339 1 1376 1363 670 1749
340 2 125 1468 1026 347
341 1 789 1983 1630 1970 133
342 1 331 1849 1063 993 345
343 1 813 1327 65
344 2 511 571
345 1 676 1750 1971 733
346 2 1168
347 1 783 638 1681 134 1789
348 2 53
349 1 1031 292 1641
350 2 369
351 2 783 1928
352 2 1348 670 46 1625
353 1 1611
354 1 1988
355 1 1508 1146 1363 796
356 1 1495 1345 1838 647
357 1 773
358 1 217
359 2 25 1282 1526 1442 1417
360 2 1558
361 1 1043 557 510
362 1 37 249 727
363 1 1047 1142 143 106
364 1 678
365 1 1002 1381 884
366 1 1721 267
367 1 1887 1569 561 1513 1589
368 1 266 1882 585 550 1717
369 2 1868 1265 125 1314
370 1 1087 979 1147 1387 1169
371 1 1220 200 754 742 1939
372 2 921 481
373 1 1377 621 240 1171
374 1 105
375 2 283 1253 630 1659 1628
376 1 612
377 1 1065 374 816
378 1 1164 345 638
379 2 1750 264
380 2 766 1485 1374
381 2 1258 969 446
382 2 948 1607 1701 819 777
383 2 463 1135
384 2 1079
385 2 884 637 1615
386 2 1856 1077 1996 1931
387 2 465 1028
388 2 240 612 391
389 2 1156 168 377
390 2 1560 1469 965
391 2 1663 1970 1464
392 1 271 91 416
393 2 591 1230 1328 1879
394 2 1330 276 40
395 1 557 912 1005 1994 730
396 2 856 1230
397 1 1256 502
398 2 665 798 767 382 1546
399 2 420 1216 1098
400 1 1381 654 1852 1278
401 1 954 698 1157 963 1353
402 2 1968 1708 157
403 1 1077 1644 1286 1491
404 2 244 18 1241 407
405 1 1904
406 2 1302 1125 934 1641 305
407 1 1622 1528
408 1 1130 35 1076 1377 1870
409 1 33 305 437 1603
410 1 1210
411 2 28 1506 1504 170
412 2 99 1835
413 2 1450 956
414 1 1609 1957 1074
415 2 245 867 1465
416 2 27 663 714 995 45
417 1 1750 253 1259 1805 411
418 1 1212 570
419 2 1053 1035 434 1358
420 1 1683 1548 1222
421 2 1252 1886 114
422 1 412 648
423 1 90
424 1 165
425 1 1625 778
426 2 530 348 1791 120
427 1 436 255 1203
428 1 1875 135 535 1999 562
429 2 867
430 2 223 530
431 2 1466 1101 1462 1076
432 1 1886 1852 563 586 166
433 2 648 858
434 2 1374 1001
435 2 1098
436 2 1153 1704 145 368
437 2 632 5 1867 945 328
438 1 1047 1034 301 1197 493
439 1 1620 1531 170 1597 319
440 2 812 1628 47
441 2 473 896 1915
442 1 1409 1705 1903
443 2 265 1477 1316 1097 1745
444 2 623 1838 729 1212
445 2 1296 1930 1943 445
446 2 1973 226 331 47 227
447 1 1362 578 460
448 2 519 358 897
449 1 1872 1064 865 1013 91
450 1 786
451 1 1074 1944 204
452 2 1041 1293 97
453 2 468 1089 398
454 1 987 22
455 2 1844
456 1 1716 1714 196
457 1 1836 579 1570
458 2 1371 511 310 1701
459 1 1038 949 1556
460 1 249 868
461 2 1047
462 2 1245 774 471 1799 1810
463 1 953
464 2 830 1054 272 641 73
465 1 82 952 1033 505 202
466 1 357 365 1119 1882
467 1 349 70
468 2 1162 267
469 2 1781 1469 12
470 1 601 1915 1606 705
471 2 706
472 1 978 1921
473 2 1873 416 555
474 2 763
475 1 1079 771 734
476 2 702 534 667
477 2 706 1252 613
478 2 1787 1631
479 2 1374 108 1050
480 2 307 1031 1032 116
481 2 911 1172 1649 1632 966
482 1 1060 45 735
483 1 987 1430 507 1964
484 2 728 1462 190
485 2 1928 1241 1066
486 2 660 142 349 693
487 2 1673
488 2 1599 513
489 1 1847 10 1542 366 375
490 2 403
491 1 66 1864
492 1 105 973
493 1 504 83 73 1753 869
494 1 25 114 1685
495 2 503 1292 532 414
496 2 1745 747 980
497 1 196
498 2 1903 636 433 1368 225
499 1 123 1094
500 1 535 318 1430 551 685
501 2 281 277
502 1 1083 1216 1071 24 1181
503 1 1077 1417 1127 1103
504 1 1476 1261 1542
505 2 1275 1868
506 2 1654 367 1791
507 2 386 192 416
508 2 1767 1289 1693 938 1614
509 1 1370 36
510 1 808 446 1390
511 1 1845 209 1834 1582
512 1 511 1509 1643 265 1637
513 1 1104 1830 1153 1996
514 1 158 645 1441
515 2 985
516 1 570 1260 515 1303 336
517 2 1101 1021 592
518 1 1784 1204 1021 1305 91
519 1 1852 1691 879 306
520 1 1562
521 2 160 167
522 2 197 320
523 2 584 315 1014 681
524 2 152 187 1163
525 1 552
526 2 1014
527 1 304 1769 355
528 1 815 1808 450 1242 976
529 2 1555
530 2 1123 1450 505 812
531 1 474 271 1316 168
532 2 1843 775 847 803 1259
533 2 794
534 1 296 1225 773
535 2 1216 1623 1599 180 484
536 2 466 1106 152 616 1331
537 1 389 1718 1956
538 2 1656
539 2 1925 503
540 2 1857 1429 1329
541 1 801 323
542 2 379 1801 1268
543 2 1863 738 1108 886 114
544 1 1245 910
545 1 159 1942 813 507 969
546 1 810 322 1778 1581
547 2 1744 1859 1991 994 263
548 1 175 1130 1864 519 234
549 2 164 1302
550 1 516
551 1 665 1864 474 488 1731
552 1 19
553 1 597 1090 432 1754 521
554 1 1968 205
555 1 694
556 1 1752 443 1444
557 1 36 733 1864
558 1 113
559 1 1653 1556
560 1 766
561 1 1278 1655 1917
562 2 1458 1071 1236 928
563 2 349
564 2 473 824 606 989
565 2 1795 463 1304 469 1141
566 2 1725 1695 1041 1526 51
567 2 540 1913 1883 998 440
568 1 1649 1189
569 1 1313 700 264 1266 579
570 2 62 952 80
571 2 589 1774 592 1736 1993
572 2 391 1267 383
573 2 1266 462 595
574 1 519 616 248 1396 1434
575 1 1584
576 2 1681 234 1276 885 1476
577 2 321 1162 1452 1579
578 2 1349 1178
579 2 1321 894
580 2 171
581 2 714 1218 665 9
582 1 812 96 1509 967
583 2 1992 717 1492 1930 1160
584 2 1469 1870 537 1403 1126
585 1 713
586 2 1450 767
587 1 1892 544 195 1757 753
588 2 1023 1736 1752 1213 1296
589 1 54 922 1138 1527
590 2 1284 1800 256 973
591 2 1078 1837
592 2 485 1855
593 1 855 828 1037
594 2 108 220 273 1168
595 1 1867 33 1606 1169
596 2 391 1971
597 2 857 1009 734
598 1 961 214 44 172
599 1 1103 1772 584 1155
600 2 1633 428 1461
601 1 621 1963 1976 396
602 2 1994 1844 197
603 1 1434 1276 1921 1619 719
604 2 1069 543 887 1954
605 2 221 1554 932 821 779
606 2 484 100
607 1 667
608 2 1555 1516
609 2 1794
610 2 941 1767 374
611 2 1393 1421
612 1 1027 924 151 234
613 1 676 1902 929
614 1 1172 888 1792
615 1 513 1247 402 1548 1568
616 1 674
617 2 728
618 1 1137 1 1010 1114
619 2 212 857 878 1160
620 1 1984 164
621 2 1783 1048 835
622 1 866 485 1610 998
623 2 507 1901 1124
624 1 611
625 2 532 1992
626 1 1740 926 1163 682 1938
627 1 1949 1101 582 830 355
628 1 976 434 1622
629 2 751
630 1 1138 805 319 1030 374
631 2 1141 1519 454 661 669
632 2 986
633 1 759 64 1463 6
634 1 412 1822 653
635 1 1385 60
636 2 1964 431
637 2 1056 188
638 2 929 84 1862 27
639 1 1799 583 1387 537
640 1 691
641 2 1669 1737 739 950
642 2 1316 1715 626
643 2 1842 1302 1526 300 1170
644 2 1039 1742 38
645 2 1029
646 1 951 1 904 1967 29
647 2 1242 1527
648 1 422 689 83 729
649 2 454 1268 366 172 1816
650 2 268 1650 1151 902
651 2 1553 1759 1320 1456 592
652 2 1101 562 1086 1566
653 2 1189 91 228 1905
654 1 966 1993
655 1 702 320 1397 964 653
656 1 1364 1500 1973 1304
657 2 1472 1920 21 217
658 1 1382 240
659 1 1552 1406 1856 1721 1368
660 2 842
661 1 53 113 1365 731 1728
662 1 1555 1400 1022
663 2 1938 1757 1378
664 2 195 310 1577
665 1 1409
666 1 136 346 1281 1873
667 2 1632 846
668 1 408 687
669 1 618
670 1 315 221
671 2 448 1323
672 1 924 834
673 1 1185 1593
674 1 1798 842 1744 1437
675 1 288 1864 256
676 2 1907 805 1553
677 1 101 1512 1691 482
678 2 1062 773 557 1059
679 1 1174
680 1 710 116
681 2 1587 784 823 1873
682 2 1779 1323 1560 733
683 1 26 1003 963 989 1226
684 1 172 859 379
685 2 1822 1906 165 116
686 1 1849
687 1 1369 920 641 1714
688 1 1942 894 525 795 586
689 2 309 125
690 2 1226 791 1824
691 1 1960 82 575 835 1829
692 2 933 1722
693 1 268 1486 1145 861 473
694 1 637
695 2 650 308
696 2 22 646
697 1 1851 704 1592
698 1 63
699 1 1065 542
700 1 470 544 1663 974
701 1 1568 1782
702 1 1576 402 15 1487 892
703 2 993 446
704 2 1135
705 2 943 692
706 2 646 444 1940 198
707 1 179 339 1311 1649
708 1 188 1574 1253 115 1377
709 1 1550
710 1 1663
711 2 1703
712 1 605 683 1936 843
713 2 1485 494 1855 547 1760
714 1 412 632 1794 1184
715 2 227 986 874 756 40
716 2 1951
717 2 1810
718 1 318
719 2 419 990 174
720 1 1067 679 499
721 1 1386 25 599 1187 1892
722 2 1133 1947 438
723 1 967 896 540 726 417
724 1 1675 1108 638 890 1039
725 2 1897 1937 411
726 2 1842 1516 1213
727 1 1498 243 1510 1335
728 1 256
729 1 820 1751 647 1180 389
730 2 1646 1940
731 1 1507 623 1257 242 1060
732 2 1559
733 1 1882
734 2 154
735 2 175
736 2 921
737 1 158 1199 313 232 265
738 2 1817 756 819 248 1443
739 2 837
740 1 1092 1339 304 1047 1573
741 1 150
742 1 1233 178 1647 1073
743 2 241 6 459
744 2 418 1351 1731 245 1462
745 1 732 1921 154 829 1967
746 2 1816
747 2 513 1450 324
748 2 1417 798 922 479
749 1 211
750 1 1955 1144 416 202
751 1 1986
752 2 333 1665 400 921
753 2 287 1173 1940 1398 155
754 1 248 310 647 1540
755 2 1986 1999 362 663
756 2 816 591
757 2 1024 1490 654
758 2 771 173 1230 177
759 2 532
760 1 896 221
761 2 944 939 28 104
762 2 1874 350
763 2 756
764 2 1409 1540 1416
765 2 774 994
766 2 630
767 2 1511 693 1544 1066
768 1 1167 388 1290
769 2 1921 1655 1040 1455
770 2 456 432 268 195
771 2 1103 783
772 2 694 1087 875
773 1 1375 57 1959 586 411
774 1 691 1171 368 1528 16
775 2 313
776 2 1531 207 891 848 1262
777 1 1653 1026 228 212 1256
778 2 1286 178 1668
779 2 76 1868 1141
780 2 650 76 874
781 2 1474 715 1283 1131
782 1 1150 600
783 1 1255 1445 337 713
784 2 529 649 320
785 2 1784 717 712 636
786 2 167 123 80
787 2 1021 554 216 1608
788 1 226 451
789 1 1051 761
790 2 275 804 5 1701
791 1 970 671 1675 662 486
792 2 498 1123 1773
793 1 1309 918 1811 1510 796
794 2 1912 846 303 818
795 2 802 143 1205 127 1121
796 2 1325
797 2 1021 569 1999
798 1 788 1749
799 2 56
800 1 593 1379 1135
801 1 462
802 2 791 540 1912 1746
803 2 1710 455 1976
804 1 386
805 1 682 320
806 1 917 1535
807 1 1576
808 1 1241 739 1529
809 2 486 194 671 1021 1360
810 2 276 1597
811 1 606 962 1251 509 344
812 1 425 64 1395 1093 413
813 2 673 148 1200 254 1385
814 2 1278 1582 231 407
815 2 1966 1735 1734 153
816 2 675
817 1 57 1788 1865 1871
818 2 393 1544 1868 486 737
819 2 1625 1327 496 86
820 1 1819 1962 555
821 2 1980 1790 33 650 1536
822 2 1480 665 1115 1740
823 1 1876 1497 1536 340 195
824 1 156 192 861 1650
825 2 527 886
826 2 85 1199
827 1 310 1343 320 1156 1441
828 1 1143
829 2 860 193 8 985
830 2 419 1960 472
831 1 687 1829 1994
832 1 837
833 1 9 1011 813 1381
834 2 597
835 2 1435
836 2 346
837 2 1616 444
838 1 771 1462 1049
839 2 1372 1278 899
840 2 849 1887 1791 687
841 2 1224 1031 1865 1660 178
842 1 833 824 1943
843 2 1173 103
844 2 1007 1780
845 1 1783 819 1909 1476 714
846 2 880
847 2 604 1748 1510 576 1843
848 1 897
849 2 209 610 239
850 1 1422 139
851 2 1289 1172 344 1414
852 2 861 1496 1991 1227 1119
853 2 239 46 421
854 2 1891 826 662 1707
855 1 505 789 866 1762 1671
856 2 1761 1498 600 1208 1499
857 1 1999 253 1580 1515
858 1 1410 1417
859 1 630 841
860 1 837 460 1228
861 1 1972 217 571 1676 1242
862 1 582
863 2 1095 573 1833
864 1 1152 96
865 1 1965 1280
866 1 1857
867 2 1898 430 1748 1230
868 2 647 1886 738 1198 112
869 2 1728
870 2 476 1639 942
871 1 1644 1133 1869 1247
872 2 1901 1447 649 1525
873 1 541
874 1 483
875 2 1404 1402 937 1246 1002
876 1 1686 840
877 1 507 66 1336 1145 540
878 2 1553 664 659
879 2 735 210
880 1 568 335 598 1442 757
881 1 500 288 1821 1238 942
882 1 1904
883 1 1246 225
884 1 295 1101 87
885 1 1959
886 1 1663 1098
887 2 1638 1505 1814 528 507
888 2 440 1679 1554
889 2 1490 186 618
890 1 1065 1672 532
891 1 1023 1248 107
892 1 758 48
893 2 1406 284
894 1 17 1633
895 2 1887 366 1419
896 1 1986 884 1303 1932
897 2 1009
898 2 1900 1400 1936
899 2 1053 1828
900 2 1920 480 894 1093
901 2 1938 1718 1133
902 1 1034 968
903 2 617 492 1364 928 951
904 2 1351 596 1776
905 2 1343 986 641 287 477
906 2 28 1196
907 1 1778 1209 965
908 2 925
909 2 975
910 1 411
911 1 648 1575 1103
912 1 516
913 1 1754
914 1 1831 465 416 261
915 2 875 454 1767 927 1488
916 1 622 1421 1295
917 1 794
918 2 66 1086
919 1 1612 1438 1911
920 2 1906 285 1644 304 611
921 1 661
922 2 547 1923 830
923 1 1464 1679 631 1205
924 2 307 840
925 1 1399 1202 1491 1182 622
926 1 1973
927 2 1223 569 1495 1792 1114
928 1 419 1817 210
929 2 1573 1124
930 1 680 1671
931 1 1763 1180 1396 839
932 2 48 1873
933 1 546 1579 1099
934 1 1748 531 281 1778
935 2 1701 1677 1211 1347
936 2 234 988 84
937 2 1283 1701
938 2 543 502 1318 1725 1574
939 1 1707
940 2 535 1454 281 1691 602
941 2 578 127 1351
942 2 178 248 1495
943 2 699
944 1 585
945 2 308
946 2 981 811 145 330
947 2 383 1459
948 2 1556
949 1 1685 1273 893 178
950 2 1645 1649 1
951 2 71 1520
952 1 588 1973 1443 1391
953 2 155 1543 547 478 1506
954 1 343 1883 311
955 1 739 1220 296 336
956 1 1057 609
957 1 1496 1015 1166 1105
958 2 1873 1859
959 2 1256 507 4 623 239
960 2 197 1213
961 1 389
962 2 496 1919
963 2 247 1304 1778
964 2 1235 1671
965 1 1383 995 1710 1232 1714
966 2 1496 1244
967 2 12 834 1264 1651 798
968 2 1110 485 1001
969 2 1810
970 2 1546 60 1371
971 1 1361 1442 1297
972 2 379 1452 540 1238 833
973 1 1716 1265 94 898 924
974 2 1662 1717 1757 1435 1511
975 1 454
976 1 1525
977 1 1327 9 1721
978 2 297 1689
979 1 1742 1853
980 2 742
981 1 153 643
982 2 1027
983 1 1037 154 1824
984 1 1 1692
985 1 1259 269
986 1 324 1954 436
987 1 1238 840 1588
988 2 1730 972 1100
989 1 1134 1999 60
990 2 101 934 1286 1552
991 2 661 405 1871
992 1 1791 1274 18 1596
993 1 1947 299
994 1 692
995 2 381 1902 647 1945
996 2 1963
997 2 261 1940
998 1 1281
999 1 331 1641 794
1000 1 1696 1373 1197
