101 2
1 2 579
2 2 854
3 1 318
4 2 653
5 2 653
6 1 738
7 2 690
8 2 249
9 2 762
10 1 618
11 2 630
12 2 246
13 1 720
14 2 553
15 1 708
16 2 315
17 2 490
18 1 666
19 1 367
20 1 842
21 1 499
22 2 949
23 2 45
24 2 996
25 1 971
26 2 207
27 1 783
28 2 686
29 1 919
30 2 346
31 1 143
32 1 896
33 1 405
34 2 120
35 2 842
36 2 172
37 2 268
38 2 893
39 1 653
40 1 323
41 2 439
42 2 166
43 1 250
44 2 950
45 2 512
46 1 231
47 2 646
48 1 781
49 2 895
50 2 634
51 1 715
52 1 591
53 2 723
54 1 715
55 1 206
56 1 223
57 2 28
58 2 405
59 2 154
60 1 191
61 1 584
62 2 179
63 2 776
64 2 252
65 2 636
66 2 28
67 2 314
68 2 159
69 2 292
70 2 840
71 1 793
72 2 979
73 1 51
74 1 922
75 2 109
76 1 230
77 2 114
78 1 142
79 2 605
80 1 886
81 1 125
82 1 498
83 2 816
84 2 835
85 2 108
86 2 991
87 1 217
88 2 645
89 2 694
90 1 778
91 2 137
92 1 31
93 1 44
94 2 329
95 2 75
96 2 311
97 1 518
98 2 364
99 2 845
100 2 637
101 1 397
1 278 79
2 167 74
1 2 43 18 44 62 39
2 1 87 51 81 96
3 2 17 90 58 41 43
4 1 10
5 1 3 26 72 15
6 1 85
7 1 54
8 2 5
9 2 29 52 56
10 1 68 55 101
11 1 5 23 38 32
12 2 48 50 38 16 39
13 1 28 32 79 49 85
14 1 29 101 52 67
15 1 64 54 4
16 1 55 91 65
17 2 80
18 2 42 82
19 1 59 81 56 27 29
20 2 95
21 2 11
22 2 94 31 19 39 41
23 1 16
24 2 101 12
25 1 10
26 2 73 67
27 2 49 92 31 34 27
28 2 30 1 23
29 2 76 2
30 1 27
31 1 8
32 1 42 100 38 75 45
33 1 88 24 76 53
34 1 100 74 91 30 83
35 1 7 78 75
36 2 68 69 10 35 55
37 1 5 31 8
38 2 84 99 57 18
39 2 49 47 94 17 45
40 2 34 57 97
41 2 67
42 1 82 12
43 1 99 51 37 25
44 2 71 79 31 48
45 1 20 5 38 48
46 1 65 18 61
47 2 4 38 19 78
48 1 14 92 79 70
49 2 61 3 58
50 2 65
51 1 15 8 67
52 1 59
53 1 12 69 49 61 39
54 1 71 63 50 27
55 2 100
56 1 50 14 59
57 1 38
58 1 15 11 6
59 1 99 3 52 37 14
60 2 68 56 82 26
61 2 2 44 70
62 2 70
63 2 69 23
64 2 23
65 1 41 93 51
66 1 10 95
67 2 6 77 51
68 2 5
69 2 40
70 1 58 97 98 25 81
71 1 52 8
72 1 24 6 101 69
73 1 78 31
74 1 11 2 18
75 2 62 85 82
76 2 74 5
77 2 27
78 1 6 32 42 73
79 2 39 15 101
80 1 95
81 2 65 28 69
82 2 44
83 2 37 82 29 62
84 1 12 74
85 2 41 101
86 1 100
87 1 66 94 10 90 75
88 1 97
89 2 85 15 63 72
90 2 81 30 60 100
91 2 64 67 93 47 8
92 2 60 42 14 94
93 2 99 38 18 79
94 1 65 18 54 70
95 2 28 90 65 15
96 2 45 60
97 1 65
98 2 95 51 9 2 54
99 1 2 50
100 1 76 84 33
101 2 51 79 32 24
102 1 61 37 74 85
103 2 41 2 50 82
104 2 27
105 2 6 93 12
106 2 66 45 96 70
107 2 18
108 2 50 46
109 1 55
110 2 45 18 86 101 5
111 2 12 90 20
112 1 29 63
113 1 21 5 100 37 86
114 1 25 59
115 2 7 83 31
116 2 95 75 79 85 97
117 2 31 23
118 1 84
119 1 26
120 2 69
121 1 55
122 2 22 37 70
123 2 46 92 81
124 2 43 79
125 2 87 97
126 2 1 70 33 100
127 2 20
128 1 99 67
129 1 88 15
130 1 12 17 81 86 35
131 2 81 52 33 22
132 2 88 13 3 49
133 2 1
134 1 20 75 91 85 36
135 1 68 80 58
136 2 9
137 1 91 26 14
138 2 72 26
139 2 69 29 67
140 1 57
141 1 88 43 36
142 2 83 37 3 15 16
143 1 96
144 1 54 64 44
145 1 45 96 8 67 57
146 1 72
147 1 95 62 47 5 3
148 1 59 83 15 90 92
149 2 42 29
150 1 8 91 2 83 86
151 2 11 33 64
152 2 78 99
153 1 91 95 50
154 1 22 76
155 2 88 33 73 67 93
156 2 31 41
157 2 53 42
158 1 48 79 45 81 94
159 2 74 67
160 1 44 33 82 65
161 1 69 92 77 47
162 1 76 99 33 34 41
163 2 73 55 85
164 2 15 48 63 12 10
165 1 20
166 2 80 38
167 2 9 71 52
168 1 13
169 1 44 40 84 99
170 1 77
171 2 54 44 75 56 92
172 1 97 89
173 2 44 52 24 69
174 2 2 21 40 101
175 1 2 63
176 1 33 76 60 64
177 1 51 33
178 1 80 12
179 1 54 99 7 14 98
180 1 10 43 93 83
181 2 11 23 77 40
182 2 89
183 2 54 16 7
184 2 13 61 66 35
185 2 84 68 85 91
186 2 14 63
187 2 77 91 59
188 1 37
189 1 95 56
190 1 49 84 18
191 2 31 52 67 62
192 1 76 63 19
193 1 30 6 62
194 2 45
195 2 47 68 99 1
196 2 17 90
197 1 23
198 1 70 95 13
199 1 19 87 88 78 95
200 2 5 64
